 0.10000500000000001      0.00019259733636534711    
  0.10001      0.00019260729928356757    
  0.100015      0.00019261726225169168    
  0.10002000000000001      0.00019262722526980098    
  0.100025      0.00019263718833776016    
  0.10003000000000001      0.0001926471514557722    
  0.100035      0.00019265711462365664    
  0.10004      0.00019266707784154017    
  0.10004500000000001      0.00019267704110934383    
  0.10005      0.0001926870044270954    
  0.100055      0.00019269696779481305    
  0.10006000000000001      0.00019270693121248034    
  0.100065      0.00019271689468011634    
  0.10007      0.00019272685819772713    
  0.10007500000000001      0.000192736821765278    
  0.10008      0.00019274678538278456    
  0.10008500000000001      0.00019275674905030755    
  0.10009000000000001      0.0001927667127677923    
  0.100095      0.0001927766765352206    
  0.10010000000000001      0.0001927866403526454    
  0.100105      0.0001927966042200701    
  0.10011      0.0001928065681374349    
  0.10011500000000001      0.00019281653210482218    
  0.10012      0.0001928264961221695    
  0.100125      0.00019283646018951415    
  0.10013000000000001      0.00019284642430685787    
  0.100135      0.00019285638847418678    
  0.10014      0.0001928663526915052    
  0.10014500000000001      0.00019287631695885394    
  0.10015      0.00019288628127619913    
  0.10015500000000001      0.00019289624564352778    
  0.10016      0.0001929062100608763    
  0.100165      0.00019291617452825167    
  0.10017000000000001      0.00019292613904557838    
  0.100175      0.00019293610361293973    
  0.10018      0.000192946068230373    
  0.10018500000000001      0.0001929560328977854    
  0.10019      0.00019296599761523762    
  0.100195      0.00019297596238271927    
  0.10020000000000001      0.0001929859272001514    
  0.100205      0.0001929958920677188    
  0.10021000000000001      0.00019300585698530173    
  0.100215      0.0001930158219528846    
  0.10022      0.00019302578697048389    
  0.10022500000000001      0.00019303575203814382    
  0.10023      0.00019304571715582364    
  0.100235      0.00019305568232360227    
  0.10024000000000001      0.00019306564754137823    
  0.100245      0.00019307561280926776    
  0.10025      0.00019308557812718237    
  0.10025500000000001      0.0001930955434951429    
  0.10026      0.00019310550891311808    
  0.100265      0.0001931154743811704    
  0.10027000000000001      0.00019312543989931635    
  0.100275      0.0001931354054675082    
  0.10028000000000001      0.0001931453710857815    
  0.100285      0.00019315533675411545    
  0.10029      0.0001931653024725066    
  0.10029500000000001      0.0001931752682410191    
  0.1003      0.0001931852340595246    
  0.100305      0.00019319519992816534    
  0.10031000000000001      0.0001932051658468971    
  0.100315      0.00019321513181569817    
  0.10032      0.00019322509783458158    
  0.10032500000000001      0.00019323506390354211    
  0.10033      0.00019324503002261968    
  0.10033500000000001      0.0001932549961917683    
  0.10034      0.00019326496241100968    
  0.100345      0.0001932749286803672    
  0.10035000000000001      0.00019328489499984784    
  0.100355      0.00019329486136940213    
  0.10036      0.00019330482778907258    
  0.10036500000000001      0.00019331479425883924    
  0.10037      0.00019332476077872987    
  0.100375      0.00019333472734871758    
  0.10038000000000001      0.0001933446939688119    
  0.100385      0.00019335466063901373    
  0.10039000000000001      0.00019336462735940283    
  0.10039500000000001      0.00019337459412985952    
  0.1004      0.0001933845609504905    
  0.10040500000000001      0.00019339452782119598    
  0.10041      0.00019340449474205233    
  0.100415      0.00019341446171308556    
  0.10042000000000001      0.00019342442873417423    
  0.100425      0.0001934343958054762    
  0.10043      0.00019344436292686226    
  0.10043500000000001      0.00019345433009840436    
  0.10044      0.00019346429732010426    
  0.100445      0.00019347426459198104    
  0.10045000000000001      0.00019348423191394362    
  0.100455      0.00019349419928612385    
  0.10046000000000001      0.00019350416670843758    
  0.100465      0.00019351413418089262    
  0.10047      0.00019352410170351067    
  0.10047500000000001      0.00019353406927628738    
  0.10048      0.00019354403689923836    
  0.100485      0.0001935540045723957    
  0.10049000000000001      0.00019356397229567442    
  0.100495      0.00019357394006911093    
  0.1005      0.0001935839078927703    
  0.10050500000000001      0.00019359387576657443    
  0.10051      0.00019360384369058407    
  0.10051500000000001      0.00019361381166479747    
  0.10052000000000001      0.0001936237796891149    
  0.100525      0.0001936337477637046    
  0.10053000000000001      0.00019364371588841654    
  0.100535      0.00019365368406334873    
  0.10054      0.00019366365228849682    
  0.10054500000000001      0.00019367362056383394    
  0.10055      0.00019368358888937828    
  0.100555      0.00019369355726507522    
  0.10056000000000001      0.00019370352569101582    
  0.100565      0.00019371349416719488    
  0.10057      0.00019372346269355776    
  0.10057500000000001      0.00019373343127009578    
  0.10058      0.00019374339989689827    
  0.10058500000000001      0.00019375336857390454    
  0.10059      0.00019376333730111803    
  0.100595      0.00019377330607855698    
  0.10060000000000001      0.0001937832749061832    
  0.100605      0.00019379324378412683    
  0.10061      0.00019380321271223952    
  0.10061500000000001      0.00019381318169061496    
  0.10062      0.00019382315071918114    
  0.100625      0.00019383311979801095    
  0.10063000000000001      0.0001938430889271087    
  0.100635      0.00019385305810641195    
  0.10064000000000001      0.00019386302733598142    
  0.10064500000000001      0.0001938729966157746    
  0.10065      0.00019388296594582445    
  0.10065500000000001      0.0001938929353261197    
  0.10066      0.00019390290475668377    
  0.100665      0.00019391287423752967    
  0.10067000000000001      0.0001939228437685854    
  0.100675      0.00019393281334993337    
  0.10068      0.0001939427829815094    
  0.10068500000000001      0.00019395275266339673    
  0.10069      0.00019396272239552512    
  0.100695      0.00019397269217793448    
  0.10070000000000001      0.00019398266201061266    
  0.100705      0.0001939926318935926    
  0.10071000000000001      0.00019400260182685352    
  0.100715      0.00019401257181036503    
  0.10072      0.00019402254184414797    
  0.10072500000000001      0.00019403251192826043    
  0.10073      0.00019404248206264518    
  0.100735      0.00019405245224729788    
  0.10074000000000001      0.00019406242248228445    
  0.100745      0.00019407239276752943    
  0.10075      0.0001940823631031213    
  0.10075500000000001      0.00019409233348897156    
  0.10076      0.0001941023039251531    
  0.10076500000000001      0.00019411227441161125    
  0.10077      0.0001941222449484371    
  0.100775      0.0001941322155355153    
  0.10078000000000001      0.0001941421861729048    
  0.100785      0.00019415215686063685    
  0.10079      0.00019416212759868108    
  0.10079500000000001      0.00019417209838704704    
  0.1008      0.00019418206922577202    
  0.100805      0.00019419204011478664    
  0.10081000000000001      0.00019420201105410564    
  0.100815      0.00019421198204379927    
  0.10082      0.00019422195308380248    
  0.10082500000000001      0.00019423192417416558    
  0.10083      0.00019424189531485562    
  0.10083500000000001      0.000194251866505883    
  0.10084      0.0001942618377473006    
  0.100845      0.00019427180903894368    
  0.10085000000000001      0.00019428178038098654    
  0.100855      0.00019429175177344046    
  0.10086      0.00019430172321620483    
  0.10086500000000001      0.0001943116947093291    
  0.10087      0.00019432166625285054    
  0.100875      0.0001943316378466677    
  0.10088000000000001      0.00019434160949089938    
  0.100885      0.00019435158118545712    
  0.10089000000000001      0.0001943615529303921    
  0.100895      0.00019437152472570347    
  0.1009      0.00019438149657136257    
  0.10090500000000001      0.0001943914684674787    
  0.10091      0.00019440144041388448    
  0.100915      0.00019441141241069958    
  0.10092000000000001      0.00019442138445794135    
  0.100925      0.00019443135655552047    
  0.10093      0.00019444132870347335    
  0.10093500000000001      0.00019445130090184684    
  0.10094      0.00019446127315062185    
  0.10094500000000001      0.0001944712454497663    
  0.10095000000000001      0.00019448121779934349    
  0.100955      0.00019449119019929618    
  0.10096000000000001      0.00019450116264962177    
  0.100965      0.0001945111351504148    
  0.10097      0.00019452110770161717    
  0.10097500000000001      0.00019453108030317856    
  0.10098      0.000194541052955138    
  0.100985      0.00019455102565759438    
  0.10099000000000001      0.0001945609984104167    
  0.100995      0.00019457097121366486    
  0.101      0.00019458094406733881    
  0.10100500000000001      0.00019459091697142817    
  0.10101      0.0001946008899259789    
  0.10101500000000001      0.0001946108629309112    
  0.10102      0.00019462083598627538    
  0.101025      0.00019463080909208792    
  0.10103000000000001      0.0001946407822483948    
  0.101035      0.00019465075545507717    
  0.10104      0.00019466072871221398    
  0.10104500000000001      0.00019467070201979568    
  0.10105      0.0001946806753778509    
  0.101055      0.00019469064878631804    
  0.10106000000000001      0.00019470062224524656    
  0.101065      0.0001947105957546512    
  0.10107000000000001      0.00019472056931451806    
  0.101075      0.00019473054292480207    
  0.10108      0.00019474051658558388    
  0.10108500000000001      0.00019475049029684787    
  0.10109      0.0001947604640585212    
  0.101095      0.00019477043787072441    
  0.10110000000000001      0.0001947804117333569    
  0.101105      0.00019479038564649848    
  0.10111      0.00019480035961007714    
  0.10111500000000001      0.00019481033362415794    
  0.10112      0.00019482030768867842    
  0.101125      0.00019483028180372793    
  0.10113000000000001      0.00019484025596929345    
  0.101135      0.0001948502301853264    
  0.10114000000000001      0.00019486020445177478    
  0.101145      0.00019487017876883457    
  0.10115      0.0001948801531363037    
  0.10115500000000001      0.00019489012755434434    
  0.10116      0.00019490010202282988    
  0.101165      0.00019491007654183143    
  0.10117000000000001      0.0001949200511113386    
  0.101175      0.00019493002573139386    
  0.10118      0.00019494000040190008    
  0.10118500000000001      0.00019494997512298738    
  0.10119      0.000194959949894569    
  0.10119500000000001      0.00019496992471665538    
  0.1012      0.0001949798995892404    
  0.101205      0.00019498987451240218    
  0.10121000000000001      0.00019499984948603572    
  0.101215      0.00019500982451022865    
  0.10122      0.00019501979958491157    
  0.10122500000000001      0.00019502977471020592    
  0.10123      0.0001950397498859946    
  0.101235      0.00019504972511236    
  0.10124000000000001      0.0001950597003892024    
  0.101245      0.00019506967571664407    
  0.10125      0.00019507965109458267    
  0.10125500000000001      0.00019508962652307546    
  0.10126      0.0001950996020021363    
  0.10126500000000001      0.00019510957753177127    
  0.10127      0.00019511955311193093    
  0.101275      0.00019512952874263783    
  0.10128000000000001      0.00019513950442395008    
  0.101285      0.00019514948015580177    
  0.10129      0.0001951594559382562    
  0.10129500000000001      0.00019516943177122058    
  0.1013      0.00019517940765479466    
  0.101305      0.0001951893835889073    
  0.10131000000000001      0.00019519935957360967    
  0.101315      0.00019520933560889485    
  0.10132000000000001      0.0001952193116947958    
  0.101325      0.0001952292878312483    
  0.10133      0.00019523926401831138    
  0.10133500000000001      0.00019524924025587486    
  0.10134      0.00019525921654411395    
  0.101345      0.00019526919288295145    
  0.10135000000000001      0.00019527916927233012    
  0.101355      0.00019528914571235578    
  0.10136      0.0001952991222029729    
  0.10136500000000001      0.00019530909874417978    
  0.10137      0.00019531907533598854    
  0.101375      0.00019532905197840698    
  0.10138000000000001      0.00019533902867146114    
  0.101385      0.0001953490054150929    
  0.10139000000000001      0.00019535898220938725    
  0.101395      0.00019536895905427395    
  0.1014      0.00019537893594973824    
  0.10140500000000001      0.00019538891289588509    
  0.10141      0.00019539888989262514    
  0.101415      0.0001954088669400061    
  0.10142000000000001      0.00019541884403804794    
  0.101425      0.00019542882118668559    
  0.10143      0.00019543879838595287    
  0.10143500000000001      0.00019544877563587582    
  0.10144      0.0001954587529364414    
  0.10144500000000001      0.00019546873028758894    
  0.10145      0.00019547870768945978    
  0.101455      0.00019548868514198455    
  0.10146000000000001      0.0001954986626451112    
  0.101465      0.00019550864019890046    
  0.10147      0.00019551861780332542    
  0.10147500000000001      0.00019552859545845895    
  0.10148      0.0001955385731642438    
  0.101485      0.00019554855092067565    
  0.10149000000000001      0.00019555852872777703    
  0.101495      0.0001955685065855228    
  0.1015      0.0001955784844939563    
  0.10150500000000001      0.00019558846245308886    
  0.10151      0.00019559844046282936    
  0.10151500000000001      0.00019560841852330878    
  0.10152      0.00019561839663444908    
  0.101525      0.0001956283747962615    
  0.10153000000000001      0.00019563835300878425    
  0.101535      0.0001956483312719852    
  0.10154      0.00019565830958584787    
  0.10154500000000001      0.00019566828795041132    
  0.10155      0.00019567826636568853    
  0.101555      0.00019568824483164743    
  0.10156000000000001      0.00019569822334833831    
  0.101565      0.0001957082019156866    
  0.10157000000000001      0.00019571818053374344    
  0.101575      0.00019572815920254356    
  0.10158      0.0001957381379219976    
  0.10158500000000001      0.0001957481166922218    
  0.10159      0.00019575809551314934    
  0.101595      0.00019576807438476378    
  0.10160000000000001      0.00019577805330716052    
  0.101605      0.00019578803228022246    
  0.10161      0.0001957980113039817    
  0.10161500000000001      0.00019580799037853015    
  0.10162      0.00019581796950377244    
  0.10162500000000001      0.0001958279486797736    
  0.10163      0.00019583792790651283    
  0.101635      0.00019584790718396323    
  0.10164000000000001      0.00019585788651217597    
  0.101645      0.00019586786589109555    
  0.10165      0.0001958778453208165    
  0.10165500000000001      0.00019588782480124255    
  0.10166      0.0001958978043323763    
  0.101665      0.0001959077839143288    
  0.10167000000000001      0.00019591776354701065    
  0.101675      0.00019592774323040803    
  0.10168      0.0001959377229646432    
  0.10168500000000001      0.00019594770274960777    
  0.10169      0.00019595768258532167    
  0.10169500000000001      0.0001959676624718222    
  0.1017      0.0001959776424091007    
  0.101705      0.00019598762239713807    
  0.10171000000000001      0.0001959976024359586    
  0.101715      0.00019600758252555275    
  0.10172      0.000196017562665924    
  0.10172500000000001      0.00019602754285706191    
  0.10173      0.0001960375230989379    
  0.101735      0.00019604750339166557    
  0.10174000000000001      0.0001960574837351712    
  0.101745      0.0001960674641294912    
  0.10175000000000001      0.00019607744457457443    
  0.101755      0.0001960874250704547    
  0.10176      0.000196097405617132    
  0.10176500000000001      0.00019610738621460115    
  0.10177      0.00019611736686290984    
  0.101775      0.0001961273475620199    
  0.10178000000000001      0.00019613732831190098    
  0.101785      0.00019614730911261813    
  0.10179      0.0001961572899641488    
  0.10179500000000001      0.00019616727086649473    
  0.1018      0.0001961772518196776    
  0.101805      0.0001961872328236202    
  0.10181000000000001      0.00019619721387842144    
  0.101815      0.0001962071949840544    
  0.10182000000000001      0.0001962171761405035    
  0.101825      0.00019622715734775916    
  0.10183      0.00019623713860589254    
  0.10183500000000001      0.00019624711991486285    
  0.10184      0.00019625710127465536    
  0.101845      0.00019626708268529    
  0.10185000000000001      0.00019627706414678155    
  0.101855      0.00019628704565909788    
  0.10186      0.00019629702722228064    
  0.10186500000000001      0.0001963070088363229    
  0.10187      0.0001963169905011856    
  0.10187500000000001      0.00019632697221691128    
  0.10188      0.00019633695398350338    
  0.101885      0.0001963469358009784    
  0.10189000000000001      0.0001963569176692626    
  0.101895      0.0001963668995884375    
  0.1019      0.00019637688155852394    
  0.10190500000000001      0.00019638686357942997    
  0.10191      0.00019639684565120243    
  0.101915      0.00019640682777389597    
  0.10192000000000001      0.00019641680994739608    
  0.101925      0.00019642679217186237    
  0.10193      0.00019643677444713525    
  0.101935      0.00019644675677333873    
  0.10194      0.0001964567391504286    
  0.10194500000000001      0.00019646672157836928    
  0.10195      0.00019647670405725706    
  0.101955      0.00019648668658699565    
  0.10196000000000001      0.00019649666916761975    
  0.101965      0.00019650665179919702    
  0.10197      0.00019651663448166413    
  0.10197500000000001      0.00019652661721504452    
  0.10198      0.00019653659999928786    
  0.101985      0.00019654658283447916    
  0.10199000000000001      0.00019655656572056032    
  0.101995      0.0001965665486576007    
  0.10200000000000001      0.00019657653164548324    
  0.102005      0.00019658651468431806    
  0.10201      0.00019659649777407744    
  0.10201500000000001      0.00019660648091476308    
  0.10202      0.0001966164641063941    
  0.102025      0.00019662644734895138    
  0.10203000000000001      0.00019663643064241586    
  0.102035      0.00019664641398683003    
  0.10204      0.00019665639738217916    
  0.10204500000000001      0.0001966663808284537    
  0.10205      0.00019667636432570742    
  0.102055      0.00019668634787386226    
  0.10206000000000001      0.0001966963314729833    
  0.102065      0.000196706315123054    
  0.10207000000000001      0.00019671629882409957    
  0.102075      0.0001967262825760801    
  0.10208      0.00019673626637904326    
  0.10208500000000001      0.00019674625023288674    
  0.10209      0.0001967562341377415    
  0.102095      0.00019676621809359193    
  0.10210000000000001      0.00019677620210039638    
  0.102105      0.00019678618615812798    
  0.10211      0.0001967961702668622    
  0.10211500000000001      0.00019680615442655477    
  0.10212      0.00019681613863724821    
  0.10212500000000001      0.0001968261228988532    
  0.10213      0.00019683610721150935    
  0.102135      0.0001968460915751421    
  0.10214000000000001      0.00019685607598976876    
  0.102145      0.00019686606045533819    
  0.10215      0.00019687604497191282    
  0.10215500000000001      0.0001968860295395265    
  0.10216      0.00019689601415810113    
  0.102165      0.000196905998827707    
  0.10217000000000001      0.00019691598354827384    
  0.102175      0.0001969259683198511    
  0.10218      0.00019693595314246477    
  0.102185      0.00019694593801607152    
  0.10219      0.0001969559229406618    
  0.10219500000000001      0.0001969659079163041    
  0.1022      0.0001969758929429126    
  0.102205      0.00019698587802058874    
  0.10221000000000001      0.00019699586314927183    
  0.102215      0.00019700584832896186    
  0.10222      0.00019701583355971608    
  0.10222500000000001      0.0001970258188414382    
  0.10223      0.00019703580417425402    
  0.102235      0.00019704578955808457    
  0.10224      0.00019705577499292207    
  0.102245      0.00019706576047882896    
  0.10225000000000001      0.00019707574601573671    
  0.102255      0.00019708573160375983    
  0.10226      0.00019709571724276734    
  0.10226500000000001      0.00019710570293282777    
  0.10227      0.00019711568867400702    
  0.102275      0.00019712567446616286    
  0.10228000000000001      0.00019713566030941931    
  0.102285      0.00019714564620368791    
  0.10229      0.0001971556321490285    
  0.10229500000000001      0.0001971656181454541    
  0.1023      0.00019717560419291874    
  0.10230500000000001      0.00019718559029148486    
  0.10231      0.00019719557644113078    
  0.102315      0.00019720556264180358    
  0.10232000000000001      0.00019721554889357614    
  0.102325      0.0001972255351964259    
  0.10233      0.00019723552155035805    
  0.10233500000000001      0.00019724550795532578    
  0.10234      0.00019725549441147825    
  0.102345      0.00019726548091865762    
  0.10235000000000001      0.00019727546747691765    
  0.102355      0.00019728545408629825    
  0.10236      0.00019729544074671267    
  0.10236500000000001      0.0001973054274582867    
  0.10237      0.00019731541422097348    
  0.10237500000000001      0.00019732540103475568    
  0.10238      0.00019733538789959426    
  0.102385      0.0001973453748155933    
  0.10239000000000001      0.0001973553617826869    
  0.102395      0.00019736534880087243    
  0.1024      0.00019737533587019847    
  0.10240500000000001      0.00019738532299062254    
  0.10241      0.00019739531016219145    
  0.102415      0.00019740529738484537    
  0.10242000000000001      0.00019741528465864848    
  0.102425      0.00019742527198356088    
  0.10243000000000001      0.00019743525935960946    
  0.102435      0.0001974452467867812    
  0.10244      0.0001974552342651351    
  0.10244500000000001      0.00019746522179460088    
  0.10245      0.00019747520937518897    
  0.102455      0.00019748519700695313    
  0.10246000000000001      0.00019749518468981618    
  0.102465      0.00019750517242386832    
  0.10247      0.00019751516020904275    
  0.10247500000000001      0.00019752514804537678    
  0.10248      0.00019753513593286955    
  0.102485      0.00019754512387153925    
  0.10249      0.0001975551118613434    
  0.102495      0.00019756509990230455    
  0.10250000000000001      0.0001975750879944279    
  0.102505      0.0001975850761377464    
  0.10251      0.00019759506433218547    
  0.10251500000000001      0.00019760505257784746    
  0.10252      0.0001976150408746595    
  0.102525      0.00019762502922266584    
  0.10253000000000001      0.00019763501762182136    
  0.102535      0.00019764500607215296    
  0.10254      0.0001976549945737439    
  0.10254500000000001      0.00019766498312642333    
  0.10255      0.00019767497173036903    
  0.10255500000000001      0.0001976849603854674    
  0.10256      0.00019769494909176264    
  0.102565      0.00019770493784924438    
  0.10257      0.00019771492665796812    
  0.102575      0.0001977249155178367    
  0.10258      0.00019773490442897852    
  0.102585      0.00019774489339125737    
  0.10259      0.00019775488240479384    
  0.10259499999999999      0.00019776487146950811    
  0.1026      0.00019777486058545138    
  0.102605      0.00019778484975262016    
  0.10260999999999999      0.00019779483897102487    
  0.102615      0.0001978048282406204    
  0.10262      0.00019781481756142583    
  0.102625      0.00019782480693346025    
  0.10263      0.00019783479635674013    
  0.102635      0.00019784478583124553    
  0.10264      0.00019785477535703543    
  0.102645      0.00019786476493397365    
  0.10265      0.0001978747545622172    
  0.102655      0.00019788474424163507    
  0.10266      0.00019789473397235045    
  0.10266499999999999      0.0001979047237543304    
  0.10267      0.00019791471358751155    
  0.102675      0.00019792470347193124    
  0.10268      0.00019793469340766492    
  0.102685      0.0001979446833946007    
  0.10269      0.00019795467343286435    
  0.102695      0.00019796466352231794    
  0.1027      0.0001979746536630569    
  0.102705      0.00019798464385505261    
  0.10271      0.00019799463409830853    
  0.102715      0.0001980046243928498    
  0.10271999999999999      0.00019801461473870595    
  0.102725      0.00019802460513578153    
  0.10273      0.0001980345955841659    
  0.10273499999999999      0.00019804458608378966    
  0.10274      0.00019805457663478552    
  0.102745      0.00019806456723698    
  0.10275      0.00019807455789048935    
  0.102755      0.00019808454859531182    
  0.10276      0.00019809453935140317    
  0.102765      0.0001981045301587634    
  0.10277      0.00019811452101743676    
  0.102775      0.0001981245119274215    
  0.10278      0.00019813450288874365    
  0.102785      0.00019814449390134162    
  0.10278999999999999      0.00019815448496523363    
  0.102795      0.0001981644760804379    
  0.1028      0.00019817446724698217    
  0.102805      0.000198184458464804    
  0.10281      0.00019819444973396064    
  0.102815      0.000198204441054433    
  0.10282      0.0001982144324262367    
  0.102825      0.00019822442384939427    
  0.10283      0.0001982344153238216    
  0.102835      0.00019824440684963317    
  0.10284      0.0001982543984267813    
  0.10284499999999999      0.00019826439005521997    
  0.10285      0.0001982743817350134    
  0.102855      0.00019828437346611303    
  0.10286      0.00019829436524860123    
  0.102865      0.00019830435708241556    
  0.10287      0.00019831434896758378    
  0.102875      0.0001983243409041371    
  0.10288      0.000198334332891968    
  0.102885      0.0001983443249312265    
  0.10289      0.0001983543170217721    
  0.102895      0.00019836430916370974    
  0.10289999999999999      0.0001983743013569822    
  0.102905      0.00019838429360167185    
  0.10291      0.0001983942858977232    
  0.10291499999999999      0.00019840427824511803    
  0.10292      0.0001984142706438867    
  0.102925      0.00019842426309404134    
  0.10293      0.00019843425559556288    
  0.102935      0.00019844424814848775    
  0.10294      0.00019845424075278298    
  0.102945      0.00019846423340845725    
  0.10295      0.00019847422611547934    
  0.102955      0.000198484218873962    
  0.10296      0.00019849421168378813    
  0.102965      0.00019850420454501153    
  0.10296999999999999      0.00019851419745765906    
  0.102975      0.00019852419042167002    
  0.10298      0.0001985341834371112    
  0.102985      0.0001985441765039583    
  0.10299      0.00019855416962223042    
  0.102995      0.00019856416279184514    
  0.103      0.0001985741560129291    
  0.103005      0.00019858414928539646    
  0.10301      0.00019859414260927927    
  0.103015      0.00019860413598461833    
  0.10302      0.0001986141294113711    
  0.10302499999999999      0.00019862412288952289    
  0.10303      0.00019863411641910227    
  0.103035      0.00019864411000012662    
  0.10303999999999999      0.00019865410363259332    
  0.103045      0.00019866409731644774    
  0.10305      0.00019867409105174538    
  0.103055      0.0001986840848384984    
  0.10306      0.00019869407867673626    
  0.103065      0.00019870407256636878    
  0.10307      0.00019871406650743585    
  0.103075      0.00019872406049997564    
  0.10308      0.0001987340545439708    
  0.103085      0.00019874404863942218    
  0.10309      0.00019875404278632547    
  0.10309499999999999      0.00019876403698469193    
  0.1031      0.00019877403123454238    
  0.103105      0.0001987840255357632    
  0.10311      0.00019879401988849403    
  0.103115      0.00019880401429275048    
  0.10312      0.00019881400874841634    
  0.103125      0.00019882400325560434    
  0.10313      0.00019883399781421215    
  0.103135      0.00019884399242433258    
  0.10314      0.0001988539870859292    
  0.103145      0.00019886398179899938    
  0.10314999999999999      0.00019887397656358913    
  0.103155      0.00019888397137962904    
  0.10316      0.00019889396624717115    
  0.10316499999999999      0.00019890396116623455    
  0.10317      0.00019891395613676373    
  0.103175      0.00019892395115876822    
  0.10318      0.00019893394623231135    
  0.103185      0.00019894394135738444    
  0.10319      0.00019895393653388688    
  0.103195      0.00019896393176192968    
  0.1032      0.0001989739270414825    
  0.10320499999999999      0.00019898392237257916    
  0.10321      0.00019899391775514332    
  0.103215      0.00019900391318928255    
  0.10321999999999999      0.00019901390867488756    
  0.103225      0.00019902390421204768    
  0.10323      0.00019903389980072388    
  0.103235      0.00019904389544089188    
  0.10324      0.00019905389113266964    
  0.103245      0.00019906388687589063    
  0.10325      0.00019907388267070836    
  0.103255      0.0001990838785170283    
  0.10326      0.00019909387441492676    
  0.103265      0.00019910387036431183    
  0.10327      0.00019911386636529364    
  0.10327499999999999      0.0001991238624178245    
  0.10328      0.00019913385852185841    
  0.103285      0.0001991438546774969    
  0.10328999999999999      0.00019915385088466533    
  0.103295      0.0001991638471434097    
  0.1033      0.00019917384345370746    
  0.103305      0.00019918383981552823    
  0.10331      0.00019919383622897004    
  0.103315      0.00019920383269394007    
  0.10332      0.0001992138292105164    
  0.103325      0.00019922382577862354    
  0.10332999999999999      0.00019923382239832917    
  0.103335      0.0001992438190695613    
  0.10334      0.0001992538157924587    
  0.10334499999999999      0.00019926381256686262    
  0.10335      0.00019927380939292923    
  0.103355      0.00019928380627052232    
  0.10336      0.00019929380319975033    
  0.103365      0.00019930380018053084    
  0.10337      0.00019931379721291678    
  0.103375      0.00019932379429688472    
  0.10338      0.00019933379143245028    
  0.103385      0.0001993437886196655    
  0.10339      0.00019935378585843062    
  0.103395      0.00019936378314887315    
  0.10339999999999999      0.00019937378049083004    
  0.103405      0.00019938377788445826    
  0.10341      0.00019939377532970579    
  0.10341499999999999      0.00019940377282657695    
  0.10342      0.0001994137703750093    
  0.103425      0.0001994237679751147    
  0.10343      0.00019943376562681948    
  0.103435      0.0001994437633301713    
  0.10344      0.00019945376108516152    
  0.103445      0.0001994637588917424    
  0.10345      0.00019947375675000156    
  0.10345499999999999      0.00019948375465982885    
  0.10346      0.00019949375262137605    
  0.103465      0.00019950375063452954    
  0.10346999999999999      0.00019951374869931447    
  0.103475      0.00019952374681574906    
  0.10348      0.00019953374498385325    
  0.103485      0.00019954374320357675    
  0.10349      0.00019955374147496898    
  0.103495      0.00019956373979804036    
  0.1035      0.00019957373817274752    
  0.103505      0.00019958373659915117    
  0.10351      0.00019959373507716024    
  0.103515      0.00019960373360688143    
  0.10352      0.00019961373218824793    
  0.10352499999999999      0.00019962373082129878    
  0.10353      0.00019963372950602184    
  0.103535      0.0001996437282423989    
  0.10354      0.00019965372703048198    
  0.103545      0.00019966372587023728    
  0.10355      0.00019967372476168907    
  0.103555      0.00019968372370480613    
  0.10356      0.00019969372269961188    
  0.103565      0.00019970372174614014    
  0.10357      0.00019971372084431546    
  0.103575      0.00019972371999418728    
  0.10357999999999999      0.00019973371919577727    
  0.103585      0.00019974371844907936    
  0.10359      0.00019975371775408403    
  0.10359499999999999      0.00019976371711079126    
  0.1036      0.00019977371651918718    
  0.103605      0.00019978371597931689    
  0.10361      0.00019979371549114135    
  0.103615      0.00019980371505468747    
  0.10362      0.0001998137146699457    
  0.103625      0.0001998237143369377    
  0.10363      0.00019983371405566958    
  0.103635      0.00019984371382611443    
  0.10364      0.00019985371364825318    
  0.103645      0.00019986371352214132    
  0.10364999999999999      0.00019987371344776933    
  0.103655      0.00019988371342515628    
  0.10366      0.00019989371345421197    
  0.103665      0.00019990371353505523    
  0.10367      0.0001999137136676236    
  0.103675      0.0001999237138519544    
  0.10368      0.00019993371408803372    
  0.103685      0.0001999437143758694    
  0.10369      0.0001999537147154432    
  0.103695      0.00019996371510676986    
  0.1037      0.00019997371554989363    
  0.10370499999999999      0.00019998371604471304    
  0.10371      0.00019999371659137552    
  0.103715      0.00020000371718972582    
  0.10371999999999999      0.0002000137178398819    
  0.103725      0.00020002371854178826    
  0.10373      0.0002000337192954683    
  0.103735      0.00020004372010096888    
  0.10374      0.00020005372095820064    
  0.103745      0.00020006372186721477    
  0.10375      0.00020007372282800952    
  0.103755      0.00020008372384063347    
  0.10375999999999999      0.00020009372490498428    
  0.103765      0.00020010372602113653    
  0.10377      0.00020011372718912838    
  0.10377499999999999      0.0002001237284088844    
  0.10378      0.00020013372968042016    
  0.103785      0.00020014373100375044    
  0.10379      0.00020015373237891598    
  0.103795      0.00020016373380589512    
  0.1038      0.00020017373528463406    
  0.103805      0.00020018373681521696    
  0.10381      0.0002001937383975935    
  0.103815      0.00020020374003177754    
  0.10382      0.00020021374171781507    
  0.103825      0.00020022374345560635    
  0.10382999999999999      0.00020023374524532397    
  0.103835      0.00020024374708679793    
  0.10384      0.0002002537489801037    
  0.10384499999999999      0.00020026375092522478    
  0.10385      0.00020027375292223058    
  0.103855      0.00020028375497100313    
  0.10386      0.00020029375707167254    
  0.103865      0.00020030375922413905    
  0.10387      0.00020031376142845992    
  0.103875      0.00020032376368464902    
  0.10388      0.0002003337659926066    
  0.10388499999999999      0.00020034376835249314    
  0.10389      0.00020035377076418805    
  0.103895      0.00020036377322777636    
  0.10389999999999999      0.0002003737757432086    
  0.103905      0.00020038377831049694    
  0.10391      0.00020039378092964223    
  0.103915      0.0002004037836006601    
  0.10392      0.0002004137863234924    
  0.103925      0.00020042378909826322    
  0.10393      0.00020043379192487797    
  0.103935      0.00020044379480334273    
  0.10394      0.0002004537977337061    
  0.103945      0.00020046380071598365    
  0.10395      0.0002004738037500878    
  0.10395499999999999      0.0002004838068360758    
  0.10396      0.00020049380997399276    
  0.103965      0.00020050381316379443    
  0.10396999999999999      0.0002005138164054652    
  0.103975      0.00020052381969900852    
  0.10398      0.00020053382304451896    
  0.103985      0.0002005438264418291    
  0.10399      0.00020055382989110724    
  0.103995      0.00020056383339229697    
  0.104      0.0002005738369453688    
  0.104005      0.00020058384055033577    
  0.10400999999999999      0.00020059384420723688    
  0.104015      0.00020060384791605133    
  0.10402      0.00020061385167675135    
  0.10402499999999999      0.0002006238554894263    
  0.10403      0.00020063385935394605    
  0.104035      0.00020064386327046674    
  0.10404      0.00020065386723887822    
  0.104045      0.00020066387125918048    
  0.10405      0.000200673875331475    
  0.104055      0.00020068387945566205    
  0.10406      0.0002006938836318188    
  0.10406499999999999      0.00020070388785985768    
  0.10407      0.0002007138921398836    
  0.104075      0.00020072389647184195    
  0.10407999999999999      0.00020073390085576046    
  0.104085      0.00020074390529159665    
  0.10409      0.0002007539097794173    
  0.104095      0.0002007639143191478    
  0.1041      0.00020077391891087492    
  0.104105      0.00020078392355454052    
  0.10411      0.00020079392825015762    
  0.104115      0.00020080393299776438    
  0.10412      0.00020081393779730443    
  0.104125      0.00020082394264883934    
  0.10413      0.00020083394755231188    
  0.10413499999999999      0.0002008439525078105    
  0.10414      0.00020085395751521292    
  0.104145      0.00020086396257467873    
  0.10414999999999999      0.00020087396768606915    
  0.104155      0.00020088397284944576    
  0.10416      0.00020089397806481724    
  0.104165      0.00020090398333213674    
  0.10417      0.00020091398865150576    
  0.104175      0.00020092399402286704    
  0.10418      0.00020093399944619544    
  0.104185      0.00020094400492149354    
  0.10418999999999999      0.0002009540104488507    
  0.104195      0.00020096401602818972    
  0.1042      0.00020097402165946202    
  0.10420499999999999      0.00020098402734286536    
  0.10421      0.0002009940330781803    
  0.104215      0.00020100403886557944    
  0.10422      0.00020101404470498907    
  0.104225      0.00020102405059635627    
  0.10423      0.0002010340565397747    
  0.104235      0.00020104406253519842    
  0.10424      0.0002010540685826595    
  0.104245      0.00020106407468213974    
  0.10425      0.00020107408083364607    
  0.104255      0.00020108408703721232    
  0.10425999999999999      0.0002010940932928324    
  0.104265      0.00020110409960044737    
  0.10427      0.00020111410596007628    
  0.10427499999999999      0.00020112411237181108    
  0.10428      0.0002011341188355555    
  0.104285      0.0002011441253513468    
  0.10429      0.00020115413191920152    
  0.104295      0.0002011641385390719    
  0.1043      0.0002011741452110317    
  0.104305      0.00020118415193505056    
  0.10431      0.00020119415871108857    
  0.10431499999999999      0.00020120416553921425    
  0.10432      0.0002012141724194172    
  0.104325      0.00020122417935165577    
  0.10432999999999999      0.00020123418633602019    
  0.104335      0.00020124419337238207    
  0.10434      0.00020125420046088627    
  0.104345      0.0002012642076013732    
  0.10435      0.00020127421479405015    
  0.104355      0.00020128422203872544    
  0.10436      0.00020129422933553524    
  0.104365      0.00020130423668439888    
  0.10437      0.00020131424408537796    
  0.104375      0.0002013242515384664    
  0.10438      0.0002013342590436104    
  0.10438499999999999      0.00020134426660086292    
  0.10439      0.0002013542742102031    
  0.104395      0.00020136428187166738    
  0.10439999999999999      0.00020137428958522108    
  0.104405      0.00020138429735084857    
  0.10441      0.0002013943051686097    
  0.104415      0.00020140431303850362    
  0.10442      0.00020141432096049475    
  0.104425      0.00020142432893460564    
  0.10443      0.00020143433696083804    
  0.104435      0.00020144434503916418    
  0.10443999999999999      0.00020145435316963785    
  0.104445      0.00020146436135222434    
  0.10445      0.00020147436958698004    
  0.10445499999999999      0.00020148437787379826    
  0.10446      0.00020149438621282299    
  0.104465      0.0002015043946039267    
  0.10447      0.0002015144030472005    
  0.104475      0.00020152441154258714    
  0.10448      0.00020153442009013863    
  0.104485      0.00020154442868982984    
  0.10449      0.0002015544373416443    
  0.104495      0.00020156444604566698    
  0.1045      0.00020157445480179816    
  0.104505      0.00020158446361007339    
  0.10450999999999999      0.00020159447247055252    
  0.104515      0.0002016044813831783    
  0.10452      0.00020161449034793687    
  0.10452499999999999      0.00020162449936488892    
  0.10453      0.00020163450843401366    
  0.104535      0.00020164451755524948    
  0.10454      0.00020165452672873344    
  0.104545      0.00020166453595437013    
  0.10455      0.00020167454523215174    
  0.104555      0.00020168455456218409    
  0.10456      0.0002016945639443206    
  0.10456499999999999      0.00020170457337869742    
  0.10457      0.00020171458286522264    
  0.104575      0.0002017245924039639    
  0.10457999999999999      0.00020173460199488045    
  0.104585      0.0002017446116380087    
  0.10459      0.00020175462133333998    
  0.104595      0.0002017646310808474    
  0.1046      0.00020177464088054747    
  0.104605      0.00020178465073248525    
  0.10461      0.00020179466063661913    
  0.104615      0.0002018046705929673    
  0.10461999999999999      0.00020181468060152547    
  0.104625      0.00020182469066228146    
  0.10463      0.00020183470077529686    
  0.10463499999999999      0.00020184471094049274    
  0.10464      0.00020185472115789513    
  0.104645      0.0002018647314275604    
  0.10464999999999999      0.00020187474174945905    
  0.104655      0.00020188475212357462    
  0.10466      0.00020189476254991578    
  0.104665      0.00020190477302846344    
  0.10467      0.00020191478355929566    
  0.104675      0.00020192479414232658    
  0.10468      0.00020193480477764987    
  0.104685      0.000201944815465171    
  0.10468999999999999      0.00020195482620497408    
  0.104695      0.00020196483699699928    
  0.1047      0.00020197484784128996    
  0.10470499999999999      0.00020198485873782618    
  0.10471      0.0002019948696866643    
  0.104715      0.00020200488068770547    
  0.10472      0.00020201489174101733    
  0.104725      0.00020202490284659987    
  0.10473      0.00020203491400445743    
  0.104735      0.00020204492521455446    
  0.10474      0.0002020549364769508    
  0.10474499999999999      0.00020206494779161956    
  0.10475      0.00020207495915857202    
  0.104755      0.00020208497057776914    
  0.10475999999999999      0.000202094982049289    
  0.104765      0.00020210499357304831    
  0.10477      0.00020211500514914424    
  0.104775      0.0002021250167775152    
  0.10478      0.00020213502845815596    
  0.104785      0.00020214504019107175    
  0.10479      0.00020215505197633803    
  0.104795      0.00020216506381390796    
  0.1048      0.0002021750757036896    
  0.104805      0.00020218508764586335    
  0.10481      0.00020219509964032514    
  0.10481499999999999      0.0002022051116870819    
  0.10482      0.00020221512378616052    
  0.104825      0.00020222513593756274    
  0.10482999999999999      0.00020223514814122698    
  0.104835      0.00020224516039723216    
  0.10484      0.00020225517270559563    
  0.104845      0.0002022651850662801    
  0.10485      0.0002022751974792604    
  0.104855      0.00020228520994458078    
  0.10486      0.00020229522246220568    
  0.104865      0.0002023052350322123    
  0.10486999999999999      0.00020231524765453382    
  0.104875      0.00020232526032922405    
  0.10488      0.00020233527305619885    
  0.10488499999999999      0.00020234528583551892    
  0.10489      0.00020235529866720857    
  0.104895      0.00020236531155123048    
  0.1049      0.00020237532448763584    
  0.104905      0.00020238533747636653    
  0.10491      0.00020239535051744684    
  0.104915      0.0002024053636109262    
  0.10492      0.0002024153767567179    
  0.10492499999999999      0.0002024253899548887    
  0.10493      0.00020243540320544033    
  0.104935      0.0002024454165083416    
  0.10493999999999999      0.0002024554298636471    
  0.104945      0.00020246544327127709    
  0.10495      0.00020247545673130786    
  0.10495499999999999      0.00020248547024370733    
  0.10496      0.0002024954838085154    
  0.104965      0.0002025054974256653    
  0.10497      0.00020251551109525846    
  0.104975      0.00020252552481716656    
  0.10498      0.00020253553859148846    
  0.104985      0.00020254555241821636    
  0.10499      0.00020255556629734158    
  0.10499499999999999      0.00020256558022883984    
  0.105      0.00020257559421279527    
  0.105005      0.00020258560824908036    
  0.10500999999999999      0.00020259562233780615    
  0.105015      0.00020260563647894834    
  0.10502      0.00020261565067247658    
  0.105025      0.00020262566491846892    
  0.10503      0.00020263567921680482    
  0.105035      0.00020264569356756145    
  0.10504      0.0002026557079707978    
  0.105045      0.0002026657224264419    
  0.10504999999999999      0.00020267573693446162    
  0.105055      0.0002026857514949628    
  0.10506      0.00020269576610784223    
  0.10506499999999999      0.0002027057807731684    
  0.10507      0.00020271579549096651    
  0.105075      0.00020272581026120704    
  0.10507999999999999      0.00020273582508385877    
  0.105085      0.00020274583995893124    
  0.10509      0.00020275585488647822    
  0.105095      0.00020276586986645983    
  0.1051      0.00020277588489888906    
  0.105105      0.00020278589998379542    
  0.10511      0.00020279591512111818    
  0.105115      0.000202805930310938    
  0.10512      0.0002028159455531751    
  0.10512500000000001      0.00020282596084788933    
  0.10513      0.0002028359761950954    
  0.105135      0.00020284599159474913    
  0.10514000000000001      0.0002028560070468366    
  0.105145      0.00020286602255147317    
  0.10515000000000001      0.0002028760381085357    
  0.105155      0.00020288605371803804    
  0.10516      0.00020289606938006521    
  0.10516500000000001      0.00020290608509457644    
  0.10517      0.00020291610086156132    
  0.105175      0.00020292611668106322    
  0.10518000000000001      0.0002029361325530006    
  0.105185      0.00020294614847743853    
  0.10519      0.00020295616445439695    
  0.10519500000000001      0.00020296618048387585    
  0.1052      0.00020297619656580324    
  0.105205      0.00020298621270021557    
  0.10521000000000001      0.0002029962288871527    
  0.105215      0.00020300624512665632    
  0.10522000000000001      0.0002030162614185954    
  0.105225      0.00020302627776308275    
  0.10523      0.00020303629416005414    
  0.10523500000000001      0.00020304631060952868    
  0.10524      0.00020305632711158875    
  0.105245      0.0002030663436661459    
  0.10525000000000001      0.00020307636027318363    
  0.105255      0.0002030863769327566    
  0.10526      0.00020309639364490296    
  0.10526500000000001      0.00020310641040957329    
  0.10527      0.00020311642722676583    
  0.10527500000000001      0.00020312644409646932    
  0.10528      0.000203136461018741    
  0.105285      0.00020314647799354792    
  0.10529000000000001      0.000203156495020871    
  0.105295      0.00020316651210077873    
  0.1053      0.00020317652923319742    
  0.10530500000000001      0.0002031865464181843    
  0.10531      0.00020319656365572637    
  0.105315      0.00020320658094584703    
  0.10532000000000001      0.00020321659828848471    
  0.105325      0.00020322661568372528    
  0.10533000000000001      0.00020323663313147507    
  0.10533500000000001      0.00020324665063185463    
  0.10534      0.00020325666818475207    
  0.10534500000000001      0.0002032666857902524    
  0.10535      0.0002032767034482793    
  0.105355      0.0002032867211589212    
  0.10536000000000001      0.00020329673892214867    
  0.105365      0.00020330675673791484    
  0.10537      0.0002033167746063342    
  0.10537500000000001      0.00020332679252723328    
  0.10538      0.00020333681050078468    
  0.105385      0.0002033468285269251    
  0.10539000000000001      0.00020335684660566147    
  0.105395      0.00020336686473697557    
  0.10540000000000001      0.0002033768829208995    
  0.105405      0.00020338690115739334    
  0.10541      0.0002033969194465213    
  0.10541500000000001      0.00020340693778824522    
  0.10542      0.00020341695618262667    
  0.105425      0.00020342697462954595    
  0.10543000000000001      0.00020343699312908893    
  0.105435      0.00020344701168128337    
  0.10544      0.00020345703028609632    
  0.10544500000000001      0.00020346704894348526    
  0.10545      0.000203477067653543    
  0.10545500000000001      0.00020348708641621058    
  0.10546      0.00020349710523145416    
  0.105465      0.00020350712409936307    
  0.10547000000000001      0.0002035171430199382    
  0.105475      0.0002035271619930919    
  0.10548      0.0002035371810189023    
  0.10548500000000001      0.0002035472000974075    
  0.10549      0.00020355721922845574    
  0.105495      0.0002035672384122474    
  0.10550000000000001      0.0002035772576486107    
  0.105505      0.00020358727693768099    
  0.10551      0.00020359729627937237    
  0.10551500000000001      0.0002036073156736918    
  0.10552      0.0002036173351206939    
  0.10552500000000001      0.00020362735462036655    
  0.10553      0.00020363737417270194    
  0.105535      0.00020364739377767838    
  0.10554000000000001      0.0002036574134353323    
  0.105545      0.00020366743314566543    
  0.10555      0.00020367745290868558    
  0.10555500000000001      0.00020368747272436327    
  0.10556      0.0002036974925926664    
  0.105565      0.00020370751251371551    
  0.10557000000000001      0.00020371753248743085    
  0.105575      0.00020372755251383493    
  0.10558000000000001      0.0002037375725928896    
  0.105585      0.00020374759272468942    
  0.10559      0.00020375761290912509    
  0.10559500000000001      0.00020376763314630415    
  0.1056      0.00020377765343613727    
  0.105605      0.0002037876737786999    
  0.10561000000000001      0.00020379769417393483    
  0.105615      0.0002038077146219036    
  0.10562      0.000203817735122549    
  0.10562500000000001      0.0002038277556759378    
  0.10563      0.000203837776282011    
  0.105635      0.00020384779694081895    
  0.10564000000000001      0.0002038578176523113    
  0.105645      0.00020386783841652972    
  0.10565000000000001      0.00020387785923349673    
  0.105655      0.00020388788010317505    
  0.10566      0.00020389790102554994    
  0.10566500000000001      0.00020390792200069684    
  0.10567      0.00020391794302858368    
  0.105675      0.00020392796410914887    
  0.10568000000000001      0.00020393798524248608    
  0.105685      0.00020394800642856148    
  0.10569      0.0002039580276673716    
  0.10569500000000001      0.00020396804895892687    
  0.1057      0.00020397807030320906    
  0.10570500000000001      0.000203988091700265    
  0.10571      0.0002039981131500947    
  0.105715      0.00020400813465259408    
  0.10572000000000001      0.0002040181562078993    
  0.105725      0.00020402817781596787    
  0.10573      0.00020403819947683102    
  0.10573500000000001      0.0002040482211903916    
  0.10574      0.0002040582429567589    
  0.105745      0.00020406826477588087    
  0.10575000000000001      0.00020407828664778006    
  0.105755      0.0002040883085724244    
  0.10576      0.00020409833054986157    
  0.105765      0.0002041083525800881    
  0.10577      0.0002041183746630702    
  0.10577500000000001      0.0002041283967988347    
  0.10578      0.0002041384189874441    
  0.105785      0.00020414844122875787    
  0.10579000000000001      0.00020415846352293647    
  0.105795      0.00020416848586987408    
  0.1058      0.00020417850826960886    
  0.10580500000000001      0.0002041885307221469    
  0.10581      0.00020419855322746563    
  0.105815      0.0002042085757855902    
  0.10582000000000001      0.0002042185983965692    
  0.105825      0.00020422862106027166    
  0.10583000000000001      0.00020423864377684328    
  0.105835      0.00020424866654620167    
  0.10584      0.00020425868936838672    
  0.10584500000000001      0.0002042687122433915    
  0.10585      0.00020427873517125678    
  0.105855      0.00020428875815185245    
  0.10586000000000001      0.00020429878118529993    
  0.105865      0.00020430880427161225    
  0.10587      0.00020431882741075123    
  0.10587500000000001      0.00020432885060272035    
  0.10588      0.00020433887384748578    
  0.105885      0.00020434889714513078    
  0.10589      0.00020435892049558684    
  0.105895      0.000204368943898906    
  0.10590000000000001      0.00020437896735505095    
  0.105905      0.00020438899086405986    
  0.10591      0.00020439901442591453    
  0.10591500000000001      0.00020440903804061234    
  0.10592      0.00020441906170818626    
  0.105925      0.00020442908542861373    
  0.10593000000000001      0.00020443910920190256    
  0.105935      0.0002044491330279929    
  0.10594      0.00020445915690703136    
  0.10594500000000001      0.0002044691808388661    
  0.10595      0.00020447920482357697    
  0.10595500000000001      0.0002044892288612125    
  0.10596      0.00020449925295170507    
  0.105965      0.00020450927709505465    
  0.10597000000000001      0.00020451930129130203    
  0.105975      0.0002045293255404125    
  0.10598      0.00020453934984241296    
  0.10598500000000001      0.00020454937419731988    
  0.10599      0.00020455939860507082    
  0.105995      0.0002045694230657577    
  0.10600000000000001      0.00020457944757932764    
  0.106005      0.00020458947214580837    
  0.10601000000000001      0.00020459949676515047    
  0.106015      0.00020460952143740423    
  0.10602      0.00020461954616260002    
  0.10602500000000001      0.00020462957094065024    
  0.10603      0.00020463959577163987    
  0.106035      0.00020464962065554638    
  0.10604000000000001      0.00020465964559233593    
  0.106045      0.00020466967058205103    
  0.10605      0.0002046796956247255    
  0.10605500000000001      0.00020468972072028562    
  0.10606      0.00020469974586875134    
  0.106065      0.0002047097710701556    
  0.10607000000000001      0.00020471979632450798    
  0.106075      0.00020472982163175207    
  0.10608000000000001      0.00020473984699195986    
  0.106085      0.00020474987240512704    
  0.10609      0.00020475989787118853    
  0.10609500000000001      0.00020476992339022587    
  0.1061      0.00020477994896218876    
  0.106105      0.00020478997458710062    
  0.10611000000000001      0.00020480000026495276    
  0.106115      0.00020481002599575734    
  0.10612      0.00020482005177950915    
  0.10612500000000001      0.00020483007761625243    
  0.10613      0.00020484010350593166    
  0.10613500000000001      0.0002048501294485616    
  0.10614      0.00020486015544413875    
  0.106145      0.00020487018149271258    
  0.10615000000000001      0.0002048802075942796    
  0.106155      0.00020489023374877739    
  0.10616      0.00020490025995621806    
  0.10616500000000001      0.0002049102862166849    
  0.10617      0.000204920312530092    
  0.106175      0.00020493033889650795    
  0.10618000000000001      0.00020494036531591361    
  0.106185      0.00020495039178827171    
  0.10619      0.00020496041831369327    
  0.10619500000000001      0.00020497044489201782    
  0.1062      0.0002049804715233616    
  0.10620500000000001      0.00020499049820773066    
  0.10621      0.00020500052494505736    
  0.106215      0.00020501055173540502    
  0.10622000000000001      0.00020502057857876756    
  0.106225      0.00020503060547507647    
  0.10623      0.00020504063242444796    
  0.10623500000000001      0.00020505065942680485    
  0.10624      0.00020506068648223647    
  0.106245      0.0002050707135905815    
  0.10625000000000001      0.00020508074075202554    
  0.106255      0.00020509076796643762    
  0.10626000000000001      0.00020510079523390103    
  0.106265      0.0002051108225543715    
  0.10627      0.00020512084992788723    
  0.10627500000000001      0.00020513087735439355    
  0.10628      0.0002051409048339876    
  0.106285      0.0002051509323666035    
  0.10629000000000001      0.00020516095995226288    
  0.106295      0.00020517098759095884    
  0.1063      0.00020518101528267663    
  0.10630500000000001      0.00020519104302741623    
  0.10631      0.00020520107082526093    
  0.106315      0.00020521109867612138    
  0.10632      0.0002052211265800418    
  0.106325      0.0002052311545369858    
  0.10633000000000001      0.00020524118254704876    
  0.106335      0.00020525121061010926    
  0.10634      0.00020526123872628872    
  0.10634500000000001      0.00020527126689548134    
  0.10635      0.00020528129511775389    
  0.106355      0.00020529132339309683    
  0.10636000000000001      0.00020530135172156568    
  0.106365      0.00020531138010302166    
  0.10637      0.00020532140853758447    
  0.10637500000000001      0.0002053314370252567    
  0.10638      0.00020534146556595943    
  0.10638500000000001      0.000205351494159795    
  0.10639      0.00020536152280669316    
  0.106395      0.00020537155150669034    
  0.10640000000000001      0.00020538158025978654    
  0.106405      0.00020539160906597222    
  0.10641      0.00020540163792523783    
  0.10641500000000001      0.00020541166683762848    
  0.10642      0.00020542169580312422    
  0.106425      0.00020543172482168429    
  0.10643000000000001      0.00020544175389334857    
  0.106435      0.0002054517830181405    
  0.10644      0.00020546181219608523    
  0.106445      0.0002054718414271038    
  0.10645      0.00020548187071122142    
  0.10645500000000001      0.00020549190004848054    
  0.10646      0.00020550192943885517    
  0.106465      0.0002055119588823531    
  0.10647000000000001      0.000205521988378983    
  0.106475      0.00020553201792875616    
  0.10648      0.00020554204753162487    
  0.10648500000000001      0.00020555207718764117    
  0.10649      0.00020556210689678684    
  0.106495      0.00020557213665907924    
  0.10650000000000001      0.00020558216647453137    
  0.106505      0.0002055921963430747    
  0.10651000000000001      0.0002056022262648281    
  0.106515      0.00020561225623966315    
  0.10652      0.00020562228626770044    
  0.10652500000000001      0.00020563231634886797    
  0.10653      0.00020564234648321605    
  0.106535      0.00020565237667069438    
  0.10654000000000001      0.00020566240691136106    
  0.106545      0.00020567243720515972    
  0.10655      0.00020568246755214587    
  0.10655500000000001      0.00020569249795229956    
  0.10656      0.00020570252840559303    
  0.10656500000000001      0.00020571255891211303    
  0.10657      0.00020572258947177454    
  0.106575      0.00020573262008465563    
  0.10658000000000001      0.00020574265075063315    
  0.106585      0.00020575268146985105    
  0.10659      0.000205762712242207    
  0.10659500000000001      0.00020577274306781204    
  0.1066      0.00020578277394658114    
  0.106605      0.00020579280487852732    
  0.10661000000000001      0.00020580283586373385    
  0.106615      0.00020581286690202292    
  0.10662      0.00020582289799360616    
  0.106625      0.00020583292913836388    
  0.10663      0.0002058429603363143    
  0.10663500000000001      0.00020585299158750077    
  0.10664      0.00020586302289192157    
  0.106645      0.00020587305424953333    
  0.10665000000000001      0.0002058830856603031    
  0.106655      0.00020589311712434534    
  0.10666      0.00020590314864159503    
  0.10666500000000001      0.0002059131802120773    
  0.10667      0.00020592321183573754    
  0.106675      0.00020593324351265464    
  0.10668000000000001      0.0002059432752427922    
  0.106685      0.00020595330702618576    
  0.10669000000000001      0.00020596333886282233    
  0.106695      0.00020597337075267154    
  0.1067      0.000205983402695762    
  0.10670500000000001      0.00020599343469210676    
  0.10671      0.0002060034667416867    
  0.106715      0.0002060134988445114    
  0.10672000000000001      0.000206023531000586    
  0.106725      0.00020603356320991664    
  0.10673      0.0002060435954724972    
  0.10673500000000001      0.0002060536277883251    
  0.10674      0.0002060636601574307    
  0.106745      0.0002060736925797507    
  0.10675      0.0002060837250554507    
  0.106755      0.00020609375758430873    
  0.10676000000000001      0.00020610379016649649    
  0.106765      0.0002061138228019073    
  0.10677      0.0002061238554906383    
  0.10677500000000001      0.0002061338882326253    
  0.10678      0.00020614392102786573    
  0.106785      0.00020615395387642288    
  0.10679000000000001      0.00020616398677824905    
  0.106795      0.00020617401973335985    
  0.1068      0.000206184052741816    
  0.10680500000000001      0.00020619408580346832    
  0.10681      0.00020620411891847032    
  0.10681500000000001      0.0002062141520867665    
  0.10682      0.0002062241853083447    
  0.106825      0.00020623421858321708    
  0.10683000000000001      0.00020624425191143048    
  0.106835      0.00020625428529291463    
  0.10684      0.00020626431872774933    
  0.10684500000000001      0.0002062743522158357    
  0.10685      0.00020628438575728998    
  0.106855      0.00020629441935201501    
  0.10686000000000001      0.00020630445300012963    
  0.106865      0.00020631448670149505    
  0.10687      0.00020632452045620756    
  0.106875      0.0002063345542642342    
  0.10688      0.0002063445881256296    
  0.10688500000000001      0.00020635462204030702    
  0.10689      0.00020636465600830812    
  0.106895      0.0002063746900297682    
  0.10690000000000001      0.00020638472410438886    
  0.106905      0.00020639475823246503    
  0.10691      0.00020640479241381977    
  0.10691500000000001      0.00020641482664856062    
  0.10692      0.00020642486093664682    
  0.106925      0.00020643489527811566    
  0.10693000000000001      0.00020644492967290557    
  0.106935      0.0002064549641210122    
  0.10694000000000001      0.00020646499862253705    
  0.106945      0.00020647503317742198    
  0.10695      0.00020648506778560977    
  0.10695500000000001      0.0002064951024472201    
  0.10696      0.0002065051371622044    
  0.106965      0.00020651517193052277    
  0.10697000000000001      0.00020652520675220123    
  0.106975      0.0002065352416272745    
  0.10698      0.00020654527655574947    
  0.10698500000000001      0.00020655531153757848    
  0.10699      0.0002065653465727641    
  0.106995      0.00020657538166138703    
  0.107      0.00020658541680336397    
  0.107005      0.00020659545199877127    
  0.10701000000000001      0.00020660548724754473    
  0.107015      0.00020661552254971904    
  0.10702      0.00020662555790528381    
  0.10702500000000001      0.00020663559331422516    
  0.10703      0.00020664562877659338    
  0.107035      0.00020665566429240844    
  0.10704000000000001      0.000206665699861581    
  0.107045      0.0002066757354841726    
  0.10705      0.00020668577116018504    
  0.10705500000000001      0.00020669580688962522    
  0.10706      0.00020670584267244631    
  0.10706500000000001      0.0002067158785086856    
  0.10707      0.00020672591439838475    
  0.107075      0.00020673595034148475    
  0.10708000000000001      0.00020674598633803245    
  0.107085      0.0002067560223880287    
  0.10709      0.00020676605849139027    
  0.10709500000000001      0.00020677609464820387    
  0.1071      0.00020678613085850853    
  0.107105      0.0002067961671221967    
  0.10711000000000001      0.00020680620343934732    
  0.107115      0.00020681623980990053    
  0.10712      0.00020682627623398037    
  0.107125      0.00020683631271144632    
  0.10713      0.0002068463492424259    
  0.10713500000000001      0.00020685638582679244    
  0.10714      0.0002068664224646466    
  0.107145      0.00020687645915592676    
  0.10715000000000001      0.00020688649590075436    
  0.107155      0.0002068965326989993    
  0.10716      0.00020690656955068241    
  0.10716500000000001      0.0002069166064558618    
  0.10717      0.0002069266434144932    
  0.107175      0.00020693668042662    
  0.10718      0.00020694671749221186    
  0.107185      0.00020695675461128177    
  0.10719000000000001      0.00020696679178385663    
  0.107195      0.00020697682900989653    
  0.1072      0.0002069868662894197    
  0.10720500000000001      0.0002069969036224339    
  0.10721      0.00020700694100896436    
  0.107215      0.00020701697844895638    
  0.10722000000000001      0.00020702701594248803    
  0.107225      0.00020703705348943877    
  0.10723      0.00020704709108994562    
  0.10723500000000001      0.00020705712874393226    
  0.10724      0.00020706716645146894    
  0.10724500000000001      0.00020707720421249323    
  0.10725      0.00020708724202699903    
  0.107255      0.0002070972798950679    
  0.10726000000000001      0.00020710731781663997    
  0.107265      0.00020711735579165367    
  0.10727      0.00020712739382028767    
  0.10727500000000001      0.00020713743190241534    
  0.10728      0.00020714747003806617    
  0.107285      0.0002071575082272653    
  0.10729000000000001      0.00020716754646995638    
  0.107295      0.000207177584766168    
  0.1073      0.00020718762311595137    
  0.107305      0.00020719766151931426    
  0.10731      0.0002072076999761344    
  0.10731500000000001      0.00020721773848655228    
  0.10732      0.00020722777705050894    
  0.107325      0.00020723781566800784    
  0.10733000000000001      0.00020724785433903076    
  0.107335      0.0002072578930636471    
  0.10734      0.00020726793184175623    
  0.10734500000000001      0.00020727797067352123    
  0.10735      0.00020728800955876255    
  0.107355      0.00020729804849759642    
  0.10736000000000001      0.00020730808749002284    
  0.107365      0.00020731812653594032    
  0.10737000000000001      0.0002073281656355258    
  0.107375      0.00020733820478862665    
  0.10738      0.00020734824399534692    
  0.10738500000000001      0.00020735828325556    
  0.10739      0.00020736832256941506    
  0.107395      0.00020737836193682278    
  0.10740000000000001      0.00020738840135784125    
  0.107405      0.0002073984408324592    
  0.10741      0.0002074084803606758    
  0.10741500000000001      0.00020741851994248578    
  0.10742      0.0002074285595778328    
  0.107425      0.00020743859926678886    
  0.10743      0.00020744863900941986    
  0.107435      0.00020745867880552805    
  0.10744000000000001      0.00020746871865531553    
  0.107445      0.00020747875855872677    
  0.10745      0.00020748879851574184    
  0.10745500000000001      0.0002074988385263642    
  0.10746      0.00020750887859057477    
  0.107465      0.00020751891870841605    
  0.10747000000000001      0.0002075289588798915    
  0.107475      0.00020753899910497513    
  0.10748      0.0002075490393836886    
  0.107485      0.00020755907971604145    
  0.10749      0.000207569120101999    
  0.10749500000000001      0.00020757916054163147    
  0.1075      0.00020758920103487385    
  0.107505      0.00020759924158170878    
  0.10751000000000001      0.00020760928218224294    
  0.107515      0.000207619322836387    
  0.10752      0.00020762936354418865    
  0.10752500000000001      0.00020763940430565137    
  0.10753      0.00020764944512071358    
  0.107535      0.00020765948598950972    
  0.10754000000000001      0.00020766952691187932    
  0.107545      0.0002076795678879551    
  0.10755      0.0002076896089176737    
  0.107555      0.0002076996500010404    
  0.10756      0.00020770969113809244    
  0.10756500000000001      0.00020771973232883417    
  0.10757      0.0002077297735732144    
  0.107575      0.00020773981487126527    
  0.10758000000000001      0.00020774985622300408    
  0.107585      0.0002077598976283901    
  0.10759      0.0002077699390874762    
  0.10759500000000001      0.00020777998060022597    
  0.1076      0.00020779002216672442    
  0.107605      0.0002078000637868319    
  0.10761      0.0002078101054606889    
  0.107615      0.00020782014718816796    
  0.10762000000000001      0.00020783018896938354    
  0.107625      0.0002078402308042862    
  0.10763      0.0002078502726928803    
  0.10763500000000001      0.0002078603146352222    
  0.10764      0.0002078703566312061    
  0.107645      0.0002078803986809083    
  0.10765000000000001      0.00020789044078435136    
  0.107655      0.00020790048294149974    
  0.10766      0.00020791052515231959    
  0.10766500000000001      0.00020792056741684994    
  0.10767      0.00020793060973519142    
  0.107675      0.00020794065210717576    
  0.10768      0.00020795069453290703    
  0.107685      0.0002079607370123384    
  0.10769      0.0002079707795455566    
  0.107695      0.0002079808221324888    
  0.1077      0.00020799086477309506    
  0.107705      0.00020800090746748382    
  0.10771      0.00020801095021562733    
  0.10771499999999999      0.00020802099301749956    
  0.10772      0.0002080310358730849    
  0.107725      0.00020804107878244927    
  0.10772999999999999      0.00020805112174554583    
  0.107735      0.00020806116476239974    
  0.10774      0.00020807120783299278    
  0.107745      0.00020808125095737873    
  0.10775      0.00020809129413546304    
  0.107755      0.00020810133736732638    
  0.10776      0.0002081113806529965    
  0.107765      0.00020812142399239623    
  0.10777      0.00020813146738558625    
  0.107775      0.00020814151083251367    
  0.10778      0.00020815155433321405    
  0.10778499999999999      0.00020816159788769432    
  0.10779      0.0002081716414960447    
  0.107795      0.00020818168515801885    
  0.10779999999999999      0.00020819172887387612    
  0.107805      0.00020820177264350113    
  0.10781      0.00020821181646689738    
  0.107815      0.00020822186034409346    
  0.10782      0.00020823190427507465    
  0.107825      0.00020824194825989472    
  0.10783      0.000208251992298473    
  0.107835      0.00020826203639080516    
  0.10783999999999999      0.00020827208053703864    
  0.107845      0.0002082821247369679    
  0.10785      0.00020829216899077505    
  0.10785499999999999      0.00020830221329843843    
  0.10786      0.00020831225765985222    
  0.107865      0.00020832230207507452    
  0.10787      0.00020833234654412704    
  0.107875      0.00020834239106698287    
  0.10788      0.00020835243564368625    
  0.107885      0.0002083624802742129    
  0.10789      0.00020837252495854372    
  0.10789499999999999      0.00020838256969669348    
  0.1079      0.00020839261448873502    
  0.107905      0.00020840265933459376    
  0.10790999999999999      0.0002084127042342055    
  0.107915      0.0002084227491877342    
  0.10792      0.0002084327941950983    
  0.107925      0.00020844283925631427    
  0.10793      0.0002084528843713648    
  0.107935      0.00020846292954022991    
  0.10794      0.000208472974763038    
  0.107945      0.00020848302003965025    
  0.10795      0.00020849306537009359    
  0.107955      0.00020850311075441223    
  0.10796      0.00020851315619258189    
  0.10796499999999999      0.0002085232016846598    
  0.10797      0.00020853324723056448    
  0.107975      0.0002085432928303453    
  0.10797999999999999      0.00020855333848399625    
  0.107985      0.00020856338419149387    
  0.10799      0.0002085734299529388    
  0.107995      0.00020858347576820611    
  0.108      0.00020859352163737736    
  0.108005      0.0002086035675604456    
  0.10801      0.00020861361353737354    
  0.108015      0.0002086236595682132    
  0.10801999999999999      0.00020863370565294033    
  0.108025      0.00020864375179153669    
  0.10803      0.00020865379798403784    
  0.10803499999999999      0.00020866384423042384    
  0.10804      0.00020867389053073025    
  0.108045      0.00020868393688491024    
  0.10805      0.000208693983293067    
  0.108055      0.00020870402975507827    
  0.10806      0.00020871407627103336    
  0.108065      0.00020872412284085942    
  0.10807      0.00020873416946463365    
  0.108075      0.00020874421614232048    
  0.10808      0.000208754262873939    
  0.108085      0.00020876430965948746    
  0.10808999999999999      0.00020877435649893986    
  0.108095      0.0002087844033922849    
  0.1081      0.00020879445033961021    
  0.10810499999999999      0.00020880449734086547    
  0.10811      0.00020881454439605068    
  0.108115      0.00020882459150516498    
  0.10812      0.00020883463866821876    
  0.108125      0.00020884468588522505    
  0.10813      0.0002088547331561795    
  0.108135      0.0002088647804810639    
  0.10814      0.0002088748278599459    
  0.10814499999999999      0.0002088848752927388    
  0.10815      0.00020889492277949284    
  0.108155      0.00020890497032024363    
  0.10815999999999999      0.00020891501791488534    
  0.108165      0.0002089250655635637    
  0.10817      0.00020893511326611908    
  0.108175      0.00020894516102271544    
  0.10818      0.0002089552088332461    
  0.108185      0.00020896525669777954    
  0.10819      0.00020897530461626204    
  0.108195      0.00020898535258873432    
  0.1082      0.00020899540061516345    
  0.108205      0.00020900544869558932    
  0.10821      0.00020901549683002927    
  0.10821499999999999      0.0002090255450184304    
  0.10822      0.00020903559326082306    
  0.108225      0.00020904564155721592    
  0.10822999999999999      0.00020905568990757344    
  0.108235      0.00020906573831197105    
  0.10824      0.0002090757867703281    
  0.108245      0.0002090858352827088    
  0.10825      0.0002090958838490897    
  0.108255      0.00020910593246949768    
  0.10826      0.00020911598114392235    
  0.108265      0.0002091260298723325    
  0.10826999999999999      0.00020913607865476278    
  0.108275      0.00020914612749119415    
  0.10828      0.0002091561763816318    
  0.10828499999999999      0.00020916622532615985    
  0.10829      0.00020917627432467858    
  0.108295      0.00020918632337719578    
  0.1083      0.00020919637248377563    
  0.108305      0.0002092064216443557    
  0.10831      0.0002092164708589776    
  0.108315      0.00020922652012771506    
  0.10832      0.0002092365694504033    
  0.108325      0.0002092466188271672    
  0.10833      0.000209256668257953    
  0.108335      0.00020926671774279797    
  0.10833999999999999      0.00020927676728169607    
  0.108345      0.00020928681687463428    
  0.10835      0.00020929686652164554    
  0.10835499999999999      0.0002093069162227108    
  0.10836      0.00020931696597780661    
  0.108365      0.00020932701578698677    
  0.10837      0.00020933706565023306    
  0.108375      0.00020934711556755067    
  0.10838      0.00020935716553893008    
  0.108385      0.0002093672155643652    
  0.10839      0.00020937726564388554    
  0.10839499999999999      0.00020938731577749888    
  0.1084      0.0002093973659651827    
  0.108405      0.00020940741620692916    
  0.10840999999999999      0.0002094174665027834    
  0.108415      0.00020942751685271415    
  0.10842      0.00020943756725675094    
  0.108425      0.0002094476177148417    
  0.10843      0.0002094576682270437    
  0.108435      0.00020946771879335867    
  0.10844      0.00020947776941372936    
  0.108445      0.0002094878200882182    
  0.10844999999999999      0.00020949787081681482    
  0.108455      0.00020950792159954348    
  0.10846      0.0002095179724363348    
  0.10846499999999999      0.00020952802332729805    
  0.10847      0.00020953807427235172    
  0.108475      0.0002095481252714776    
  0.10848      0.000209558176324778    
  0.108485      0.00020956822743216103    
  0.10849      0.00020957827859369432    
  0.108495      0.00020958832980932148    
  0.1085      0.00020959838107911192    
  0.108505      0.0002096084324029997    
  0.10851      0.0002096184837810473    
  0.108515      0.000209628535213233    
  0.10851999999999999      0.0002096385866994805    
  0.108525      0.000209648638239965    
  0.10853      0.00020965868983458674    
  0.10853499999999999      0.00020966874148329196    
  0.10854      0.00020967879318621423    
  0.108545      0.0002096888449432564    
  0.10855      0.00020969889675442454    
  0.108555      0.0002097089486197464    
  0.10856      0.00020971900053927146    
  0.108565      0.00020972905251298232    
  0.10857      0.000209739104540794    
  0.10857499999999999      0.00020974915662280193    
  0.10858      0.00020975920875891847    
  0.108585      0.00020976926094926074    
  0.10858999999999999      0.00020977931319376454    
  0.108595      0.00020978936549245503    
  0.1086      0.00020979941784531313    
  0.108605      0.00020980947025234838    
  0.10861      0.00020981952271358247    
  0.108615      0.00020982957522897982    
  0.10862      0.00020983962779854738    
  0.108625      0.00020984968042235368    
  0.10863      0.00020985973310031197    
  0.108635      0.0002098697858324977    
  0.10864      0.0002098798386188528    
  0.10864499999999999      0.00020988989145939718    
  0.10865      0.00020989994435416989    
  0.108655      0.00020990999730316224    
  0.10865999999999999      0.00020992005030635256    
  0.108665      0.00020993010336376773    
  0.10867      0.00020994015647530714    
  0.108675      0.00020995020964115815    
  0.10868      0.00020996026286118023    
  0.108685      0.00020997031613542716    
  0.10869      0.00020998036946391803    
  0.108695      0.00020999042284663115    
  0.10869999999999999      0.00021000047628355438    
  0.108705      0.00021001052977468685    
  0.10871      0.00021002058332010055    
  0.10871499999999999      0.00021003063691968967    
  0.10872      0.00021004069057354788    
  0.108725      0.00021005074428169165    
  0.10873      0.00021006079804398135    
  0.108735      0.00021007085186057137    
  0.10874      0.00021008090573143567    
  0.108745      0.00021009095965653004    
  0.10875      0.0002101010136358137    
  0.10875499999999999      0.00021011106766943843    
  0.10876      0.00021012112175726894    
  0.108765      0.00021013117589934772    
  0.10876999999999999      0.00021014123009572595    
  0.108775      0.00021015128434633424    
  0.10878      0.00021016133865124197    
  0.10878499999999999      0.00021017139301042834    
  0.10879      0.00021018144742385083    
  0.108795      0.0002101915018915693    
  0.1088      0.0002102015564135482    
  0.108805      0.00021021161098977014    
  0.10881      0.00021022166562035313    
  0.108815      0.00021023172030516356    
  0.10882      0.00021024177504428906    
  0.10882499999999999      0.00021025182983766544    
  0.10883      0.0002102618846853985    
  0.108835      0.00021027193958735643    
  0.10883999999999999      0.00021028199454364675    
  0.108845      0.00021029204955425474    
  0.10885      0.0002103021046191162    
  0.108855      0.00021031215973829967    
  0.10886      0.00021032221491179906    
  0.108865      0.0002103322701395979    
  0.10887      0.00021034232542172394    
  0.108875      0.00021035238075811733    
  0.10887999999999999      0.00021036243614886221    
  0.108885      0.0002103724915939048    
  0.10889      0.0002103825470933093    
  0.10889499999999999      0.00021039260264700977    
  0.1089      0.0002104026582550201    
  0.108905      0.00021041271391738364    
  0.10890999999999999      0.00021042276963406398    
  0.108915      0.00021043282540506806    
  0.10892      0.00021044288123041235    
  0.108925      0.0002104529371101541    
  0.10893      0.00021046299304418575    
  0.108935      0.000210473049032555    
  0.10894      0.00021048310507525494    
  0.108945      0.00021049316117232545    
  0.10894999999999999      0.00021050321732375785    
  0.108955      0.00021051327352953134    
  0.10896      0.000210523329789691    
  0.10896499999999999      0.00021053338610417093    
  0.10897      0.00021054344247299715    
  0.108975      0.0002105534988961896    
  0.10898      0.00021056355537379598    
  0.108985      0.00021057361190572263    
  0.10899      0.0002105836684919947    
  0.108995      0.00021059372513268764    
  0.109      0.0002106037818277555    
  0.10900499999999999      0.00021061383857718264    
  0.10901      0.0002106238953810194    
  0.109015      0.00021063395223919375    
  0.10901999999999999      0.00021064400915179159    
  0.109025      0.00021065406611872096    
  0.10903      0.00021066412314013887    
  0.10903499999999999      0.0002106741802158441    
  0.10904      0.00021068423734600314    
  0.109045      0.00021069429453055358    
  0.10905      0.00021070435176949454    
  0.109055      0.00021071440906287025    
  0.10906      0.00021072446641060092    
  0.109065      0.0002107345238127464    
  0.10907      0.00021074458126935352    
  0.10907499999999999      0.00021075463878031386    
  0.10908      0.0002107646963456734    
  0.109085      0.0002107747539654729    
  0.10908999999999999      0.00021078481163971322    
  0.109095      0.00021079486936836228    
  0.1091      0.00021080492715144956    
  0.109105      0.00021081498498896033    
  0.10911      0.0002108250428809067    
  0.109115      0.00021083510082725403    
  0.10912      0.00021084515882803436    
  0.109125      0.00021085521688329369    
  0.10912999999999999      0.00021086527499296175    
  0.109135      0.00021087533315703767    
  0.10914      0.0002108853913756108    
  0.10914499999999999      0.00021089544964861262    
  0.10915      0.00021090550797608996    
  0.109155      0.0002109155663579821    
  0.10916      0.00021092562479432374    
  0.109165      0.00021093568328516953    
  0.10917      0.00021094574183043013    
  0.109175      0.0002109558004301671    
  0.10918      0.00021096585908435706    
  0.109185      0.0002109759177930451    
  0.10919      0.0002109859765561618    
  0.109195      0.0002109960353737757    
  0.10919999999999999      0.00021100609424587295    
  0.109205      0.00021101615317241362    
  0.10921      0.00021102621215343675    
  0.10921499999999999      0.0002110362711889302    
  0.10922      0.0002110463302789781    
  0.109225      0.00021105638942347724    
  0.10923      0.00021106644862242153    
  0.109235      0.0002110765078759012    
  0.10924      0.00021108656718387374    
  0.109245      0.00021109662654630532    
  0.10925      0.00021110668596321588    
  0.10925499999999999      0.00021111674543472254    
  0.10926      0.00021112680496066048    
  0.109265      0.0002111368645411225    
  0.10926999999999999      0.00021114692417610603    
  0.109275      0.00021115698386557202    
  0.10928      0.0002111670436095621    
  0.109285      0.0002111771034080433    
  0.10929      0.00021118716326112928    
  0.109295      0.00021119722316865173    
  0.1093      0.00021120728313071737    
  0.109305      0.00021121734314731837    
  0.10930999999999999      0.00021122740321843567    
  0.109315      0.0002112374633440814    
  0.10932      0.00021124752352430845    
  0.10932499999999999      0.00021125758375898935    
  0.10933      0.00021126764404824985    
  0.109335      0.00021127770439207348    
  0.10933999999999999      0.0002112877647904134    
  0.109345      0.00021129782524327827    
  0.10935      0.00021130788575071582    
  0.109355      0.00021131794631270955    
  0.10936      0.00021132800692924818    
  0.109365      0.00021133806760036296    
  0.10937      0.00021134812832600876    
  0.109375      0.00021135818910618213    
  0.10937999999999999      0.0002113682499410045    
  0.109385      0.00021137831083034315    
  0.10939      0.00021138837177422237    
  0.10939499999999999      0.00021139843277268294    
  0.1094      0.00021140849382573178    
  0.109405      0.0002114185549333741    
  0.10941      0.0002114286160955865    
  0.109415      0.00021143867731233598    
  0.10942      0.00021144873858370324    
  0.109425      0.00021145879990968133    
  0.10943      0.00021146886129016877    
  0.10943499999999999      0.0002114789227252896    
  0.10944      0.00021148898421505333    
  0.109445      0.00021149904575933683    
  0.10944999999999999      0.00021150910735826672    
  0.109455      0.00021151916901177622    
  0.10946      0.0002115292307198818    
  0.10946499999999999      0.00021153929248259734    
  0.10947      0.00021154935429991764    
  0.109475      0.00021155941617181234    
  0.10948      0.00021156947809840114    
  0.109485      0.00021157954007955133    
  0.10949      0.00021158960211526984    
  0.109495      0.00021159966420568246    
  0.1095      0.00021160972635072585    
  0.10950499999999999      0.0002116197885503072    
  0.10951      0.0002116298508046113    
  0.109515      0.00021163991311353228    
  0.10951999999999999      0.00021164997547703894    
  0.109525      0.00021166003789519373    
  0.10953      0.00021167010036798623    
  0.109535      0.00021168016289542166    
  0.10954      0.0002116902254774766    
  0.109545      0.00021170028811418832    
  0.10955      0.00021171035080557246    
  0.109555      0.00021172041355157958    
  0.10955999999999999      0.0002117304763522669    
  0.109565      0.000211740539207546    
  0.10957      0.00021175060211755213    
  0.10957499999999999      0.0002117606650821769    
  0.10958      0.0002117707281014498    
  0.109585      0.00021178079117543328    
  0.10958999999999999      0.0002117908543040909    
  0.109595      0.00021180091748733594    
  0.1096      0.00021181098072535747    
  0.109605      0.000211821044017943    
  0.10961      0.00021183110736527292    
  0.10961499999999999      0.00021184117076727613    
  0.10962      0.0002118512342239344    
  0.109625      0.00021186129773529284    
  0.10962999999999999      0.00021187136130132282    
  0.109635      0.00021188142492206078    
  0.10964      0.0002118914885974937    
  0.10964499999999999      0.0002119015523275973    
  0.10965      0.0002119116161123898    
  0.109655      0.00021192167995193537    
  0.10966      0.00021193174384611692    
  0.109665      0.00021194180779503333    
  0.10967      0.0002119518717986369    
  0.109675      0.00021196193585694065    
  0.10968      0.00021197199997004777    
  0.10968499999999999      0.0002119820641377718    
  0.10969      0.0002119921283602567    
  0.109695      0.00021200219263739495    
  0.10969999999999999      0.00021201225696930275    
  0.109705      0.00021202232135593933    
  0.10971      0.00021203238579730384    
  0.109715      0.0002120424502933668    
  0.10972      0.00021205251484414725    
  0.109725      0.00021206257944971288    
  0.10973      0.0002120726441100047    
  0.109735      0.00021208270882500796    
  0.10974      0.000212092773594727    
  0.109745      0.00021210283841924856    
  0.10975      0.00021211290329849284    
  0.10975499999999999      0.00021212296823250147    
  0.10976      0.00021213303322122068    
  0.109765      0.00021214309826470944    
  0.10976999999999999      0.00021215316336300073    
  0.109775      0.00021216322851594967    
  0.10978      0.00021217329372372976    
  0.109785      0.00021218335898623777    
  0.10979      0.00021219342430355958    
  0.109795      0.00021220348967558329    
  0.1098      0.00021221355510241732    
  0.109805      0.0002122236205840426    
  0.10980999999999999      0.00021223368612041226    
  0.109815      0.00021224375171153935    
  0.10982      0.0002122538173574863    
  0.10982499999999999      0.00021226388305815337    
  0.10983      0.0002122739488136802    
  0.109835      0.00021228401462395404    
  0.10984      0.00021229408048908417    
  0.109845      0.00021230414640892054    
  0.10985      0.00021231421238359673    
  0.109855      0.0002123242784130121    
  0.10986      0.00021233434449729593    
  0.10986499999999999      0.0002123444106363094    
  0.10987      0.00021235447683018525    
  0.109875      0.00021236454307887401    
  0.10987999999999999      0.00021237460938235576    
  0.109885      0.00021238467574061833    
  0.10989      0.00021239474215373026    
  0.10989499999999999      0.00021240480862163777    
  0.1099      0.00021241487514438422    
  0.109905      0.0002124249417219679    
  0.10991      0.000212435008354335    
  0.109915      0.00021244507504155317    
  0.10991999999999999      0.00021245514178361725    
  0.109925      0.00021246520858044654    
  0.10993      0.00021247527543214514    
  0.10993499999999999      0.00021248534233867748    
  0.10994      0.00021249540930006524    
  0.109945      0.00021250547631630756    
  0.10994999999999999      0.00021251554338733072    
  0.109955      0.0002125256105132787    
  0.10996      0.0002125356776940179    
  0.109965      0.00021254574492965937    
  0.10997      0.00021255581222012678    
  0.109975      0.0002125658795654288    
  0.10998      0.00021257594696560706    
  0.109985      0.0002125860144206555    
  0.10998999999999999      0.00021259608193053853    
  0.109995      0.00021260614949531863    
  0.11      0.00021261621711494288   
