  0.10000500000000001      0.9971350024314252    
  0.10001      0.9971350072805936    
  0.100015      0.9971350121300007    
  0.10002000000000001      0.9971350169796476    
  0.100025      0.9971350218295345    
  0.10003000000000001      0.9971350266796591    
  0.100035      0.9971350315300231    
  0.10004      0.9971350363806266    
  0.10004500000000001      0.9971350412314697    
  0.10005      0.9971350460825515    
  0.100055      0.9971350509338728    
  0.10006000000000001      0.9971350557854333    
  0.100065      0.9971350606372323    
  0.10007      0.9971350654892719    
  0.10007500000000001      0.9971350703415499    
  0.10008      0.9971350751940665    
  0.10008500000000001      0.9971350800468225    
  0.10009000000000001      0.997135084899818    
  0.100095      0.9971350897530529    
  0.10010000000000001      0.9971350946065258    
  0.100105      0.997135099460239    
  0.10011      0.9971351043141912    
  0.10011500000000001      0.9971351091683823    
  0.10012      0.9971351140228121    
  0.100125      0.9971351188774822    
  0.10013000000000001      0.9971351237323909    
  0.100135      0.9971351285875392    
  0.10014      0.9971351334429257    
  0.10014500000000001      0.9971351382985519    
  0.10015      0.9971351431544178    
  0.10015500000000001      0.9971351480105219    
  0.10016      0.9971351528668659    
  0.100165      0.9971351577234483    
  0.10017000000000001      0.9971351625802711    
  0.100175      0.9971351674373328    
  0.10018      0.9971351722946329    
  0.10018500000000001      0.9971351771521726    
  0.10019      0.9971351820099513    
  0.100195      0.9971351868679693    
  0.10020000000000001      0.9971351917262266    
  0.100205      0.9971351965847225    
  0.10021000000000001      0.9971352014434579    
  0.100215      0.9971352063024326    
  0.10022      0.9971352111616464    
  0.10022500000000001      0.9971352160210991    
  0.10023      0.9971352208807908    
  0.100235      0.9971352257407227    
  0.10024000000000001      0.9971352306008935    
  0.100245      0.9971352354613026    
  0.10025      0.9971352403219511    
  0.10025500000000001      0.9971352451828388    
  0.10026      0.9971352500439665    
  0.100265      0.9971352549053324    
  0.10027000000000001      0.9971352597669377    
  0.100275      0.9971352646287822    
  0.10028000000000001      0.9971352694908664    
  0.100285      0.9971352743531885    
  0.10029      0.9971352792157507    
  0.10029500000000001      0.9971352840785515    
  0.1003      0.9971352889415925    
  0.100305      0.9971352938048716    
  0.10031000000000001      0.99713529866839    
  0.100315      0.997135303532148    
  0.10032      0.9971353083961438    
  0.10032500000000001      0.9971353132603804    
  0.10033      0.9971353181248552    
  0.10033500000000001      0.9971353229895704    
  0.10034      0.9971353278545239    
  0.100345      0.997135332719717    
  0.10035000000000001      0.9971353375851484    
  0.100355      0.9971353424508206    
  0.10036      0.9971353473167299    
  0.10036500000000001      0.9971353521828787    
  0.10037      0.9971353570492666    
  0.100375      0.9971353619158946    
  0.10038000000000001      0.9971353667827619    
  0.100385      0.9971353716498674    
  0.10039000000000001      0.9971353765172121    
  0.10039500000000001      0.9971353813847965    
  0.1004      0.9971353862526198    
  0.10040500000000001      0.9971353911206817    
  0.10041      0.9971353959889839    
  0.100415      0.9971354008575245    
  0.10042000000000001      0.9971354057263051    
  0.100425      0.9971354105953237    
  0.10043      0.9971354154645818    
  0.10043500000000001      0.9971354203340791    
  0.10044      0.9971354252038152    
  0.100445      0.9971354300737909    
  0.10045000000000001      0.9971354349440058    
  0.100455      0.9971354398144597    
  0.10046000000000001      0.9971354446851527    
  0.100465      0.9971354495560845    
  0.10047      0.9971354544272565    
  0.10047500000000001      0.9971354592986672    
  0.10048      0.9971354641703158    
  0.100485      0.997135469042205    
  0.10049000000000001      0.9971354739143314    
  0.100495      0.997135478786699    
  0.1005      0.9971354836593056    
  0.10050500000000001      0.9971354885321508    
  0.10051      0.9971354934052357    
  0.10051500000000001      0.9971354982785591    
  0.10052000000000001      0.9971355031521221    
  0.100525      0.9971355080259237    
  0.10053000000000001      0.9971355128999638    
  0.100535      0.9971355177742444    
  0.10054      0.9971355226487633    
  0.10054500000000001      0.9971355275235216    
  0.10055      0.9971355323985192    
  0.100555      0.9971355372737553    
  0.10056000000000001      0.9971355421492317    
  0.100565      0.9971355470249454    
  0.10057      0.9971355519008996    
  0.10057500000000001      0.997135556777093    
  0.10058      0.997135561653525    
  0.10058500000000001      0.9971355665301966    
  0.10059      0.997135571407107    
  0.100595      0.9971355762842561    
  0.10060000000000001      0.9971355811616458    
  0.100605      0.9971355860392737    
  0.10061      0.9971355909171394    
  0.10061500000000001      0.9971355957952459    
  0.10062      0.9971356006735911    
  0.100625      0.9971356055521754    
  0.10063000000000001      0.9971356104309992    
  0.100635      0.9971356153100612    
  0.10064000000000001      0.9971356201893636    
  0.10064500000000001      0.9971356250689043    
  0.10065      0.9971356299486837    
  0.10065500000000001      0.9971356348287032    
  0.10066      0.9971356397089615    
  0.100665      0.9971356445894588    
  0.10067000000000001      0.9971356494701952    
  0.100675      0.9971356543511706    
  0.10068      0.9971356592323846    
  0.10068500000000001      0.9971356641138387    
  0.10069      0.9971356689955317    
  0.100695      0.9971356738774642    
  0.10070000000000001      0.9971356787596349    
  0.100705      0.9971356836420462    
  0.10071000000000001      0.9971356885246945    
  0.100715      0.9971356934075837    
  0.10072      0.9971356982907112    
  0.10072500000000001      0.9971357031740773    
  0.10073      0.9971357080576829    
  0.100735      0.9971357129415278    
  0.10074000000000001      0.9971357178256117    
  0.100745      0.997135722709935    
  0.10075      0.9971357275944974    
  0.10075500000000001      0.9971357324792993    
  0.10076      0.9971357373643392    
  0.10076500000000001      0.9971357422496191    
  0.10077      0.9971357471351372    
  0.100775      0.9971357520208954    
  0.10078000000000001      0.9971357569068922    
  0.100785      0.9971357617931285    
  0.10079      0.997135766679604    
  0.10079500000000001      0.9971357715663172    
  0.1008      0.9971357764532712    
  0.100805      0.9971357813404629    
  0.10081000000000001      0.9971357862278952    
  0.100815      0.9971357911155653    
  0.10082      0.9971357960034762    
  0.10082500000000001      0.9971358008916236    
  0.10083      0.9971358057800115    
  0.10083500000000001      0.9971358106686385    
  0.10084      0.997135815557505    
  0.100845      0.9971358204466112    
  0.10085000000000001      0.9971358253359548    
  0.100855      0.997135830225539    
  0.10086      0.9971358351153609    
  0.10086500000000001      0.9971358400054223    
  0.10087      0.9971358448957234    
  0.100875      0.9971358497862628    
  0.10088000000000001      0.9971358546770417    
  0.100885      0.9971358595680606    
  0.10089000000000001      0.997135864459318    
  0.100895      0.9971358693508147    
  0.1009      0.9971358742425493    
  0.10090500000000001      0.9971358791345232    
  0.10091      0.9971358840267375    
  0.100915      0.9971358889191897    
  0.10092000000000001      0.9971358938118815    
  0.100925      0.997135898704812    
  0.10093      0.9971359035979823    
  0.10093500000000001      0.9971359084913918    
  0.10094      0.9971359133850396    
  0.10094500000000001      0.9971359182789262    
  0.10095000000000001      0.9971359231730539    
  0.100955      0.9971359280674175    
  0.10096000000000001      0.9971359329620225    
  0.100965      0.9971359378568663    
  0.10097      0.9971359427519486    
  0.10097500000000001      0.9971359476472701    
  0.10098      0.9971359525428318    
  0.100985      0.9971359574386309    
  0.10099000000000001      0.9971359623346703    
  0.100995      0.9971359672309481    
  0.101      0.9971359721274656    
  0.10100500000000001      0.9971359770242216    
  0.10101      0.9971359819212169    
  0.10101500000000001      0.9971359868184515    
  0.10102      0.9971359917159258    
  0.101025      0.9971359966136367    
  0.10103000000000001      0.9971360015115897    
  0.101035      0.99713600640978    
  0.10104      0.9971360113082104    
  0.10104500000000001      0.9971360162068792    
  0.10105      0.9971360211057867    
  0.101055      0.9971360260049337    
  0.10106000000000001      0.99713603090432    
  0.101065      0.9971360358039449    
  0.10107000000000001      0.9971360407038092    
  0.101075      0.9971360456039123    
  0.10108      0.9971360505042554    
  0.10108500000000001      0.9971360554048366    
  0.10109      0.9971360603056579    
  0.101095      0.9971360652067177    
  0.10110000000000001      0.9971360701080165    
  0.101105      0.9971360750095541    
  0.10111      0.9971360799113312    
  0.10111500000000001      0.9971360848133474    
  0.10112      0.9971360897156019    
  0.101125      0.997136094618096    
  0.10113000000000001      0.997136099520829    
  0.101135      0.997136104423801    
  0.10114000000000001      0.9971361093270132    
  0.101145      0.9971361142304639    
  0.10115      0.9971361191341536    
  0.10115500000000001      0.9971361240380822    
  0.10116      0.9971361289422492    
  0.101165      0.9971361338466563    
  0.10117000000000001      0.9971361387513021    
  0.101175      0.9971361436561873    
  0.10118      0.9971361485613115    
  0.10118500000000001      0.9971361534666738    
  0.10119      0.9971361583722756    
  0.10119500000000001      0.9971361632781168    
  0.1012      0.9971361681841973    
  0.101205      0.9971361730905153    
  0.10121000000000001      0.9971361779970753    
  0.101215      0.9971361829038726    
  0.10122      0.9971361878109095    
  0.10122500000000001      0.9971361927181837    
  0.10123      0.9971361976256996    
  0.101235      0.9971362025334533    
  0.10124000000000001      0.9971362074414449    
  0.101245      0.9971362123496773    
  0.10125      0.9971362172581482    
  0.10125500000000001      0.9971362221668582    
  0.10126      0.9971362270758066    
  0.10126500000000001      0.9971362319849949    
  0.10127      0.9971362368944221    
  0.101275      0.9971362418040886    
  0.10128000000000001      0.9971362467139933    
  0.101285      0.9971362516241374    
  0.10129      0.9971362565345206    
  0.10129500000000001      0.9971362614451437    
  0.1013      0.9971362663560046    
  0.101305      0.9971362712671052    
  0.10131000000000001      0.9971362761784441    
  0.101315      0.9971362810900227    
  0.10132000000000001      0.9971362860018413    
  0.101325      0.9971362909138978    
  0.10133      0.9971362958261935    
  0.10133500000000001      0.9971363007387284    
  0.10134      0.9971363056515019    
  0.101345      0.9971363105645148    
  0.10135000000000001      0.9971363154777673    
  0.101355      0.9971363203912572    
  0.10136      0.997136325304988    
  0.10136500000000001      0.9971363302189574    
  0.10137      0.9971363351331654    
  0.101375      0.9971363400476126    
  0.10138000000000001      0.9971363449622986    
  0.101385      0.9971363498772251    
  0.10139000000000001      0.9971363547923888    
  0.101395      0.9971363597077924    
  0.1014      0.9971363646234351    
  0.10140500000000001      0.9971363695393163    
  0.10141      0.9971363744554358    
  0.101415      0.9971363793717964    
  0.10142000000000001      0.9971363842883949    
  0.101425      0.9971363892052325    
  0.10143      0.9971363941223096    
  0.10143500000000001      0.9971363990396243    
  0.10144      0.99713640395718    
  0.10144500000000001      0.9971364088749741    
  0.10145      0.9971364137930067    
  0.101455      0.9971364187112788    
  0.10146000000000001      0.9971364236297899    
  0.101465      0.9971364285485399    
  0.10147      0.9971364334675293    
  0.10147500000000001      0.9971364383867575    
  0.10148      0.9971364433062236    
  0.101485      0.9971364482259304    
  0.10149000000000001      0.9971364531458753    
  0.101495      0.9971364580660597    
  0.1015      0.9971364629864825    
  0.10150500000000001      0.9971364679071454    
  0.10151      0.9971364728280465    
  0.10151500000000001      0.9971364777491865    
  0.10152      0.9971364826705664    
  0.101525      0.9971364875921849    
  0.10153000000000001      0.9971364925140425    
  0.101535      0.9971364974361385    
  0.10154      0.9971365023584748    
  0.10154500000000001      0.997136507281049    
  0.10155      0.9971365122038631    
  0.101555      0.997136517126915    
  0.10156000000000001      0.997136522050207    
  0.101565      0.9971365269737383    
  0.10157000000000001      0.9971365318975075    
  0.101575      0.9971365368215168    
  0.10158      0.9971365417457647    
  0.10158500000000001      0.9971365466702505    
  0.10159      0.997136551594977    
  0.101595      0.9971365565199417    
  0.10160000000000001      0.9971365614451457    
  0.101605      0.997136566370589    
  0.10161      0.9971365712962709    
  0.10161500000000001      0.9971365762221914    
  0.10162      0.9971365811483524    
  0.10162500000000001      0.9971365860747506    
  0.10163      0.997136591001389    
  0.101635      0.9971365959282661    
  0.10164000000000001      0.9971366008553824    
  0.101645      0.9971366057827367    
  0.10165      0.9971366107103318    
  0.10165500000000001      0.9971366156381647    
  0.10166      0.9971366205662372    
  0.101665      0.9971366254945485    
  0.10167000000000001      0.9971366304230982    
  0.101675      0.9971366353518873    
  0.10168      0.9971366402809165    
  0.10168500000000001      0.9971366452101825    
  0.10169      0.9971366501396888    
  0.10169500000000001      0.9971366550694347    
  0.1017      0.9971366599994188    
  0.101705      0.9971366649296415    
  0.10171000000000001      0.9971366698601053    
  0.101715      0.9971366747908071    
  0.10172      0.9971366797217465    
  0.10172500000000001      0.9971366846529259    
  0.10173      0.9971366895843444    
  0.101735      0.9971366945160018    
  0.10174000000000001      0.9971366994478984    
  0.101745      0.9971367043800332    
  0.10175000000000001      0.9971367093124077    
  0.101755      0.9971367142450216    
  0.10176      0.9971367191778744    
  0.10176500000000001      0.9971367241109667    
  0.10177      0.9971367290442966    
  0.101775      0.9971367339778663    
  0.10178000000000001      0.9971367389116748    
  0.101785      0.9971367438457226    
  0.10179      0.9971367487800092    
  0.10179500000000001      0.9971367537145344    
  0.1018      0.9971367586492993    
  0.101805      0.9971367635843021    
  0.10181000000000001      0.9971367685195449    
  0.101815      0.9971367734550272    
  0.10182000000000001      0.9971367783907474    
  0.101825      0.9971367833267071    
  0.10183      0.9971367882629056    
  0.10183500000000001      0.9971367931993433    
  0.10184      0.9971367981360202    
  0.101845      0.997136803072936    
  0.10185000000000001      0.9971368080100902    
  0.101855      0.9971368129474836    
  0.10186      0.9971368178851165    
  0.10186500000000001      0.9971368228229875    
  0.10187      0.997136827761099    
  0.10187500000000001      0.9971368326994482    
  0.10188      0.9971368376380371    
  0.101885      0.9971368425768647    
  0.10189000000000001      0.9971368475159312    
  0.101895      0.9971368524552375    
  0.1019      0.9971368573947808    
  0.10190500000000001      0.9971368623345647    
  0.10191      0.9971368672745881    
  0.101915      0.9971368722148485    
  0.10192000000000001      0.9971368771553499    
  0.101925      0.9971368820960891    
  0.10193      0.9971368870370685    
  0.101935      0.9971368919782855    
  0.10194      0.9971368969197422    
  0.10194500000000001      0.9971369018614378    
  0.10195      0.997136906803372    
  0.101955      0.9971369117455468    
  0.10196000000000001      0.9971369166879586    
  0.101965      0.9971369216306101    
  0.10197      0.9971369265735003    
  0.10197500000000001      0.99713693151663    
  0.10198      0.9971369364599989    
  0.101985      0.9971369414036053    
  0.10199000000000001      0.9971369463474522    
  0.101995      0.9971369512915379    
  0.10200000000000001      0.9971369562358626    
  0.102005      0.9971369611804255    
  0.10201      0.9971369661252288    
  0.10201500000000001      0.9971369710702693    
  0.10202      0.9971369760155502    
  0.102025      0.9971369809610693    
  0.10203000000000001      0.9971369859068279    
  0.102035      0.9971369908528265    
  0.10204      0.9971369957990612    
  0.10204500000000001      0.9971370007455369    
  0.10205      0.997137005692251    
  0.102055      0.997137010639204    
  0.10206000000000001      0.997137015586397    
  0.102065      0.9971370205338277    
  0.10207000000000001      0.9971370254814985    
  0.102075      0.9971370304294075    
  0.10208      0.9971370353775553    
  0.10208500000000001      0.9971370403259433    
  0.10209      0.997137045274569    
  0.102095      0.9971370502234336    
  0.10210000000000001      0.9971370551725379    
  0.102105      0.9971370601218809    
  0.10211      0.9971370650714628    
  0.10211500000000001      0.9971370700212842    
  0.10212      0.9971370749713435    
  0.10212500000000001      0.9971370799216431    
  0.10213      0.9971370848721816    
  0.102135      0.9971370898229579    
  0.10214000000000001      0.9971370947739744    
  0.102145      0.997137099725228    
  0.10215      0.9971371046767226    
  0.10215500000000001      0.9971371096284547    
  0.10216      0.9971371145804266    
  0.102165      0.997137119532638    
  0.10217000000000001      0.9971371244850875    
  0.102175      0.9971371294377757    
  0.10218      0.9971371343907043    
  0.102185      0.9971371393438703    
  0.10219      0.9971371442972758    
  0.10219500000000001      0.9971371492509207    
  0.1022      0.9971371542048045    
  0.102205      0.9971371591589276    
  0.10221000000000001      0.9971371641132881    
  0.102215      0.9971371690678894    
  0.10222      0.9971371740227277    
  0.10222500000000001      0.9971371789778065    
  0.10223      0.9971371839331236    
  0.102235      0.9971371888886797    
  0.10224      0.9971371938444764    
  0.102245      0.9971371988005093    
  0.10225000000000001      0.9971372037567832    
  0.102255      0.9971372087132955    
  0.10226      0.9971372136700457    
  0.10226500000000001      0.9971372186270359    
  0.10227      0.9971372235842646    
  0.102275      0.9971372285417326    
  0.10228000000000001      0.9971372334994388    
  0.102285      0.9971372384573853    
  0.10229      0.9971372434155703    
  0.10229500000000001      0.997137248373995    
  0.1023      0.9971372533326575    
  0.10230500000000001      0.9971372582915594    
  0.10231      0.9971372632506998    
  0.102315      0.9971372682100789    
  0.10232000000000001      0.9971372731696976    
  0.102325      0.9971372781295552    
  0.10233      0.9971372830896519    
  0.10233500000000001      0.9971372880499865    
  0.10234      0.9971372930105615    
  0.102345      0.9971372979713746    
  0.10235000000000001      0.9971373029324272    
  0.102355      0.9971373078937183    
  0.10236      0.9971373128552483    
  0.10236500000000001      0.9971373178170184    
  0.10237      0.9971373227790256    
  0.10237500000000001      0.9971373277412727    
  0.10238      0.9971373327037594    
  0.102385      0.9971373376664843    
  0.10239000000000001      0.9971373426294475    
  0.102395      0.997137347592651    
  0.1024      0.9971373525560931    
  0.10240500000000001      0.9971373575197728    
  0.10241      0.9971373624836928    
  0.102415      0.997137367447851    
  0.10242000000000001      0.99713737241225    
  0.102425      0.9971373773768858    
  0.10243000000000001      0.9971373823417606    
  0.102435      0.9971373873068754    
  0.10244      0.9971373922722291    
  0.10244500000000001      0.9971373972378208    
  0.10245      0.9971374022036527    
  0.102455      0.9971374071697233    
  0.10246000000000001      0.9971374121360318    
  0.102465      0.9971374171025799    
  0.10247      0.997137422069367    
  0.10247500000000001      0.9971374270363929    
  0.10248      0.9971374320036579    
  0.102485      0.9971374369711618    
  0.10249      0.997137441938904    
  0.102495      0.9971374469068857    
  0.10250000000000001      0.997137451875107    
  0.102505      0.9971374568435657    
  0.10251      0.9971374618122644    
  0.10251500000000001      0.9971374667812015    
  0.10252      0.9971374717503789    
  0.102525      0.9971374767197934    
  0.10253000000000001      0.9971374816894478    
  0.102535      0.997137486659341    
  0.10254      0.9971374916294722    
  0.10254500000000001      0.9971374965998441    
  0.10255      0.9971375015704542    
  0.10255500000000001      0.9971375065413027    
  0.10256      0.9971375115123908    
  0.102565      0.9971375164837178    
  0.10257      0.9971375214552838    
  0.102575      0.9971375264270879    
  0.10258      0.9971375313991322    
  0.102585      0.997137536371414    
  0.10259      0.9971375413439355    
  0.10259499999999999      0.9971375463166954    
  0.1026      0.9971375512896956    
  0.102605      0.9971375562629324    
  0.10260999999999999      0.9971375612364107    
  0.102615      0.9971375662101265    
  0.10262      0.9971375711840816    
  0.102625      0.9971375761582757    
  0.10263      0.9971375811327079    
  0.102635      0.9971375861073798    
  0.10264      0.9971375910822903    
  0.102645      0.9971375960574398    
  0.10265      0.9971376010328292    
  0.102655      0.9971376060084557    
  0.10266      0.9971376109843229    
  0.10266499999999999      0.9971376159604279    
  0.10267      0.997137620936772    
  0.102675      0.997137625913355    
  0.10268      0.9971376308901774    
  0.102685      0.9971376358672377    
  0.10269      0.9971376408445382    
  0.102695      0.9971376458220772    
  0.1027      0.9971376507998535    
  0.102705      0.9971376557778713    
  0.10271      0.9971376607561264    
  0.102715      0.9971376657346214    
  0.10271999999999999      0.9971376707133536    
  0.102725      0.997137675692326    
  0.10273      0.997137680671538    
  0.10273499999999999      0.9971376856509887    
  0.10274      0.997137690630677    
  0.102745      0.9971376956106048    
  0.10275      0.997137700590772    
  0.102755      0.9971377055711772    
  0.10276      0.997137710551822    
  0.102765      0.9971377155327049    
  0.10277      0.9971377205138285    
  0.102775      0.9971377254951895    
  0.10278      0.9971377304767896    
  0.102785      0.9971377354586287    
  0.10278999999999999      0.9971377404407064    
  0.102795      0.9971377454230235    
  0.1028      0.9971377504055805    
  0.102805      0.9971377553883745    
  0.10281      0.9971377603714083    
  0.102815      0.9971377653546811    
  0.10282      0.997137770338193    
  0.102825      0.9971377753219436    
  0.10283      0.997137780305933    
  0.102835      0.9971377852901604    
  0.10284      0.9971377902746279    
  0.10284499999999999      0.9971377952593342    
  0.10285      0.9971378002442792    
  0.102855      0.9971378052294618    
  0.10286      0.9971378102148852    
  0.102865      0.997137815200548    
  0.10287      0.9971378201864475    
  0.102875      0.9971378251725873    
  0.10288      0.9971378301589662    
  0.102885      0.9971378351455829    
  0.10289      0.9971378401324394    
  0.102895      0.9971378451195345    
  0.10289999999999999      0.997137850106868    
  0.102905      0.997137855094441    
  0.10291      0.9971378600822531    
  0.10291499999999999      0.9971378650703029    
  0.10292      0.9971378700585927    
  0.102925      0.9971378750471218    
  0.10293      0.9971378800358884    
  0.102935      0.9971378850248953    
  0.10294      0.99713789001414    
  0.102945      0.9971378950036235    
  0.10295      0.9971378999933473    
  0.102955      0.9971379049833089    
  0.10296      0.9971379099735094    
  0.102965      0.9971379149639493    
  0.10296999999999999      0.997137919954627    
  0.102975      0.9971379249455448    
  0.10298      0.997137929936701    
  0.102985      0.9971379349280958    
  0.10299      0.9971379399197297    
  0.102995      0.9971379449116031    
  0.103      0.997137949903715    
  0.103005      0.9971379548960654    
  0.10301      0.9971379598886555    
  0.103015      0.997137964881484    
  0.10302      0.9971379698745505    
  0.10302499999999999      0.9971379748678573    
  0.10303      0.9971379798614017    
  0.103035      0.9971379848551863    
  0.10303999999999999      0.9971379898492096    
  0.103045      0.9971379948434704    
  0.10305      0.9971379998379717    
  0.103055      0.9971380048327109    
  0.10306      0.9971380098276891    
  0.103065      0.9971380148229066    
  0.10307      0.9971380198183627    
  0.103075      0.9971380248140578    
  0.10308      0.9971380298099914    
  0.103085      0.9971380348061641    
  0.10309      0.9971380398025758    
  0.10309499999999999      0.9971380447992256    
  0.1031      0.9971380497961159    
  0.103105      0.9971380547932438    
  0.10311      0.9971380597906119    
  0.103115      0.9971380647882178    
  0.10312      0.9971380697860626    
  0.103125      0.9971380747841458    
  0.10313      0.9971380797824695    
  0.103135      0.9971380847810308    
  0.10314      0.9971380897798314    
  0.103145      0.9971380947788695    
  0.10314999999999999      0.997138099778148    
  0.103155      0.9971381047776655    
  0.10316      0.9971381097774213    
  0.10316499999999999      0.9971381147774169    
  0.10317      0.9971381197776494    
  0.103175      0.997138124778122    
  0.10318      0.9971381297788341    
  0.103185      0.9971381347797839    
  0.10319      0.9971381397809731    
  0.103195      0.9971381447824019    
  0.1032      0.9971381497840682    
  0.10320499999999999      0.9971381547859737    
  0.10321      0.9971381597881175    
  0.103215      0.9971381647905022    
  0.10321999999999999      0.997138169793124    
  0.103225      0.9971381747959854    
  0.10323      0.9971381797990855    
  0.103235      0.997138184802423    
  0.10324      0.9971381898060017    
  0.103245      0.9971381948098181    
  0.10325      0.9971381998138736    
  0.103255      0.9971382048181678    
  0.10326      0.9971382098227012    
  0.103265      0.9971382148274731    
  0.10327      0.9971382198324851    
  0.10327499999999999      0.9971382248377341    
  0.10328      0.9971382298432229    
  0.103285      0.9971382348489505    
  0.10328999999999999      0.9971382398549165    
  0.103295      0.9971382448611219    
  0.1033      0.9971382498675658    
  0.103305      0.9971382548742487    
  0.10331      0.9971382598811713    
  0.103315      0.9971382648883313    
  0.10332      0.9971382698957303    
  0.103325      0.9971382749033694    
  0.10332999999999999      0.9971382799112463    
  0.103335      0.9971382849193616    
  0.10334      0.9971382899277175    
  0.10334499999999999      0.9971382949363112    
  0.10335      0.9971382999451435    
  0.103355      0.9971383049542151    
  0.10336      0.997138309963526    
  0.103365      0.9971383149730741    
  0.10337      0.9971383199828623    
  0.103375      0.9971383249928898    
  0.10338      0.9971383300031551    
  0.103385      0.9971383350136604    
  0.10339      0.9971383400244034    
  0.103395      0.9971383450353852    
  0.10339999999999999      0.9971383500466064    
  0.103405      0.9971383550580666    
  0.10341      0.9971383600697648    
  0.10341499999999999      0.9971383650817027    
  0.10342      0.9971383700938795    
  0.103425      0.9971383751062945    
  0.10343      0.9971383801189476    
  0.103435      0.9971383851318418    
  0.10344      0.9971383901449732    
  0.103445      0.9971383951583445    
  0.10345      0.9971384001719542    
  0.10345499999999999      0.9971384051858019    
  0.10346      0.99713841019989    
  0.103465      0.9971384152142153    
  0.10346999999999999      0.9971384202287801    
  0.103475      0.9971384252435842    
  0.10348      0.9971384302586264    
  0.103485      0.9971384352739083    
  0.10349      0.9971384402894283    
  0.103495      0.9971384453051866    
  0.1035      0.9971384503211853    
  0.103505      0.9971384553374223    
  0.10351      0.9971384603538972    
  0.103515      0.9971384653706118    
  0.10352      0.9971384703875659    
  0.10352499999999999      0.9971384754047569    
  0.10353      0.9971384804221886    
  0.103535      0.9971384854398578    
  0.10354      0.9971384904577665    
  0.103545      0.9971384954759146    
  0.10355      0.9971385004943    
  0.103555      0.9971385055129255    
  0.10356      0.9971385105317896    
  0.103565      0.9971385155508915    
  0.10357      0.9971385205702333    
  0.103575      0.9971385255898145    
  0.10357999999999999      0.9971385306096343    
  0.103585      0.9971385356296911    
  0.10359      0.9971385406499879    
  0.10359499999999999      0.9971385456705243    
  0.1036      0.9971385506912982    
  0.103605      0.9971385557123115    
  0.10361      0.9971385607335636    
  0.103615      0.9971385657550551    
  0.10362      0.9971385707767852    
  0.103625      0.9971385757987536    
  0.10363      0.99713858082096    
  0.103635      0.9971385858434071    
  0.10364      0.997138590866093    
  0.103645      0.9971385958890162    
  0.10364999999999999      0.9971386009121787    
  0.103655      0.9971386059355802    
  0.10366      0.9971386109592213    
  0.103665      0.9971386159831002    
  0.10367      0.9971386210072182    
  0.103675      0.9971386260315749    
  0.10368      0.9971386310561707    
  0.103685      0.9971386360810052    
  0.10369      0.9971386411060783    
  0.103695      0.9971386461313907    
  0.1037      0.9971386511569406    
  0.10370499999999999      0.9971386561827316    
  0.10371      0.99713866120876    
  0.103715      0.9971386662350272    
  0.10371999999999999      0.9971386712615331    
  0.103725      0.9971386762882789    
  0.10373      0.9971386813152623    
  0.103735      0.9971386863424848    
  0.10374      0.9971386913699463    
  0.103745      0.9971386963976466    
  0.10375      0.9971387014255851    
  0.103755      0.9971387064537635    
  0.10375999999999999      0.9971387114821808    
  0.103765      0.997138716510836    
  0.10377      0.9971387215397293    
  0.10377499999999999      0.9971387265688629    
  0.10378      0.9971387315982355    
  0.103785      0.9971387366278461    
  0.10379      0.9971387416576952    
  0.103795      0.9971387466877835    
  0.1038      0.9971387517181107    
  0.103805      0.9971387567486768    
  0.10381      0.997138761779481    
  0.103815      0.9971387668105256    
  0.10382      0.9971387718418075    
  0.103825      0.9971387768733284    
  0.10382999999999999      0.9971387819050888    
  0.103835      0.9971387869370871    
  0.10384      0.9971387919693253    
  0.10384499999999999      0.9971387970018017    
  0.10385      0.9971388020345172    
  0.103855      0.9971388070674709    
  0.10386      0.9971388121006635    
  0.103865      0.9971388171340951    
  0.10387      0.9971388221677654    
  0.103875      0.9971388272016743    
  0.10388      0.9971388322358228    
  0.10388499999999999      0.9971388372702097    
  0.10389      0.9971388423048347    
  0.103895      0.9971388473396995    
  0.10389999999999999      0.9971388523748023    
  0.103905      0.9971388574101441    
  0.10391      0.9971388624457247    
  0.103915      0.9971388674815451    
  0.10392      0.9971388725176028    
  0.103925      0.9971388775539005    
  0.10393      0.9971388825904368    
  0.103935      0.9971388876272109    
  0.10394      0.9971388926642243    
  0.103945      0.9971388977014769    
  0.10395      0.9971389027389675    
  0.10395499999999999      0.9971389077766973    
  0.10396      0.9971389128146659    
  0.103965      0.9971389178528738    
  0.10396999999999999      0.9971389228913192    
  0.103975      0.9971389279300051    
  0.10398      0.997138932968929    
  0.103985      0.9971389380080921    
  0.10399      0.9971389430474924    
  0.103995      0.9971389480871334    
  0.104      0.9971389531270118    
  0.104005      0.9971389581671306    
  0.10400999999999999      0.9971389632074864    
  0.104015      0.9971389682480813    
  0.10402      0.9971389732889157    
  0.10402499999999999      0.9971389783299889    
  0.10403      0.9971389833713007    
  0.104035      0.9971389884128511    
  0.10404      0.9971389934546396    
  0.104045      0.997138998496668    
  0.10405      0.9971390035389347    
  0.104055      0.9971390085814399    
  0.10406      0.9971390136241851    
  0.10406499999999999      0.9971390186671681    
  0.10407      0.99713902371039    
  0.104075      0.9971390287538513    
  0.10407999999999999      0.9971390337975505    
  0.104085      0.9971390388414887    
  0.10409      0.9971390438856651    
  0.104095      0.9971390489300819    
  0.1041      0.997139053974736    
  0.104105      0.9971390590196295    
  0.10411      0.9971390640647608    
  0.104115      0.997139069110132    
  0.10412      0.9971390741557417    
  0.104125      0.9971390792015902    
  0.10413      0.9971390842476775    
  0.10413499999999999      0.9971390892940036    
  0.10414      0.997139094340568    
  0.104145      0.9971390993873713    
  0.10414999999999999      0.9971391044344139    
  0.104155      0.9971391094816948    
  0.10416      0.9971391145292154    
  0.104165      0.9971391195769739    
  0.10417      0.9971391246249703    
  0.104175      0.997139129673207    
  0.10418      0.9971391347216824    
  0.104185      0.997139139770396    
  0.10418999999999999      0.9971391448193483    
  0.104195      0.9971391498685389    
  0.1042      0.9971391549179697    
  0.10420499999999999      0.9971391599676378    
  0.10421      0.9971391650175461    
  0.104215      0.997139170067692    
  0.10422      0.9971391751180773    
  0.104225      0.9971391801687006    
  0.10423      0.9971391852195632    
  0.104235      0.9971391902706641    
  0.10424      0.9971391953220043    
  0.104245      0.9971392003735832    
  0.10425      0.9971392054254009    
  0.104255      0.9971392104774577    
  0.10425999999999999      0.9971392155297527    
  0.104265      0.9971392205822861    
  0.10427      0.9971392256350586    
  0.10427499999999999      0.99713923068807    
  0.10428      0.9971392357413211    
  0.104285      0.9971392407948096    
  0.10429      0.997139245848537    
  0.104295      0.9971392509025035    
  0.1043      0.9971392559567085    
  0.104305      0.9971392610111529    
  0.10431      0.9971392660658345    
  0.10431499999999999      0.997139271120757    
  0.10432      0.9971392761759175    
  0.104325      0.9971392812313157    
  0.10432999999999999      0.9971392862869531    
  0.104335      0.9971392913428294    
  0.10434      0.9971392963989445    
  0.104345      0.9971393014552992    
  0.10435      0.997139306511892    
  0.104355      0.9971393115687235    
  0.10436      0.9971393166257934    
  0.104365      0.9971393216831016    
  0.10437      0.9971393267406499    
  0.104375      0.9971393317984363    
  0.10438      0.997139336856462    
  0.10438499999999999      0.9971393419147254    
  0.10439      0.9971393469732277    
  0.104395      0.9971393520319691    
  0.10439999999999999      0.9971393570909488    
  0.104405      0.9971393621501687    
  0.10441      0.9971393672096263    
  0.104415      0.997139372269322    
  0.10442      0.9971393773292575    
  0.104425      0.9971393823894308    
  0.10443      0.9971393874498432    
  0.104435      0.9971393925104959    
  0.10443999999999999      0.9971393975713854    
  0.104445      0.997139402632514    
  0.10445      0.9971394076938822    
  0.10445499999999999      0.9971394127554883    
  0.10446      0.9971394178173335    
  0.104465      0.9971394228794171    
  0.10447      0.9971394279417403    
  0.104475      0.9971394330043017    
  0.10448      0.9971394380671013    
  0.104485      0.9971394431301404    
  0.10449      0.9971394481934173    
  0.104495      0.9971394532569336    
  0.1045      0.9971394583206885    
  0.104505      0.9971394633846815    
  0.10450999999999999      0.9971394684489152    
  0.104515      0.9971394735133858    
  0.10452      0.9971394785780952    
  0.10452499999999999      0.9971394836430443    
  0.10453      0.9971394887082308    
  0.104535      0.9971394937736581    
  0.10454      0.9971394988393226    
  0.104545      0.9971395039052255    
  0.10455      0.9971395089713679    
  0.104555      0.9971395140377493    
  0.10456      0.9971395191043689    
  0.10456499999999999      0.997139524171228    
  0.10457      0.9971395292383254    
  0.104575      0.9971395343056607    
  0.10457999999999999      0.9971395393732353    
  0.104585      0.9971395444410476    
  0.10459      0.9971395495091002    
  0.104595      0.9971395545773911    
  0.1046      0.9971395596459212    
  0.104605      0.9971395647146895    
  0.10461      0.997139569783696    
  0.104615      0.997139574852941    
  0.10461999999999999      0.9971395799224265    
  0.104625      0.9971395849921488    
  0.10463      0.9971395900621105    
  0.10463499999999999      0.9971395951323121    
  0.10464      0.9971396002027502    
  0.104645      0.9971396052734296    
  0.10464999999999999      0.9971396103443458    
  0.104655      0.9971396154155014    
  0.10466      0.9971396204868953    
  0.104665      0.997139625558528    
  0.10467      0.9971396306304005    
  0.104675      0.9971396357025104    
  0.10468      0.9971396407748595    
  0.104685      0.9971396458474473    
  0.10468999999999999      0.9971396509202739    
  0.104695      0.9971396559933381    
  0.1047      0.9971396610666428    
  0.10470499999999999      0.9971396661401858    
  0.10471      0.9971396712139673    
  0.104715      0.9971396762879863    
  0.10472      0.9971396813622455    
  0.104725      0.9971396864367426    
  0.10473      0.9971396915114794    
  0.104735      0.9971396965864538    
  0.10474      0.9971397016616668    
  0.10474499999999999      0.997139706737119    
  0.10475      0.9971397118128108    
  0.104755      0.9971397168887408    
  0.10475999999999999      0.9971397219649086    
  0.104765      0.9971397270413159    
  0.10477      0.997139732117962    
  0.104775      0.997139737194846    
  0.10478      0.9971397422719698    
  0.104785      0.9971397473493315    
  0.10479      0.9971397524269325    
  0.104795      0.9971397575047721    
  0.1048      0.9971397625828504    
  0.104805      0.9971397676611667    
  0.10481      0.9971397727397222    
  0.10481499999999999      0.9971397778185165    
  0.10482      0.997139782897549    
  0.104825      0.9971397879768209    
  0.10482999999999999      0.9971397930563305    
  0.104835      0.9971397981360794    
  0.10484      0.997139803216068    
  0.104845      0.9971398082962935    
  0.10485      0.9971398133767584    
  0.104855      0.997139818457463    
  0.10486      0.9971398235384058    
  0.104865      0.9971398286195865    
  0.10486999999999999      0.9971398337010061    
  0.104875      0.9971398387826648    
  0.10488      0.9971398438645622    
  0.10488499999999999      0.9971398489466986    
  0.10489      0.9971398540290731    
  0.104895      0.9971398591116865    
  0.1049      0.9971398641945384    
  0.104905      0.9971398692776289    
  0.10491      0.9971398743609585    
  0.104915      0.9971398794445259    
  0.10492      0.9971398845283328    
  0.10492499999999999      0.9971398896123793    
  0.10493      0.9971398946966623    
  0.104935      0.9971398997811854    
  0.10493999999999999      0.9971399048659468    
  0.104945      0.9971399099509479    
  0.10495      0.9971399150361876    
  0.10495499999999999      0.9971399201216642    
  0.10496      0.9971399252073802    
  0.104965      0.997139930293336    
  0.10497      0.9971399353795289    
  0.104975      0.9971399404659622    
  0.10498      0.9971399455526327    
  0.104985      0.9971399506395425    
  0.10499      0.9971399557266915    
  0.10499499999999999      0.9971399608140776    
  0.105      0.9971399659017043    
  0.105005      0.9971399709895687    
  0.10500999999999999      0.9971399760776714    
  0.105015      0.9971399811660127    
  0.10502      0.9971399862545935    
  0.105025      0.9971399913434127    
  0.10503      0.9971399964324706    
  0.105035      0.9971400015217671    
  0.10504      0.9971400066113031    
  0.105045      0.9971400117010775    
  0.10504999999999999      0.9971400167910898    
  0.105055      0.9971400218813407    
  0.10506      0.9971400269718305    
  0.10506499999999999      0.9971400320625595    
  0.10507      0.9971400371535266    
  0.105075      0.9971400422447326    
  0.10507999999999999      0.9971400473361764    
  0.105085      0.9971400524278609    
  0.10509      0.9971400575197824    
  0.105095      0.9971400626119437    
  0.1051      0.997140067704343    
  0.105105      0.9971400727969816    
  0.10511      0.9971400778898575    
  0.105115      0.9971400829829735    
  0.10512      0.9971400880763273    
  0.10512500000000001      0.9971400931699201    
  0.10513      0.9971400982637513    
  0.105135      0.9971401033578214    
  0.10514000000000001      0.9971401084521296    
  0.105145      0.9971401135466776    
  0.10515000000000001      0.9971401186414637    
  0.105155      0.9971401237364876    
  0.10516      0.9971401288317518    
  0.10516500000000001      0.997140133927254    
  0.10517      0.9971401390229944    
  0.105175      0.9971401441189731    
  0.10518000000000001      0.9971401492151912    
  0.105185      0.9971401543116485    
  0.10519      0.9971401594083434    
  0.10519500000000001      0.9971401645052776    
  0.1052      0.9971401696024501    
  0.105205      0.9971401746998615    
  0.10521000000000001      0.9971401797975112    
  0.105215      0.9971401848954007    
  0.10522000000000001      0.9971401899935279    
  0.105225      0.9971401950918942    
  0.10523      0.9971402001904988    
  0.10523500000000001      0.9971402052893419    
  0.10524      0.9971402103884233    
  0.105245      0.9971402154877453    
  0.10525000000000001      0.9971402205873039    
  0.105255      0.9971402256871021    
  0.10526      0.997140230787138    
  0.10526500000000001      0.997140235887414    
  0.10527      0.9971402409879276    
  0.10527500000000001      0.9971402460886805    
  0.10528      0.9971402511896721    
  0.105285      0.9971402562909017    
  0.10529000000000001      0.9971402613923699    
  0.105295      0.9971402664940774    
  0.1053      0.9971402715960227    
  0.10530500000000001      0.9971402766982067    
  0.10531      0.997140281800631    
  0.105315      0.9971402869032922    
  0.10532000000000001      0.997140292006192    
  0.105325      0.9971402971093324    
  0.10533000000000001      0.9971403022127103    
  0.10533500000000001      0.9971403073163262    
  0.10534      0.9971403124201812    
  0.10534500000000001      0.9971403175242753    
  0.10535      0.9971403226286067    
  0.105355      0.997140327733179    
  0.10536000000000001      0.9971403328379879    
  0.105365      0.997140337943036    
  0.10537      0.9971403430483237    
  0.10537500000000001      0.9971403481538492    
  0.10538      0.9971403532596134    
  0.105385      0.9971403583656162    
  0.10539000000000001      0.997140363471857    
  0.105395      0.9971403685783371    
  0.10540000000000001      0.9971403736850559    
  0.105405      0.9971403787920142    
  0.10541      0.9971403838992101    
  0.10541500000000001      0.9971403890066455    
  0.10542      0.997140394114318    
  0.105425      0.9971403992222302    
  0.10543000000000001      0.9971404043303803    
  0.105435      0.9971404094387699    
  0.10544      0.9971404145473974    
  0.10544500000000001      0.9971404196562641    
  0.10545      0.9971404247653693    
  0.10545500000000001      0.9971404298747131    
  0.10546      0.997140434984296    
  0.105465      0.9971404400941171    
  0.10547000000000001      0.9971404452041772    
  0.105475      0.9971404503144747    
  0.10548      0.9971404554250122    
  0.10548500000000001      0.9971404605357874    
  0.10549      0.9971404656468028    
  0.105495      0.9971404707580547    
  0.10550000000000001      0.9971404758695462    
  0.105505      0.9971404809812763    
  0.10551      0.9971404860932449    
  0.10551500000000001      0.9971404912054522    
  0.10552      0.9971404963178992    
  0.10552500000000001      0.9971405014305835    
  0.10553      0.9971405065435066    
  0.105535      0.9971405116566686    
  0.10554000000000001      0.9971405167700688    
  0.105545      0.9971405218837086    
  0.10555      0.9971405269975865    
  0.10555500000000001      0.9971405321117026    
  0.10556      0.9971405372260573    
  0.105565      0.9971405423406512    
  0.10557000000000001      0.9971405474554842    
  0.105575      0.9971405525705556    
  0.10558000000000001      0.9971405576858645    
  0.105585      0.9971405628014124    
  0.10559      0.9971405679171987    
  0.10559500000000001      0.997140573033225    
  0.1056      0.9971405781494886    
  0.105605      0.9971405832659912    
  0.10561000000000001      0.9971405883827323    
  0.105615      0.9971405934997135    
  0.10562      0.997140598616931    
  0.10562500000000001      0.9971406037343884    
  0.10563      0.9971406088520848    
  0.105635      0.9971406139700187    
  0.10564000000000001      0.9971406190881912    
  0.105645      0.9971406242066025    
  0.10565000000000001      0.9971406293252528    
  0.105655      0.9971406344441425    
  0.10566      0.9971406395632691    
  0.10566500000000001      0.9971406446826351    
  0.10567      0.99714064980224    
  0.105675      0.9971406549220836    
  0.10568000000000001      0.9971406600421653    
  0.105685      0.9971406651624861    
  0.10569      0.9971406702830454    
  0.10569500000000001      0.9971406754038432    
  0.1057      0.9971406805248791    
  0.10570500000000001      0.9971406856461543    
  0.10571      0.9971406907676681    
  0.105715      0.9971406958894202    
  0.10572000000000001      0.9971407010114118    
  0.105725      0.9971407061336404    
  0.10573      0.9971407112561081    
  0.10573500000000001      0.9971407163788146    
  0.10574      0.99714072150176    
  0.105745      0.9971407266249444    
  0.10575000000000001      0.9971407317483674    
  0.105755      0.9971407368720278    
  0.10576      0.9971407419959271    
  0.105765      0.9971407471200653    
  0.10577      0.9971407522444422    
  0.10577500000000001      0.9971407573690585    
  0.10578      0.9971407624939119    
  0.105785      0.9971407676190047    
  0.10579000000000001      0.997140772744336    
  0.105795      0.9971407778699064    
  0.1058      0.9971407829957146    
  0.10580500000000001      0.997140788121762    
  0.10581      0.9971407932480472    
  0.105815      0.9971407983745713    
  0.10582000000000001      0.9971408035013337    
  0.105825      0.997140808628336    
  0.10583000000000001      0.9971408137555768    
  0.105835      0.9971408188830548    
  0.10584      0.997140824010772    
  0.10584500000000001      0.9971408291387278    
  0.10585      0.9971408342669219    
  0.105855      0.9971408393953565    
  0.10586000000000001      0.9971408445240265    
  0.105865      0.997140849652938    
  0.10587      0.9971408547820861    
  0.10587500000000001      0.9971408599114726    
  0.10588      0.9971408650410998    
  0.105885      0.9971408701709642    
  0.10589      0.9971408753010673    
  0.105895      0.9971408804314092    
  0.10590000000000001      0.9971408855619895    
  0.105905      0.9971408906928083    
  0.10591      0.9971408958238666    
  0.10591500000000001      0.9971409009551623    
  0.10592      0.997140906086697    
  0.105925      0.9971409112184701    
  0.10593000000000001      0.9971409163504822    
  0.105935      0.9971409214827325    
  0.10594      0.9971409266152216    
  0.10594500000000001      0.9971409317479499    
  0.10595      0.9971409368809155    
  0.10595500000000001      0.9971409420141208    
  0.10596      0.9971409471475636    
  0.105965      0.9971409522812458    
  0.10597000000000001      0.9971409574151675    
  0.105975      0.9971409625493263    
  0.10598      0.9971409676837232    
  0.10598500000000001      0.9971409728183603    
  0.10599      0.997140977953235    
  0.105995      0.9971409830883486    
  0.10600000000000001      0.9971409882237008    
  0.106005      0.9971409933592914    
  0.10601000000000001      0.9971409984951206    
  0.106015      0.997141003631188    
  0.10602      0.9971410087674955    
  0.10602500000000001      0.99714101390404    
  0.10603      0.9971410190408229    
  0.106035      0.9971410241778452    
  0.10604000000000001      0.9971410293151056    
  0.106045      0.9971410344526053    
  0.10605      0.9971410395903428    
  0.10605500000000001      0.99714104472832    
  0.10606      0.9971410498665351    
  0.106065      0.9971410550049886    
  0.10607000000000001      0.9971410601436806    
  0.106075      0.9971410652826109    
  0.10608000000000001      0.9971410704217802    
  0.106085      0.997141075561188    
  0.10609      0.9971410807008346    
  0.10609500000000001      0.9971410858407196    
  0.1061      0.9971410909808437    
  0.106105      0.9971410961212056    
  0.10611000000000001      0.997141101261807    
  0.106115      0.9971411064026454    
  0.10612      0.9971411115437241    
  0.10612500000000001      0.9971411166850397    
  0.10613      0.9971411218265953    
  0.10613500000000001      0.9971411269683889    
  0.10614      0.9971411321104205    
  0.106145      0.9971411372526913    
  0.10615000000000001      0.9971411423952006    
  0.106155      0.9971411475379485    
  0.10616      0.9971411526809344    
  0.10616500000000001      0.9971411578241598    
  0.10617      0.9971411629676232    
  0.106175      0.9971411681113256    
  0.10618000000000001      0.9971411732552655    
  0.106185      0.9971411783994459    
  0.10619      0.9971411835438627    
  0.10619500000000001      0.9971411886885191    
  0.1062      0.9971411938334136    
  0.10620500000000001      0.997141198978547    
  0.10621      0.9971412041239196    
  0.106215      0.9971412092695296    
  0.10622000000000001      0.9971412144153787    
  0.106225      0.9971412195614667    
  0.10623      0.997141224707793    
  0.10623500000000001      0.997141229854358    
  0.10624      0.997141235001161    
  0.106245      0.997141240148203    
  0.10625000000000001      0.997141245295483    
  0.106255      0.997141250443002    
  0.10626000000000001      0.9971412555907597    
  0.106265      0.9971412607387559    
  0.10627      0.9971412658869906    
  0.10627500000000001      0.9971412710354635    
  0.10628      0.9971412761841757    
  0.106285      0.9971412813331255    
  0.10629000000000001      0.9971412864823146    
  0.106295      0.9971412916317419    
  0.1063      0.9971412967814074    
  0.10630500000000001      0.997141301931312    
  0.10631      0.9971413070814552    
  0.106315      0.9971413122318369    
  0.10632      0.9971413173824569    
  0.106325      0.9971413225333163    
  0.10633000000000001      0.9971413276844132    
  0.106335      0.9971413328357484    
  0.10634      0.9971413379873224    
  0.10634500000000001      0.9971413431391358    
  0.10635      0.997141348291188    
  0.106355      0.9971413534434772    
  0.10636000000000001      0.9971413585960055    
  0.106365      0.9971413637487729    
  0.10637      0.9971413689017784    
  0.10637500000000001      0.9971413740550222    
  0.10638      0.9971413792085047    
  0.10638500000000001      0.9971413843622257    
  0.10639      0.9971413895161867    
  0.106395      0.9971413946703844    
  0.10640000000000001      0.997141399824821    
  0.106405      0.997141404979497    
  0.10641      0.9971414101344107    
  0.10641500000000001      0.9971414152895628    
  0.10642      0.9971414204449537    
  0.106425      0.9971414256005832    
  0.10643000000000001      0.9971414307564509    
  0.106435      0.9971414359125575    
  0.10644      0.9971414410689027    
  0.106445      0.9971414462254864    
  0.10645      0.9971414513823091    
  0.10645500000000001      0.9971414565393698    
  0.10646      0.9971414616966682    
  0.106465      0.997141466854206    
  0.10647000000000001      0.9971414720119826    
  0.106475      0.9971414771699976    
  0.10648      0.9971414823282505    
  0.10648500000000001      0.9971414874867421    
  0.10649      0.9971414926454737    
  0.106495      0.9971414978044424    
  0.10650000000000001      0.9971415029636497    
  0.106505      0.9971415081230957    
  0.10651000000000001      0.9971415132827801    
  0.106515      0.9971415184427033    
  0.10652      0.9971415236028649    
  0.10652500000000001      0.9971415287632643    
  0.10653      0.9971415339239033    
  0.106535      0.9971415390847803    
  0.10654000000000001      0.9971415442458966    
  0.106545      0.9971415494072503    
  0.10655      0.997141554568843    
  0.10655500000000001      0.9971415597306748    
  0.10656      0.9971415648927441    
  0.10656500000000001      0.9971415700550524    
  0.10657      0.9971415752175994    
  0.106575      0.997141580380384    
  0.10658000000000001      0.997141585543408    
  0.106585      0.9971415907066705    
  0.10659      0.9971415958701719    
  0.10659500000000001      0.9971416010339114    
  0.1066      0.997141606197889    
  0.106605      0.9971416113621054    
  0.10661000000000001      0.9971416165265607    
  0.106615      0.9971416216912536    
  0.10662      0.9971416268561855    
  0.106625      0.9971416320213565    
  0.10663      0.9971416371867652    
  0.10663500000000001      0.9971416423524126    
  0.10664      0.9971416475182986    
  0.106645      0.9971416526844233    
  0.10665000000000001      0.9971416578507863    
  0.106655      0.9971416630173879    
  0.10666      0.9971416681842282    
  0.10666500000000001      0.9971416733513063    
  0.10667      0.9971416785186238    
  0.106675      0.9971416836861797    
  0.10668000000000001      0.997141688853974    
  0.106685      0.9971416940220066    
  0.10669000000000001      0.9971416991902776    
  0.106695      0.9971417043587868    
  0.1067      0.9971417095275348    
  0.10670500000000001      0.9971417146965221    
  0.10671      0.9971417198657466    
  0.106715      0.9971417250352101    
  0.10672000000000001      0.9971417302049118    
  0.106725      0.9971417353748535    
  0.10673      0.9971417405450321    
  0.10673500000000001      0.99714174571545    
  0.10674      0.9971417508861066    
  0.106745      0.9971417560570018    
  0.10675      0.9971417612281337    
  0.106755      0.9971417663995065    
  0.10676000000000001      0.9971417715711149    
  0.106765      0.9971417767429649    
  0.10677      0.9971417819150521    
  0.10677500000000001      0.997141787087378    
  0.10678      0.9971417922599424    
  0.106785      0.9971417974327449    
  0.10679000000000001      0.9971418026057859    
  0.106795      0.9971418077790656    
  0.1068      0.9971418129525843    
  0.10680500000000001      0.9971418181263404    
  0.10681      0.9971418233003354    
  0.10681500000000001      0.9971418284745703    
  0.10682      0.997141833649042    
  0.106825      0.997141838823752    
  0.10683000000000001      0.9971418439987015    
  0.106835      0.9971418491738895    
  0.10684      0.9971418543493156    
  0.10684500000000001      0.9971418595249802    
  0.10685      0.9971418647008837    
  0.106855      0.9971418698770254    
  0.10686000000000001      0.9971418750534048    
  0.106865      0.9971418802300239    
  0.10687      0.9971418854068805    
  0.106875      0.9971418905839767    
  0.10688      0.997141895761311    
  0.10688500000000001      0.9971419009388827    
  0.10689      0.9971419061166942    
  0.106895      0.997141911294743    
  0.10690000000000001      0.9971419164730322    
  0.106905      0.9971419216515582    
  0.10691      0.9971419268303227    
  0.10691500000000001      0.9971419320093267    
  0.10692      0.997141937188568    
  0.106925      0.9971419423680491    
  0.10693000000000001      0.9971419475477675    
  0.106935      0.9971419527277244    
  0.10694000000000001      0.997141957907921    
  0.106945      0.9971419630883549    
  0.10695      0.9971419682690286    
  0.10695500000000001      0.9971419734499403    
  0.10696      0.9971419786310898    
  0.106965      0.997141983812478    
  0.10697000000000001      0.9971419889941052    
  0.106975      0.9971419941759696    
  0.10698      0.997141999358074    
  0.10698500000000001      0.9971420045404163    
  0.10699      0.9971420097229966    
  0.106995      0.9971420149058152    
  0.107      0.9971420200888736    
  0.107005      0.9971420252721692    
  0.10701000000000001      0.997142030455704    
  0.107015      0.9971420356394769    
  0.10702      0.9971420408234891    
  0.10702500000000001      0.9971420460077394    
  0.10703      0.997142051192227    
  0.107035      0.9971420563769544    
  0.10704000000000001      0.9971420615619192    
  0.107045      0.9971420667471236    
  0.10705      0.9971420719325657    
  0.10705500000000001      0.9971420771182457    
  0.10706      0.9971420823041667    
  0.10706500000000001      0.9971420874903241    
  0.10707      0.99714209267672    
  0.107075      0.9971420978633544    
  0.10708000000000001      0.9971421030502275    
  0.107085      0.9971421082373388    
  0.10709      0.997142113424689    
  0.10709500000000001      0.9971421186122779    
  0.1071      0.9971421238001046    
  0.107105      0.9971421289881706    
  0.10711000000000001      0.9971421341764749    
  0.107115      0.9971421393650168    
  0.10712      0.9971421445537977    
  0.107125      0.9971421497428168    
  0.10713      0.9971421549320746    
  0.10713500000000001      0.9971421601215711    
  0.10714      0.9971421653113055    
  0.107145      0.9971421705012791    
  0.10715000000000001      0.9971421756914909    
  0.107155      0.9971421808819412    
  0.10716      0.9971421860726287    
  0.10716500000000001      0.9971421912635574    
  0.10717      0.9971421964547215    
  0.107175      0.9971422016461268    
  0.10718      0.9971422068377687    
  0.107185      0.9971422120296501    
  0.10719000000000001      0.9971422172217687    
  0.107195      0.9971422224141264    
  0.1072      0.9971422276067228    
  0.10720500000000001      0.9971422327995578    
  0.10721      0.99714223799263    
  0.107215      0.997142243185943    
  0.10722000000000001      0.9971422483794918    
  0.107225      0.9971422535732806    
  0.10723      0.9971422587673076    
  0.10723500000000001      0.997142263961573    
  0.10724      0.9971422691560768    
  0.10724500000000001      0.9971422743508193    
  0.10725      0.9971422795458    
  0.107255      0.9971422847410196    
  0.10726000000000001      0.997142289936477    
  0.107265      0.9971422951321736    
  0.10727      0.9971423003281078    
  0.10727500000000001      0.9971423055242803    
  0.10728      0.9971423107206918    
  0.107285      0.9971423159173414    
  0.10729000000000001      0.9971423211142305    
  0.107295      0.9971423263113572    
  0.1073      0.9971423315087223    
  0.107305      0.9971423367063258    
  0.10731      0.9971423419041682    
  0.10731500000000001      0.9971423471022482    
  0.10732      0.9971423523005674    
  0.107325      0.9971423574991255    
  0.10733000000000001      0.9971423626979202    
  0.107335      0.9971423678969547    
  0.10734      0.9971423730962279    
  0.10734500000000001      0.9971423782957394    
  0.10735      0.9971423834954884    
  0.107355      0.9971423886954771    
  0.10736000000000001      0.9971423938957034    
  0.107365      0.9971423990961683    
  0.10737000000000001      0.9971424042968718    
  0.107375      0.9971424094978132    
  0.10738      0.9971424146989942    
  0.10738500000000001      0.9971424199004111    
  0.10739      0.9971424251020697    
  0.107395      0.9971424303039653    
  0.10740000000000001      0.9971424355060999    
  0.107405      0.9971424407084716    
  0.10741      0.9971424459110817    
  0.10741500000000001      0.9971424511139312    
  0.10742      0.9971424563170195    
  0.107425      0.9971424615203454    
  0.10743      0.9971424667239098    
  0.107435      0.9971424719277133    
  0.10744000000000001      0.9971424771317544    
  0.107445      0.9971424823360348    
  0.10745      0.9971424875405526    
  0.10745500000000001      0.9971424927453102    
  0.10746      0.9971424979503052    
  0.107465      0.9971425031555381    
  0.10747000000000001      0.9971425083610101    
  0.107475      0.9971425135667212    
  0.10748      0.9971425187726701    
  0.107485      0.9971425239788568    
  0.10749      0.9971425291852822    
  0.10749500000000001      0.9971425343919466    
  0.1075      0.9971425395988497    
  0.107505      0.997142544805991    
  0.10751000000000001      0.9971425500133686    
  0.107515      0.997142555220987    
  0.10752      0.997142560428844    
  0.10752500000000001      0.9971425656369383    
  0.10753      0.9971425708452711    
  0.107535      0.9971425760538434    
  0.10754000000000001      0.9971425812626536    
  0.107545      0.9971425864717011    
  0.10755      0.9971425916809884    
  0.107555      0.9971425968905131    
  0.10756      0.9971426021002774    
  0.10756500000000001      0.997142607310279    
  0.10757      0.9971426125205195    
  0.107575      0.9971426177309977    
  0.10758000000000001      0.9971426229417164    
  0.107585      0.9971426281526714    
  0.10759      0.9971426333638655    
  0.10759500000000001      0.9971426385752981    
  0.1076      0.9971426437869686    
  0.107605      0.9971426489988794    
  0.10761      0.9971426542110261    
  0.107615      0.9971426594234116    
  0.10762000000000001      0.9971426646360368    
  0.107625      0.9971426698488995    
  0.10763      0.9971426750620009    
  0.10763500000000001      0.9971426802753413    
  0.10764      0.9971426854889183    
  0.107645      0.9971426907027358    
  0.10765000000000001      0.9971426959167904    
  0.107655      0.9971427011310834    
  0.10766      0.9971427063456156    
  0.10766500000000001      0.9971427115603857    
  0.10767      0.9971427167753946    
  0.107675      0.9971427219906426    
  0.10768      0.9971427272061271    
  0.107685      0.9971427324218509    
  0.10769      0.9971427376378129    
  0.107695      0.9971427428540137    
  0.1077      0.9971427480704534    
  0.107705      0.9971427532871306    
  0.10771      0.9971427585040461    
  0.10771499999999999      0.9971427637212004    
  0.10772      0.9971427689385928    
  0.107725      0.9971427741562242    
  0.10772999999999999      0.9971427793740943    
  0.107735      0.9971427845922018    
  0.10774      0.9971427898105482    
  0.107745      0.9971427950291322    
  0.10775      0.9971428002479557    
  0.107755      0.9971428054670171    
  0.10776      0.9971428106863177    
  0.107765      0.9971428159058554    
  0.10777      0.9971428211256315    
  0.107775      0.9971428263456468    
  0.10778      0.9971428315659012    
  0.10778499999999999      0.9971428367863923    
  0.10779      0.997142842007123    
  0.107795      0.9971428472280905    
  0.10779999999999999      0.9971428524492977    
  0.107805      0.9971428576707435    
  0.10781      0.9971428628924273    
  0.107815      0.9971428681143493    
  0.10782      0.99714287333651    
  0.107825      0.9971428785589089    
  0.10783      0.9971428837815463    
  0.107835      0.9971428890044217    
  0.10783999999999999      0.9971428942275359    
  0.107845      0.9971428994508882    
  0.10785      0.9971429046744791    
  0.10785499999999999      0.9971429098983087    
  0.10786      0.9971429151223757    
  0.107865      0.9971429203466826    
  0.10787      0.9971429255712265    
  0.107875      0.9971429307960098    
  0.10788      0.9971429360210313    
  0.107885      0.9971429412462899    
  0.10789      0.997142946471789    
  0.10789499999999999      0.9971429516975253    
  0.1079      0.9971429569235004    
  0.107905      0.9971429621497124    
  0.10790999999999999      0.9971429673761643    
  0.107915      0.9971429726028536    
  0.10792      0.9971429778297825    
  0.107925      0.9971429830569489    
  0.10793      0.9971429882843539    
  0.107935      0.9971429935119973    
  0.10794      0.9971429987398792    
  0.107945      0.9971430039679987    
  0.10795      0.9971430091963579    
  0.107955      0.9971430144249545    
  0.10796      0.9971430196537895    
  0.10796499999999999      0.9971430248828634    
  0.10797      0.9971430301121751    
  0.107975      0.9971430353417261    
  0.10797999999999999      0.997143040571514    
  0.107985      0.9971430458015418    
  0.10799      0.9971430510318071    
  0.107995      0.9971430562623111    
  0.108      0.9971430614930538    
  0.108005      0.997143066724034    
  0.10801      0.997143071955253    
  0.108015      0.9971430771867106    
  0.10801999999999999      0.9971430824184062    
  0.108025      0.9971430876503409    
  0.10803      0.9971430928825123    
  0.10803499999999999      0.9971430981149229    
  0.10804      0.9971431033475724    
  0.108045      0.9971431085804601    
  0.10805      0.9971431138135859    
  0.108055      0.9971431190469503    
  0.10806      0.9971431242805531    
  0.108065      0.9971431295143944    
  0.10807      0.9971431347484734    
  0.108075      0.9971431399827905    
  0.10808      0.9971431452173471    
  0.108085      0.997143150452142    
  0.10808999999999999      0.9971431556871746    
  0.108095      0.9971431609224453    
  0.1081      0.9971431661579554    
  0.10810499999999999      0.9971431713937033    
  0.10811      0.9971431766296888    
  0.108115      0.9971431818659133    
  0.10812      0.9971431871023769    
  0.108125      0.9971431923390781    
  0.10813      0.9971431975760181    
  0.108135      0.9971432028131957    
  0.10814      0.9971432080506122    
  0.10814499999999999      0.9971432132882672    
  0.10815      0.9971432185261611    
  0.108155      0.9971432237642917    
  0.10815999999999999      0.9971432290026612    
  0.108165      0.9971432342412697    
  0.10817      0.9971432394801171    
  0.108175      0.9971432447192016    
  0.10818      0.997143249958524    
  0.108185      0.9971432551980858    
  0.10819      0.9971432604378858    
  0.108195      0.9971432656779244    
  0.1082      0.9971432709182    
  0.108205      0.9971432761587153    
  0.10821      0.9971432813994696    
  0.10821499999999999      0.9971432866404601    
  0.10822      0.9971432918816907    
  0.108225      0.9971432971231591    
  0.10822999999999999      0.9971433023648661    
  0.108235      0.9971433076068112    
  0.10824      0.9971433128489943    
  0.108245      0.9971433180914161    
  0.10825      0.9971433233340755    
  0.108255      0.9971433285769741    
  0.10826      0.9971433338201117    
  0.108265      0.9971433390634864    
  0.10826999999999999      0.9971433443070997    
  0.108275      0.9971433495509516    
  0.10828      0.9971433547950421    
  0.10828499999999999      0.99714336003937    
  0.10829      0.9971433652839374    
  0.108295      0.997143370528742    
  0.1083      0.9971433757737859    
  0.108305      0.9971433810190672    
  0.10831      0.9971433862645875    
  0.108315      0.9971433915103465    
  0.10832      0.9971433967563437    
  0.108325      0.9971434020025787    
  0.10833      0.997143407249051    
  0.108335      0.9971434124957632    
  0.10833999999999999      0.9971434177427144    
  0.108345      0.9971434229899026    
  0.10835      0.9971434282373299    
  0.10835499999999999      0.997143433484995    
  0.10836      0.9971434387328982    
  0.108365      0.9971434439810405    
  0.10837      0.9971434492294206    
  0.108375      0.9971434544780389    
  0.10838      0.9971434597268956    
  0.108385      0.9971434649759912    
  0.10839      0.9971434702253243    
  0.10839499999999999      0.9971434754748965    
  0.1084      0.9971434807247065    
  0.108405      0.9971434859747552    
  0.10840999999999999      0.997143491225041    
  0.108415      0.9971434964755672    
  0.10842      0.9971435017263299    
  0.108425      0.9971435069773323    
  0.10843      0.9971435122285716    
  0.108435      0.9971435174800513    
  0.10844      0.997143522731767    
  0.108445      0.997143527983723    
  0.10844999999999999      0.9971435332359163    
  0.108455      0.9971435384883478    
  0.10846      0.9971435437410183    
  0.10846499999999999      0.997143548993927    
  0.10847      0.9971435542470726    
  0.108475      0.9971435595004579    
  0.10848      0.9971435647540812    
  0.108485      0.9971435700079421    
  0.10849      0.9971435752620423    
  0.108495      0.9971435805163814    
  0.1085      0.9971435857709575    
  0.108505      0.997143591025773    
  0.10851      0.9971435962808269    
  0.108515      0.9971436015361171    
  0.10851999999999999      0.9971436067916477    
  0.108525      0.9971436120474162    
  0.10853      0.9971436173034223    
  0.10853499999999999      0.9971436225596675    
  0.10854      0.9971436278161507    
  0.108545      0.9971436330728715    
  0.10855      0.9971436383298313    
  0.108555      0.9971436435870291    
  0.10856      0.9971436488444659    
  0.108565      0.9971436541021399    
  0.10857      0.9971436593600538    
  0.10857499999999999      0.9971436646182047    
  0.10858      0.9971436698765943    
  0.108585      0.9971436751352227    
  0.10858999999999999      0.9971436803940887    
  0.108595      0.9971436856531937    
  0.1086      0.9971436909125354    
  0.108605      0.9971436961721176    
  0.10861      0.9971437014319364    
  0.108615      0.997143706691995    
  0.10862      0.9971437119522905    
  0.108625      0.997143717212825    
  0.10863      0.997143722473598    
  0.108635      0.9971437277346094    
  0.10864      0.9971437329958583    
  0.10864499999999999      0.997143738257346    
  0.10865      0.9971437435190718    
  0.108655      0.9971437487810362    
  0.10865999999999999      0.997143754043239    
  0.108665      0.9971437593056784    
  0.10867      0.9971437645683577    
  0.108675      0.9971437698312761    
  0.10868      0.9971437750944316    
  0.108685      0.9971437803578251    
  0.10869      0.997143785621458    
  0.108695      0.997143790885328    
  0.10869999999999999      0.9971437961494374    
  0.108705      0.9971438014137848    
  0.10871      0.9971438066783697    
  0.10871499999999999      0.9971438119431943    
  0.10872      0.9971438172082558    
  0.108725      0.9971438224735565    
  0.10873      0.9971438277390947    
  0.108735      0.9971438330048714    
  0.10874      0.9971438382708874    
  0.108745      0.9971438435371407    
  0.10875      0.9971438488036324    
  0.10875499999999999      0.9971438540703625    
  0.10876      0.997143859337331    
  0.108765      0.9971438646045376    
  0.10876999999999999      0.9971438698719827    
  0.108775      0.997143875139666    
  0.10878      0.9971438804075867    
  0.10878499999999999      0.9971438856757475    
  0.10879      0.9971438909441457    
  0.108795      0.9971438962127815    
  0.1088      0.9971439014816558    
  0.108805      0.9971439067507692    
  0.10881      0.9971439120201213    
  0.108815      0.9971439172897096    
  0.10882      0.9971439225595379    
  0.10882499999999999      0.9971439278296041    
  0.10883      0.997143933099909    
  0.108835      0.9971439383704522    
  0.10883999999999999      0.9971439436412328    
  0.108845      0.9971439489122519    
  0.10885      0.9971439541835095    
  0.108855      0.9971439594550051    
  0.10886      0.997143964726739    
  0.108865      0.9971439699987119    
  0.10887      0.9971439752709219    
  0.108875      0.9971439805433717    
  0.10887999999999999      0.997143985816058    
  0.108885      0.9971439910889838    
  0.10889      0.9971439963621478    
  0.10889499999999999      0.9971440016355495    
  0.1089      0.9971440069091899    
  0.108905      0.9971440121830678    
  0.10890999999999999      0.9971440174571857    
  0.108915      0.9971440227315406    
  0.10892      0.9971440280061342    
  0.108925      0.9971440332809659    
  0.10893      0.9971440385560361    
  0.108935      0.9971440438313438    
  0.10894      0.9971440491068904    
  0.108945      0.9971440543826754    
  0.10894999999999999      0.9971440596586985    
  0.108955      0.9971440649349603    
  0.10896      0.9971440702114588    
  0.10896499999999999      0.9971440754881971    
  0.10897      0.9971440807651728    
  0.108975      0.9971440860423868    
  0.10898      0.9971440913198402    
  0.108985      0.9971440965975309    
  0.10899      0.9971441018754602    
  0.108995      0.9971441071536272    
  0.109      0.9971441124320338    
  0.10900499999999999      0.9971441177106775    
  0.10901      0.9971441229895599    
  0.109015      0.9971441282686804    
  0.10901999999999999      0.9971441335480387    
  0.109025      0.9971441388276354    
  0.10903      0.9971441441074709    
  0.10903499999999999      0.9971441493875443    
  0.10904      0.9971441546678566    
  0.109045      0.9971441599484065    
  0.10905      0.9971441652291946    
  0.109055      0.9971441705102215    
  0.10906      0.9971441757914865    
  0.109065      0.9971441810729886    
  0.10907      0.9971441863547306    
  0.10907499999999999      0.99714419163671    
  0.10908      0.997144196918928    
  0.109085      0.9971442022013843    
  0.10908999999999999      0.9971442074840783    
  0.109095      0.997144212767012    
  0.1091      0.9971442180501819    
  0.109105      0.9971442233335907    
  0.10911      0.9971442286172386    
  0.109115      0.9971442339011243    
  0.10912      0.9971442391852484    
  0.109125      0.9971442444696104    
  0.10912999999999999      0.9971442497542112    
  0.109135      0.9971442550390501    
  0.10914      0.9971442603241263    
  0.10914499999999999      0.9971442656094418    
  0.10915      0.997144270894994    
  0.109155      0.9971442761807858    
  0.10916      0.9971442814668161    
  0.109165      0.9971442867530848    
  0.10917      0.9971442920395907    
  0.109175      0.997144297326336    
  0.10918      0.9971443026133181    
  0.109185      0.9971443079005389    
  0.10919      0.9971443131879987    
  0.109195      0.9971443184756974    
  0.10919999999999999      0.9971443237636319    
  0.109205      0.9971443290518062    
  0.10921      0.9971443343402184    
  0.10921499999999999      0.9971443396288693    
  0.10922      0.9971443449177579    
  0.109225      0.9971443502068846    
  0.10923      0.9971443554962501    
  0.109235      0.9971443607858539    
  0.10924      0.997144366075696    
  0.109245      0.997144371365776    
  0.10925      0.997144376656094    
  0.10925499999999999      0.9971443819466509    
  0.10926      0.997144387237445    
  0.109265      0.9971443925284779    
  0.10926999999999999      0.9971443978197494    
  0.109275      0.9971444031112584    
  0.10928      0.9971444084030066    
  0.109285      0.9971444136949925    
  0.10929      0.997144418987216    
  0.109295      0.9971444242796784    
  0.1093      0.9971444295723795    
  0.109305      0.9971444348653176    
  0.10930999999999999      0.997144440158494    
  0.109315      0.9971444454519105    
  0.10932      0.9971444507455632    
  0.10932499999999999      0.9971444560394555    
  0.10933      0.997144461333586    
  0.109335      0.9971444666279545    
  0.10933999999999999      0.9971444719225604    
  0.109345      0.9971444772174053    
  0.10935      0.9971444825124879    
  0.109355      0.9971444878078084    
  0.10936      0.9971444931033684    
  0.109365      0.9971444983991655    
  0.10937      0.997144503695202    
  0.109375      0.9971445089914761    
  0.10937999999999999      0.9971445142879881    
  0.109385      0.9971445195847389    
  0.10939      0.9971445248817281    
  0.10939499999999999      0.9971445301789537    
  0.1094      0.9971445354764198    
  0.109405      0.997144540774122    
  0.10941      0.9971445460720642    
  0.109415      0.9971445513702437    
  0.10942      0.9971445566686624    
  0.109425      0.9971445619673187    
  0.10943      0.9971445672662131    
  0.10943499999999999      0.9971445725653452    
  0.10944      0.9971445778647161    
  0.109445      0.9971445831643259    
  0.10944999999999999      0.9971445884641718    
  0.109455      0.9971445937642583    
  0.10946      0.9971445990645821    
  0.10946499999999999      0.9971446043651437    
  0.10947      0.9971446096659444    
  0.109475      0.9971446149669824    
  0.10948      0.997144620268259    
  0.109485      0.9971446255697736    
  0.10949      0.997144630871526    
  0.109495      0.9971446361735182    
  0.1095      0.9971446414757474    
  0.10950499999999999      0.9971446467782158    
  0.10951      0.9971446520809211    
  0.109515      0.9971446573838647    
  0.10951999999999999      0.9971446626870475    
  0.109525      0.9971446679904674    
  0.10953      0.9971446732941264    
  0.109535      0.9971446785980236    
  0.10954      0.9971446839021587    
  0.109545      0.9971446892065321    
  0.10955      0.9971446945111437    
  0.109555      0.9971446998159931    
  0.10955999999999999      0.9971447051210814    
  0.109565      0.9971447104264072    
  0.10957      0.9971447157319714    
  0.10957499999999999      0.9971447210377736    
  0.10958      0.9971447263438147    
  0.109585      0.9971447316500941    
  0.10958999999999999      0.9971447369566112    
  0.109595      0.9971447422633661    
  0.1096      0.9971447475703601    
  0.109605      0.9971447528775913    
  0.10961      0.9971447581850621    
  0.10961499999999999      0.9971447634927704    
  0.10962      0.997144768800716    
  0.109625      0.9971447741089007    
  0.10962999999999999      0.997144779417323    
  0.109635      0.9971447847259838    
  0.10964      0.9971447900348838    
  0.10964499999999999      0.9971447953440209    
  0.10965      0.9971448006533967    
  0.109655      0.9971448059630099    
  0.10966      0.9971448112728616    
  0.109665      0.997144816582952    
  0.10967      0.9971448218932805    
  0.109675      0.9971448272038473    
  0.10968      0.9971448325146514    
  0.10968499999999999      0.9971448378256939    
  0.10969      0.9971448431369747    
  0.109695      0.9971448484484946    
  0.10969999999999999      0.997144853760252    
  0.109705      0.9971448590722481    
  0.10971      0.9971448643844815    
  0.109715      0.9971448696969542    
  0.10972      0.9971448750096645    
  0.109725      0.9971448803226122    
  0.10973      0.9971448856357988    
  0.109735      0.997144890949224    
  0.10974      0.9971448962628876    
  0.109745      0.997144901576788    
  0.10975      0.9971449068909273    
  0.10975499999999999      0.9971449122053052    
  0.10976      0.9971449175199198    
  0.109765      0.9971449228347744    
  0.10976999999999999      0.9971449281498653    
  0.109775      0.9971449334651967    
  0.10978      0.9971449387807649    
  0.109785      0.9971449440965716    
  0.10979      0.9971449494126168    
  0.109795      0.9971449547288996    
  0.1098      0.9971449600454207    
  0.109805      0.9971449653621796    
  0.10980999999999999      0.9971449706791777    
  0.109815      0.9971449759964128    
  0.10982      0.9971449813138867    
  0.10982499999999999      0.9971449866315982    
  0.10983      0.9971449919495492    
  0.109835      0.9971449972677365    
  0.10984      0.9971450025861635    
  0.109845      0.9971450079048281    
  0.10985      0.9971450132237312    
  0.109855      0.9971450185428727    
  0.10986      0.9971450238622523    
  0.10986499999999999      0.9971450291818684    
  0.10987      0.9971450345017249    
  0.109875      0.9971450398218182    
  0.10987999999999999      0.9971450451421503    
  0.109885      0.9971450504627201    
  0.10989      0.9971450557835287    
  0.10989499999999999      0.9971450611045747    
  0.1099      0.9971450664258601    
  0.109905      0.9971450717473822    
  0.10991      0.9971450770691432    
  0.109915      0.9971450823911421    
  0.10991999999999999      0.9971450877133794    
  0.109925      0.997145093035855    
  0.10993      0.9971450983585688    
  0.10993499999999999      0.99714510368152    
  0.10994      0.9971451090047104    
  0.109945      0.9971451143281382    
  0.10994999999999999      0.9971451196518046    
  0.109955      0.9971451249757086    
  0.10996      0.9971451302998515    
  0.109965      0.9971451356242325    
  0.10997      0.9971451409488509    
  0.109975      0.9971451462737084    
  0.10998      0.9971451515988032    
  0.109985      0.9971451569241365    
  0.10998999999999999      0.9971451622497085    
  0.109995      0.9971451675755175    
  0.11      0.9971451729015658   
