  0.10000500000000001      0.01753092927241395    
  0.10001      0.017531836122689576    
  0.100015      0.017532742977508186    
  0.10002000000000001      0.017533649836871116    
  0.100025      0.017534556700778175    
  0.10003000000000001      0.017535463569229234    
  0.100035      0.01753637044222488    
  0.10004      0.01753727731976527    
  0.10004500000000001      0.017538184201850906    
  0.10005      0.017539091088481323    
  0.100055      0.017539997979657544    
  0.10006000000000001      0.01754090487537895    
  0.100065      0.017541811775646607    
  0.10007      0.017542718680460194    
  0.10007500000000001      0.017543625589820377    
  0.10008      0.017544532503726944    
  0.10008500000000001      0.017545439422180054    
  0.10009000000000001      0.017546346345180402    
  0.100095      0.017547253272728058    
  0.10010000000000001      0.017548160204822773    
  0.100105      0.01754906714146564    
  0.10011      0.017549974082655916    
  0.10011500000000001      0.017550881028394676    
  0.10012      0.01755178797868173    
  0.100125      0.01755269493351706    
  0.10013000000000001      0.01755360189290169    
  0.100135      0.017554508856835092    
  0.10014      0.017555415825317583    
  0.10014500000000001      0.017556322798349847    
  0.10015      0.017557229775931393    
  0.10015500000000001      0.017558136758063333    
  0.10016      0.01755904374474518    
  0.100165      0.01755995073597736    
  0.10017000000000001      0.017560857731760415    
  0.100175      0.017561764732094046    
  0.10018      0.01756267173697888    
  0.10018500000000001      0.017563578746414746    
  0.10019      0.017564485760401913    
  0.100195      0.017565392778941345    
  0.10020000000000001      0.017566299802032725    
  0.100205      0.017567206829676028    
  0.10021000000000001      0.017568113861871473    
  0.100215      0.01756902089862015    
  0.10022      0.017569927939921293    
  0.10022500000000001      0.017570834985775725    
  0.10023      0.01757174203618309    
  0.100235      0.017572649091144216    
  0.10024000000000001      0.01757355615065905    
  0.100245      0.017574463214727956    
  0.10025      0.017575370283351033    
  0.10025500000000001      0.017576277356528284    
  0.10026      0.017577184434260717    
  0.100265      0.0175780915165479    
  0.10027000000000001      0.017578998603389812    
  0.100275      0.017579905694787346    
  0.10028000000000001      0.017580812790740332    
  0.100285      0.017581719891248924    
  0.10029      0.017582626996313543    
  0.10029500000000001      0.017583534105934644    
  0.1003      0.01758444122011199    
  0.100305      0.01758534833884603    
  0.10031000000000001      0.01758625546213703    
  0.100315      0.017587162589985456    
  0.10032      0.017588069722390662    
  0.10032500000000001      0.01758897685935365    
  0.10033      0.017589884000874675    
  0.10033500000000001      0.01759079114695341    
  0.10034      0.017591698297590806    
  0.100345      0.017592605452786257    
  0.10035000000000001      0.017593512612540833    
  0.100355      0.017594419776853804    
  0.10036      0.01759532694572622    
  0.10036500000000001      0.0175962341191579    
  0.10037      0.01759714129714913    
  0.100375      0.017598048479700763    
  0.10038000000000001      0.01759895566681203    
  0.100385      0.01759986285848359    
  0.10039000000000001      0.017600770054715262    
  0.10039500000000001      0.01760167725550801    
  0.1004      0.01760258446086185    
  0.10040500000000001      0.017603491670776822    
  0.10041      0.01760439888525299    
  0.100415      0.01760530610429089    
  0.10042000000000001      0.01760621332789085    
  0.100425      0.017607120556052472    
  0.10043      0.01760802778877692    
  0.10043500000000001      0.017608935026063498    
  0.10044      0.01760984226791282    
  0.100445      0.017610749514325286    
  0.10045000000000001      0.017611656765300843    
  0.100455      0.017612564020840132    
  0.10046000000000001      0.01761347128094258    
  0.100465      0.017614378545609422    
  0.10047      0.017615285814840113    
  0.10047500000000001      0.017616193088635126    
  0.10048      0.017617100366994515    
  0.100485      0.01761800764991879    
  0.10049000000000001      0.017618914937408157    
  0.100495      0.01761982222946254    
  0.1005      0.017620729526082738    
  0.10050500000000001      0.017621636827268677    
  0.10051      0.017622544133020245    
  0.10051500000000001      0.01762345144333788    
  0.10052000000000001      0.017624358758222297    
  0.100525      0.01762526607767273    
  0.10053000000000001      0.01762617340169025    
  0.100535      0.017627080730274962    
  0.10054      0.017627988063426556    
  0.10054500000000001      0.01762889540114579    
  0.10055      0.017629802743432555    
  0.100555      0.017630710090287806    
  0.10056000000000001      0.01763161744171066    
  0.100565      0.01763252479770194    
  0.10057      0.017633432158262352    
  0.10057500000000001      0.01763433952339077    
  0.10058      0.01763524689308863    
  0.10058500000000001      0.017636154267356013    
  0.10059      0.017637061646192564    
  0.100595      0.017637969029598844    
  0.10060000000000001      0.017638876417575625    
  0.100605      0.017639783810122097    
  0.10061      0.01764069120723892    
  0.10061500000000001      0.01764159860892644    
  0.10062      0.01764250601518503    
  0.100625      0.017643413426014647    
  0.10063000000000001      0.017644320841415546    
  0.100635      0.017645228261387914    
  0.10064000000000001      0.01764613568593197    
  0.10064500000000001      0.017647043115047924    
  0.10065      0.01764795054873616    
  0.10065500000000001      0.01764885798699707    
  0.10066      0.017649765429830343    
  0.100665      0.017650672877236723    
  0.10067000000000001      0.01765158032921606    
  0.100675      0.017652487785769146    
  0.10068      0.017653395246895152    
  0.10068500000000001      0.01765430271259508    
  0.10069      0.017655210182869165    
  0.100695      0.017656117657717567    
  0.10070000000000001      0.01765702513714031    
  0.100705      0.017657932621137726    
  0.10071000000000001      0.01765884010971005    
  0.100715      0.01765974760285741    
  0.10072      0.017660655100580295    
  0.10072500000000001      0.017661562602878534    
  0.10073      0.017662470109752935    
  0.100735      0.017663377621203    
  0.10074000000000001      0.017664285137229438    
  0.100745      0.01766519265783282    
  0.10075      0.017666100183012245    
  0.10075500000000001      0.017667007712768957    
  0.10076      0.017667915247102848    
  0.10076500000000001      0.017668822786014084    
  0.10077      0.01766973032950257    
  0.100775      0.017670637877569315    
  0.10078000000000001      0.017671545430214028    
  0.100785      0.017672452987437044    
  0.10079      0.01767336054923854    
  0.10079500000000001      0.017674268115618796    
  0.1008      0.017675175686577598    
  0.100805      0.0176760832621159    
  0.10081000000000001      0.017676990842234033    
  0.100815      0.017677898426931345    
  0.10082      0.017678806016208286    
  0.10082500000000001      0.017679713610065633    
  0.10083      0.01768062120850313    
  0.10083500000000001      0.01768152881152152    
  0.10084      0.01768243641912023    
  0.100845      0.017683344031300074    
  0.10085000000000001      0.017684251648061342    
  0.100855      0.017685159269403956    
  0.10086      0.017686066895328055    
  0.10086500000000001      0.01768697452583428    
  0.10087      0.017687882160922066    
  0.100875      0.017688789800592925    
  0.10088000000000001      0.017689697444846112    
  0.100885      0.01769060509368181    
  0.10089000000000001      0.017691512747100693    
  0.100895      0.017692420405102795    
  0.1009      0.01769332806768831    
  0.10090500000000001      0.01769423573485752    
  0.10091      0.017695143406610624    
  0.100915      0.017696051082948    
  0.10092000000000001      0.0176969587638696    
  0.100925      0.01769786644937559    
  0.10093      0.017698774139466935    
  0.10093500000000001      0.01769968183414287    
  0.10094      0.01770058953340409    
  0.10094500000000001      0.017701497237251156    
  0.10095000000000001      0.017702404945683342    
  0.100955      0.017703312658702102    
  0.10096000000000001      0.017704220376306597    
  0.100965      0.01770512809849748    
  0.10097      0.017706035825275065    
  0.10097500000000001      0.017706943556639793    
  0.10098      0.01770785129259106    
  0.100985      0.017708759033130184    
  0.10099000000000001      0.017709666778256312    
  0.100995      0.017710574527970244    
  0.101      0.01771148228227218    
  0.10100500000000001      0.017712390041162686    
  0.10101      0.017713297804640985    
  0.10101500000000001      0.017714205572708454    
  0.10102      0.017715113345364332    
  0.101025      0.01771602112260958    
  0.10103000000000001      0.017716928904443967    
  0.101035      0.017717836690867936    
  0.10104      0.0177187444818818    
  0.10104500000000001      0.017719652277485443    
  0.10105      0.01772056007767917    
  0.101055      0.01772146788246383    
  0.10106000000000001      0.017722375691839175    
  0.101065      0.017723283505804596    
  0.10107000000000001      0.017724191324361975    
  0.101075      0.017725099147510175    
  0.10108      0.017726006975250265    
  0.10108500000000001      0.017726914807581762    
  0.10109      0.01772782264450553    
  0.101095      0.01772873048602155    
  0.10110000000000001      0.017729638332130034    
  0.101105      0.017730546182831278    
  0.10111      0.017731454038125063    
  0.10111500000000001      0.01773236189801232    
  0.10112      0.017733269762493106    
  0.101125      0.01773417763156734    
  0.10113000000000001      0.01773508550523504    
  0.101135      0.017735993383496896    
  0.10114000000000001      0.017736901266353258    
  0.101145      0.017737809153803963    
  0.10115      0.017738717045849377    
  0.10115500000000001      0.01773962494248951    
  0.10116      0.017740532843725048    
  0.101165      0.017741440749556064    
  0.10117000000000001      0.0177423486599823    
  0.101175      0.017743256575005115    
  0.10118      0.01774416449462338    
  0.10118500000000001      0.01774507241883804    
  0.10119      0.01774598034764873    
  0.10119500000000001      0.017746888281057107    
  0.1012      0.017747796219062015    
  0.101205      0.017748704161663836    
  0.10121000000000001      0.01774961210886372    
  0.101215      0.01775052006066076    
  0.10122      0.017751428017055555    
  0.10122500000000001      0.017752335978048848    
  0.10123      0.017753243943640116    
  0.101235      0.01775415191383001    
  0.10124000000000001      0.01775505988861882    
  0.101245      0.017755967868006338    
  0.10125      0.017756875851993165    
  0.10125500000000001      0.01775778384057954    
  0.10126      0.017758691833765262    
  0.10126500000000001      0.01775959983155156    
  0.10127      0.017760507833937175    
  0.101275      0.01776141584092408    
  0.10128000000000001      0.01776232385251049    
  0.101285      0.017763231868698156    
  0.10129      0.017764139889487125    
  0.10129500000000001      0.017765047914876653    
  0.1013      0.017765955944868034    
  0.101305      0.017766863979461006    
  0.10131000000000001      0.017767772018656206    
  0.101315      0.01776868006245327    
  0.10132000000000001      0.017769588110852802    
  0.101325      0.017770496163854663    
  0.10133      0.017771404221459466    
  0.10133500000000001      0.0177723122836675    
  0.10134      0.01777322035047865    
  0.101345      0.017774128421893222    
  0.10135000000000001      0.017775036497911807    
  0.101355      0.017775944578533882    
  0.10136      0.01777685266376045    
  0.10136500000000001      0.01777776075359099    
  0.10137      0.017778668848026605    
  0.101375      0.017779576947066795    
  0.10138000000000001      0.01778048505071212    
  0.101385      0.01778139315896308    
  0.10139000000000001      0.017782301271819095    
  0.101395      0.01778320938928105    
  0.1014      0.017784117511348976    
  0.10140500000000001      0.017785025638022898    
  0.10141      0.01778593376930324    
  0.101415      0.017786841905190323    
  0.10142000000000001      0.017787750045684322    
  0.101425      0.017788658190785404    
  0.10143      0.01778956634049348    
  0.10143500000000001      0.017790474494809746    
  0.10144      0.017791382653733083    
  0.10144500000000001      0.01779229081726484    
  0.10145      0.01779319898540478    
  0.101455      0.017794107158152685    
  0.10146000000000001      0.01779501533551007    
  0.101465      0.017795923517475346    
  0.10147      0.017796831704050557    
  0.10147500000000001      0.01779773989523494    
  0.10148      0.01779864809102842    
  0.101485      0.01779955629143233    
  0.10149000000000001      0.017800464496445796    
  0.101495      0.017801372706069647    
  0.1015      0.017802280920304055    
  0.10150500000000001      0.017803189139148926    
  0.10151      0.017804097362604684    
  0.10151500000000001      0.017805005590671923    
  0.10152      0.017805913823350374    
  0.101525      0.017806822060640385    
  0.10153000000000001      0.01780773030254208    
  0.101535      0.01780863854905606    
  0.10154      0.017809546800182367    
  0.10154500000000001      0.017810455055920865    
  0.10155      0.017811363316272172    
  0.101555      0.017812271581236435    
  0.10156000000000001      0.0178131798508138    
  0.101565      0.01781408812500475    
  0.10157000000000001      0.01781499640380889    
  0.101575      0.017815904687227452    
  0.10158      0.017816812975259295    
  0.10158500000000001      0.017817721267906178    
  0.10159      0.01781862956516707    
  0.101595      0.017819537867043204    
  0.10160000000000001      0.01782044617353383    
  0.101605      0.01782135448464002    
  0.10161      0.017822262800361317    
  0.10161500000000001      0.017823171120698533    
  0.10162      0.017824079445651182    
  0.10162500000000001      0.017824987775220354    
  0.10163      0.01782589610940567    
  0.101635      0.01782680444820736    
  0.10164000000000001      0.017827712791625934    
  0.101645      0.017828621139661438    
  0.10165      0.017829529492314616    
  0.10165500000000001      0.0178304378495848    
  0.10166      0.01783134621147244    
  0.101665      0.017832254577978483    
  0.10167000000000001      0.017833162949102196    
  0.101675      0.01783407132484439    
  0.10168      0.017834979705205256    
  0.10168500000000001      0.017835888090184833    
  0.10169      0.017836796479783135    
  0.10169500000000001      0.017837704874001405    
  0.1017      0.01783861327283834    
  0.101705      0.017839521676295583    
  0.10171000000000001      0.017840430084372392    
  0.101715      0.017841338497069308    
  0.10172      0.017842246914386784    
  0.10172500000000001      0.01784315533632498    
  0.10173      0.01784406376288394    
  0.101735      0.017844972194063283    
  0.10174000000000001      0.017845880629864534    
  0.101745      0.01784678907028703    
  0.10175000000000001      0.017847697515331263    
  0.101755      0.017848605964997627    
  0.10176      0.017849514419286013    
  0.10176500000000001      0.017850422878196506    
  0.10177      0.01785133134173017    
  0.101775      0.01785223980988596    
  0.10178000000000001      0.017853148282665727    
  0.101785      0.01785405676006797    
  0.10179      0.017854965242094168    
  0.10179500000000001      0.017855873728744292    
  0.1018      0.0178567822200178    
  0.101805      0.017857690715915975    
  0.10181000000000001      0.017858599216438013    
  0.101815      0.017859507721585142    
  0.10182000000000001      0.01786041623135704    
  0.101825      0.017861324745754234    
  0.10183      0.01786223326477628    
  0.10183500000000001      0.017863141788424207    
  0.10184      0.017864050316697692    
  0.101845      0.01786495884959733    
  0.10185000000000001      0.01786586738712298    
  0.101855      0.01786677592927523    
  0.10186      0.01786768447605398    
  0.10186500000000001      0.017868593027459547    
  0.10187      0.01786950158349288    
  0.10187500000000001      0.01787041014415297    
  0.10188      0.017871318709440757    
  0.101885      0.01787222727935604    
  0.10189000000000001      0.01787313585389964    
  0.101895      0.017874044433071334    
  0.1019      0.017874953016871666    
  0.10190500000000001      0.01787586160530058    
  0.10191      0.01787677019835825    
  0.101915      0.01787767879604531    
  0.10192000000000001      0.0178785873983616    
  0.101925      0.01787949600530739    
  0.10193      0.01788040461688352    
  0.101935      0.017881313233088975    
  0.10194      0.01788222185392524    
  0.10194500000000001      0.01788313047939195    
  0.10195      0.017884039109488895    
  0.101955      0.017884947744217172    
  0.10196000000000001      0.017885856383576523    
  0.101965      0.01788676502756728    
  0.10197      0.017887673676189736    
  0.10197500000000001      0.017888582329443663    
  0.10198      0.01788949098732965    
  0.101985      0.017890399649848735    
  0.10199000000000001      0.01789130831699932    
  0.101995      0.017892216988783086    
  0.10200000000000001      0.017893125665199575    
  0.102005      0.01789403434624976    
  0.10201      0.017894943031933272    
  0.10201500000000001      0.01789585172224987    
  0.10202      0.017896760417201067    
  0.102025      0.017897669116785694    
  0.10203000000000001      0.017898577821004995    
  0.102035      0.01789948652985862    
  0.10204      0.01790039524334722    
  0.10204500000000001      0.017901303961470754    
  0.10205      0.01790221268422949    
  0.102055      0.017903121411623753    
  0.10206000000000001      0.017904030143653552    
  0.102065      0.0179049388803191    
  0.10207000000000001      0.017905847621620924    
  0.102075      0.017906756367559073    
  0.10208      0.01790766511813375    
  0.10208500000000001      0.01790857387334508    
  0.10209      0.01790948263319353    
  0.102095      0.017910391397678953    
  0.10210000000000001      0.017911300166802632    
  0.102105      0.017912208940563265    
  0.10211      0.017913117718962222    
  0.10211500000000001      0.01791402650199886    
  0.10212      0.0179149352896743    
  0.10212500000000001      0.017915844081988406    
  0.10213      0.017916752878940862    
  0.102135      0.01791766168053247    
  0.10214000000000001      0.01791857048676341    
  0.102145      0.01791947929763387    
  0.10215      0.017920388113144274    
  0.10215500000000001      0.01792129693329449    
  0.10216      0.017922205758084474    
  0.102165      0.01792311458751504    
  0.10217000000000001      0.01792402342158624    
  0.102175      0.017924932260298596    
  0.10218      0.01792584110365154    
  0.102185      0.017926749951645986    
  0.10219      0.017927658804281765    
  0.10219500000000001      0.01792856766155938    
  0.1022      0.017929476523478923    
  0.102205      0.017930385390041173    
  0.10221000000000001      0.01793129426124541    
  0.102215      0.017932203137092078    
  0.10222      0.01793311201758198    
  0.10222500000000001      0.017934020902714634    
  0.10223      0.017934929792490627    
  0.102235      0.0179358386869102    
  0.10224      0.017936747585973887    
  0.102245      0.0179376564896811    
  0.10225000000000001      0.01793856539803248    
  0.102255      0.01793947431102839    
  0.10226      0.0179403832286696    
  0.10226500000000001      0.017941292150954778    
  0.10227      0.017942201077885293    
  0.102275      0.017943110009461465    
  0.10228000000000001      0.017944018945683177    
  0.102285      0.017944927886550624    
  0.10229      0.017945836832063817    
  0.10229500000000001      0.017946745782223602    
  0.1023      0.01794765473702964    
  0.10230500000000001      0.017948563696482445    
  0.10231      0.017949472660581944    
  0.102315      0.01795038162932876    
  0.10232000000000001      0.01795129060272285    
  0.102325      0.017952199580764827    
  0.10233      0.017953108563453925    
  0.10233500000000001      0.017954017550791745    
  0.10234      0.0179549265427773    
  0.102345      0.017955835539411703    
  0.10235000000000001      0.017956744540694798    
  0.102355      0.017957653546626928    
  0.10236      0.01795856255720787    
  0.10236500000000001      0.017959471572438296    
  0.10237      0.01796038059231828    
  0.10237500000000001      0.017961289616848355    
  0.10238      0.017962198646028306    
  0.102385      0.017963107679858575    
  0.10239000000000001      0.017964016718339592    
  0.102395      0.017964925761471125    
  0.1024      0.017965834809253352    
  0.10240500000000001      0.017966743861686698    
  0.10241      0.017967652918772132    
  0.102415      0.0179685619805085    
  0.10242000000000001      0.017969471046897043    
  0.102425      0.017970380117937928    
  0.10243000000000001      0.017971289193630505    
  0.102435      0.01797219827397619    
  0.10244      0.017973107358974394    
  0.10244500000000001      0.017974016448625785    
  0.10245      0.01797492554293035    
  0.102455      0.01797583464188827    
  0.10246000000000001      0.017976743745499596    
  0.102465      0.01797765285376486    
  0.10247      0.01797856196668442    
  0.10247500000000001      0.017979471084258108    
  0.10248      0.01798038020648628    
  0.102485      0.017981289333369878    
  0.10249      0.017982198464907912    
  0.102495      0.01798310760110104    
  0.10250000000000001      0.0179840167419501    
  0.102505      0.01798492588745463    
  0.10251      0.017985835037615455    
  0.10251500000000001      0.017986744192431913    
  0.10252      0.017987653351904616    
  0.102525      0.01798856251603397    
  0.10253000000000001      0.01798947168482056    
  0.102535      0.01799038085826375    
  0.10254      0.01799129003636438    
  0.10254500000000001      0.017992199219122734    
  0.10255      0.017993108406538352    
  0.10255500000000001      0.01799401759861217    
  0.10256      0.017994926795343726    
  0.102565      0.017995835996734214    
  0.10257      0.017996745202783156    
  0.102575      0.01799765441349088    
  0.10258      0.017998563628857638    
  0.102585      0.017999472848883515    
  0.10259      0.018000382073569042    
  0.10259499999999999      0.018001291302914404    
  0.1026      0.01800220053691952    
  0.102605      0.018003109775584808    
  0.10260999999999999      0.018004019018910824    
  0.102615      0.018004928266897237    
  0.10262      0.018005837519544737    
  0.102625      0.018006746776852958    
  0.10263      0.018007656038822987    
  0.102635      0.018008565305453965    
  0.10264      0.01800947457674668    
  0.102645      0.01801038385270177    
  0.10265      0.018011293133318926    
  0.102655      0.018012202418598505    
  0.10266      0.018013111708540665    
  0.10266499999999999      0.01801402100314594    
  0.10267      0.018014930302413894    
  0.102675      0.018015839606345452    
  0.10268      0.018016748914940532    
  0.102685      0.01801765822819958    
  0.10269      0.018018567546122598    
  0.102695      0.01801947686870978    
  0.1027      0.01802038619596091    
  0.102705      0.01802129552787747    
  0.10271      0.01802220486445856    
  0.102715      0.01802311420570489    
  0.10271999999999999      0.01802402355161636    
  0.102725      0.018024932902193848    
  0.10273      0.01802584225743679    
  0.10273499999999999      0.01802675161734578    
  0.10274      0.01802766098192098    
  0.102745      0.018028570351162884    
  0.10275      0.01802947972507144    
  0.102755      0.018030389103646623    
  0.10276      0.018031298486889214    
  0.102765      0.018032207874799155    
  0.10277      0.018033117267376747    
  0.102775      0.01803402666462226    
  0.10278      0.01803493606653563    
  0.102785      0.018035845473117408    
  0.10278999999999999      0.01803675488436762    
  0.102795      0.01803766430028636    
  0.1028      0.018038573720874407    
  0.102805      0.018039483146131297    
  0.10281      0.01804039257605744    
  0.102815      0.018041302010653928    
  0.10282      0.01804221144991991    
  0.102825      0.018043120893855947    
  0.10283      0.018044030342462433    
  0.102835      0.018044939795739023    
  0.10284      0.018045849253686436    
  0.10284499999999999      0.0180467587163051    
  0.10285      0.018047668183595045    
  0.102855      0.018048577655555793    
  0.10286      0.018049487132189092    
  0.102865      0.018050396613493672    
  0.10287      0.01805130609947087    
  0.102875      0.018052215590119682    
  0.10288      0.018053125085441442    
  0.102885      0.01805403458543635    
  0.10289      0.01805494409010326    
  0.102895      0.018055853599444165    
  0.10289999999999999      0.018056763113458316    
  0.102905      0.018057672632146277    
  0.10291      0.018058582155507992    
  0.10291499999999999      0.018059491683543826    
  0.10292      0.018060401216254154    
  0.102925      0.018061310753638954    
  0.10293      0.01806222029569846    
  0.102935      0.01806312984243329    
  0.10294      0.018064039393843007    
  0.102945      0.018064948949928054    
  0.10295      0.01806585851068938    
  0.102955      0.018066768076126224    
  0.10296      0.01806767764623926    
  0.102965      0.01806858722102885    
  0.10296999999999999      0.018069496800495098    
  0.102975      0.018070406384638204    
  0.10298      0.018071315973457843    
  0.102985      0.01807222556695507    
  0.10299      0.018073135165130035    
  0.102995      0.018074044767982307    
  0.103      0.0180749543755127    
  0.103005      0.01807586398772134    
  0.10301      0.018076773604608312    
  0.103015      0.018077683226174025    
  0.10302      0.01807859285241825    
  0.10302499999999999      0.01807950248334198    
  0.10303      0.01808041211894483    
  0.103035      0.018081321759226984    
  0.10303999999999999      0.01808223140418927    
  0.103045      0.01808314105383132    
  0.10305      0.018084050708153707    
  0.103055      0.018084960367156608    
  0.10306      0.01808587003083965    
  0.103065      0.018086779699203807    
  0.10307      0.018087689372249225    
  0.103075      0.01808859904997587    
  0.10308      0.018089508732384237    
  0.103085      0.018090418419474286    
  0.10309      0.018091328111245877    
  0.10309499999999999      0.018092237807700147    
  0.1031      0.018093147508836987    
  0.103105      0.018094057214656165    
  0.10311      0.01809496692515826    
  0.103115      0.018095876640343792    
  0.10312      0.018096786360212468    
  0.103125      0.018097696084764674    
  0.10313      0.018098605814000506    
  0.103135      0.01809951554792058    
  0.10314      0.01810042528652513    
  0.103145      0.0181013350298139    
  0.10314999999999999      0.018102244777787227    
  0.103155      0.018103154530445767    
  0.10316      0.018104064287789292    
  0.10316499999999999      0.01810497404981816    
  0.10317      0.018105883816532744    
  0.103175      0.018106793587932865    
  0.10318      0.018107703364019317    
  0.103185      0.018108613144792007    
  0.10319      0.01810952293025127    
  0.103195      0.0181104327203974    
  0.1032      0.01811134251522961    
  0.10320499999999999      0.018112252314749912    
  0.10321      0.01811316211895724    
  0.103215      0.01811407192785222    
  0.10321999999999999      0.018114981741435023    
  0.103225      0.01811589155970584    
  0.10323      0.0181168013826651    
  0.103235      0.01811771121031272    
  0.10324      0.018118621042649385    
  0.103245      0.01811953087967487    
  0.10325      0.018120440721389734    
  0.103255      0.018121350567793636    
  0.10326      0.018122260418887124    
  0.103265      0.01812317027467066    
  0.10327      0.018124080135144112    
  0.10327499999999999      0.018124990000308212    
  0.10328      0.018125899870162842    
  0.103285      0.018126809744708185    
  0.10328999999999999      0.0181277196239444    
  0.103295      0.018128629507872106    
  0.1033      0.018129539396490826    
  0.103305      0.01813044928980153    
  0.10331      0.01813135918780405    
  0.103315      0.018132269090498677    
  0.10332      0.018133178997885465    
  0.103325      0.018134088909964995    
  0.10332999999999999      0.01813499882673743    
  0.103335      0.01813590874820308    
  0.10334      0.01813681867436144    
  0.10334499999999999      0.018137728605213472    
  0.10335      0.018138638540759085    
  0.103355      0.018139548480998847    
  0.10336      0.018140458425932527    
  0.103365      0.0181413683755611    
  0.10337      0.018142278329883407    
  0.103375      0.01814318828890107    
  0.10338      0.018144098252613875    
  0.103385      0.018145008221021833    
  0.10339      0.018145918194125147    
  0.103395      0.018146828171924072    
  0.10339999999999999      0.018147738154419373    
  0.103405      0.018148648141610515    
  0.10341      0.018149558133498202    
  0.10341499999999999      0.018150468130082198    
  0.10342      0.018151378131363215    
  0.103425      0.018152288137341325    
  0.10343      0.018153198148016775    
  0.103435      0.01815410816338963    
  0.10344      0.01815501818346031    
  0.103445      0.018155928208228887    
  0.10345      0.01815683823769585    
  0.10345499999999999      0.018157748271861212    
  0.10346      0.01815865831072519    
  0.103465      0.01815956835428732    
  0.10346999999999999      0.018160478402549644    
  0.103475      0.01816138845551072    
  0.10348      0.018162298513171    
  0.103485      0.018163208575531574    
  0.10349      0.018164118642592198    
  0.103495      0.0181650287143525    
  0.1035      0.01816593879081403    
  0.103505      0.018166848871975488    
  0.10351      0.018167758957838433    
  0.103515      0.018168669048401795    
  0.10352      0.018169579143667174    
  0.10352499999999999      0.018170489243633528    
  0.10353      0.018171399348301965    
  0.103535      0.01817230945767229    
  0.10354      0.0181732195717454    
  0.103545      0.018174129690520725    
  0.10355      0.01817503981399828    
  0.103555      0.01817594994217904    
  0.10356      0.018176860075062903    
  0.103565      0.018177770212649918    
  0.10357      0.01817868035494116    
  0.103575      0.018179590501935766    
  0.10357999999999999      0.01818050065363441    
  0.103585      0.01818141081003741    
  0.10359      0.01818232097114454    
  0.10359499999999999      0.018183231136956485    
  0.1036      0.01818414130747383    
  0.103605      0.018185051482696078    
  0.10361      0.018185961662623644    
  0.103615      0.01818687184725714    
  0.10362      0.018187782036596028    
  0.103625      0.018188692230641026    
  0.10363      0.018189602429392427    
  0.103635      0.018190512632850302    
  0.10364      0.018191422841015166    
  0.103645      0.018192333053886837    
  0.10364999999999999      0.018193243271465456    
  0.103655      0.018194153493751617    
  0.10366      0.01819506372074588    
  0.103665      0.018195973952447618    
  0.10367      0.018196884188857232    
  0.103675      0.018197794429975326    
  0.10368      0.018198704675801668    
  0.103685      0.0181996149263376    
  0.10369      0.018200525181581884    
  0.103695      0.018201435441535282    
  0.1037      0.018202345706198417    
  0.10370499999999999      0.018203255975571063    
  0.10371      0.018204166249653455    
  0.103715      0.01820507652844613    
  0.10371999999999999      0.018205986811949054    
  0.103725      0.018206897100162787    
  0.10373      0.018207807393087024    
  0.103735      0.018208717690722416    
  0.10374      0.018209627993069175    
  0.103745      0.018210538300126755    
  0.10375      0.018211448611896948    
  0.103755      0.018212358928378216    
  0.10375999999999999      0.018213269249571912    
  0.103765      0.01821417957547857    
  0.10377      0.01821508990609693    
  0.10377499999999999      0.018216000241428495    
  0.10378      0.018216910581473178    
  0.103785      0.018217820926230727    
  0.10379      0.01821873127570199    
  0.103795      0.0182196416298871    
  0.1038      0.018220551988786013    
  0.103805      0.0182214623523991    
  0.10381      0.018222372720726635    
  0.103815      0.01822328309376841    
  0.10382      0.01822419347152547    
  0.103825      0.018225103853997157    
  0.10382999999999999      0.018226014241184432    
  0.103835      0.018226924633087335    
  0.10384      0.018227835029705795    
  0.10384499999999999      0.01822874543104021    
  0.10385      0.018229655837090644    
  0.103855      0.018230566247857516    
  0.10386      0.018231476663341132    
  0.103865      0.01823238708354167    
  0.10387      0.018233297508459163    
  0.103875      0.018234207938094195    
  0.10388      0.018235118372446634    
  0.10388499999999999      0.018236028811516803    
  0.10389      0.01823693925530462    
  0.103895      0.01823784970381128    
  0.10389999999999999      0.018238760157036047    
  0.103905      0.018239670614979372    
  0.10391      0.018240581077641545    
  0.103915      0.018241491545022987    
  0.10392      0.018242402017123505    
  0.103925      0.018243312493944133    
  0.10393      0.018244222975483785    
  0.103935      0.018245133461744056    
  0.10394      0.018246043952724167    
  0.103945      0.01824695444842485    
  0.10395      0.01824786494884641    
  0.10395499999999999      0.018248775453988487    
  0.10396      0.018249685963852028    
  0.103965      0.01825059647843667    
  0.10396999999999999      0.01825150699774298    
  0.103975      0.018252417521771445    
  0.10398      0.018253328050521347    
  0.103985      0.018254238583994005    
  0.10399      0.018255149122188737    
  0.103995      0.01825605966510627    
  0.104      0.01825697021274677    
  0.104005      0.018257880765110552    
  0.10400999999999999      0.018258791322197335    
  0.104015      0.018259701884008273    
  0.10402      0.018260612450542987    
  0.10402499999999999      0.01826152302180111    
  0.10403      0.018262433597783626    
  0.104035      0.018263344178491348    
  0.10404      0.01826425476392339    
  0.104045      0.018265165354080466    
  0.10405      0.01826607594896233    
  0.104055      0.01826698654856982    
  0.10406      0.0182678971529031    
  0.10406499999999999      0.018268807761961974    
  0.10407      0.018269718375747097    
  0.104075      0.018270628994258544    
  0.10407999999999999      0.018271539617496196    
  0.104085      0.018272450245460762    
  0.10409      0.018273360878152924    
  0.104095      0.018274271515571556    
  0.1041      0.018275182157717753    
  0.104105      0.018276092804591405    
  0.10411      0.018277003456193354    
  0.104115      0.01827791411252309    
  0.10412      0.0182788247735812    
  0.104125      0.018279735439368224    
  0.10413      0.018280646109883465    
  0.10413499999999999      0.018281556785127818    
  0.10414      0.018282467465101367    
  0.104145      0.018283378149804914    
  0.10414999999999999      0.018284288839237862    
  0.104155      0.018285199533400347    
  0.10416      0.01828611023229298    
  0.104165      0.018287020935916037    
  0.10417      0.01828793164427007    
  0.104175      0.018288842357354475    
  0.10418      0.01828975307517007    
  0.104185      0.01829066379771682    
  0.10418999999999999      0.0182915745249952    
  0.104195      0.018292485257004894    
  0.1042      0.018293395993746908    
  0.10420499999999999      0.018294306735221182    
  0.10421      0.018295217481427328    
  0.104215      0.018296128232366243    
  0.10422      0.018297038988038222    
  0.104225      0.018297949748442986    
  0.10423      0.01829886051358115    
  0.104235      0.018299771283452903    
  0.10424      0.018300682058058196    
  0.104245      0.01830159283739714    
  0.10425      0.01830250362147087    
  0.104255      0.018303414410278218    
  0.10425999999999999      0.018304325203820797    
  0.104265      0.018305236002098133    
  0.10427      0.018306146805110526    
  0.10427499999999999      0.018307057612858293    
  0.10428      0.01830796842534131    
  0.104285      0.01830887924256016    
  0.10429      0.018309790064515014    
  0.104295      0.018310700891206167    
  0.1043      0.018311611722633524    
  0.104305      0.01831252255879766    
  0.10431      0.018313433399698494    
  0.10431499999999999      0.018314344245336536    
  0.10432      0.018315255095711903    
  0.104325      0.018316165950825344    
  0.10432999999999999      0.018317076810675507    
  0.104335      0.018317987675264265    
  0.10434      0.018318898544590987    
  0.104345      0.018319809418656637    
  0.10435      0.01832072029746057    
  0.104355      0.018321631181003287    
  0.10436      0.01832254206928541    
  0.104365      0.01832345296230635    
  0.10437      0.01832436386006748    
  0.104375      0.018325274762568025    
  0.10438      0.018326185669808693    
  0.10438499999999999      0.018327096581789902    
  0.10439      0.018328007498511177    
  0.104395      0.018328918419973344    
  0.10439999999999999      0.01832982934617592    
  0.104405      0.018330740277120387    
  0.10441      0.018331651212805753    
  0.104415      0.01833256215323239    
  0.10442      0.018333473098401443    
  0.104425      0.01833438404831228    
  0.10443      0.0183352950029656    
  0.104435      0.01833620596236132    
  0.10443999999999999      0.018337116926499447    
  0.104445      0.01833802789538085    
  0.10445      0.018338938869005266    
  0.10445499999999999      0.018339849847373146    
  0.10446      0.018340760830484776    
  0.104465      0.018341671818339702    
  0.10447      0.01834258281093914    
  0.104475      0.018343493808282433    
  0.10448      0.018344404810370706    
  0.104485      0.018345315817203882    
  0.10449      0.01834622682878181    
  0.104495      0.018347137845104455    
  0.1045      0.01834804886617312    
  0.104505      0.01834895989198698    
  0.10450999999999999      0.018349870922547088    
  0.104515      0.018350781957852707    
  0.10452      0.018351692997905063    
  0.10452499999999999      0.018352604042703894    
  0.10453      0.018353515092249698    
  0.104535      0.018354426146542206    
  0.10454      0.01835533720558199    
  0.104545      0.018356248269369213    
  0.10455      0.01835715933790407    
  0.104555      0.018358070411186575    
  0.10456      0.01835898148921759    
  0.10456499999999999      0.01835989257199685    
  0.10457      0.01836080365952455    
  0.104575      0.018361714751800977    
  0.10457999999999999      0.018362625848826704    
  0.104585      0.01836353695060112    
  0.10459      0.018364448057125303    
  0.104595      0.018365359168399036    
  0.1046      0.018366270284422895    
  0.104605      0.018367181405196883    
  0.10461      0.018368092530720956    
  0.104615      0.018369003660995746    
  0.10461999999999999      0.018369914796021482    
  0.104625      0.018370825935798054    
  0.10463      0.018371737080326005    
  0.10463499999999999      0.018372648229605566    
  0.10464      0.018373559383636547    
  0.104645      0.01837447054241962    
  0.10464999999999999      0.01837538170595488    
  0.104655      0.01837629287424226    
  0.10466      0.018377204047282582    
  0.104665      0.01837811522507525    
  0.10467      0.01837902640762145    
  0.104675      0.018379937594920716    
  0.10468      0.01838084878697413    
  0.104685      0.018381759983779902    
  0.10468999999999999      0.01838267118534042    
  0.104695      0.018383582391655218    
  0.1047      0.01838449360272421    
  0.10470499999999999      0.018385404818548057    
  0.10471      0.018386316039126542    
  0.104715      0.01838722726446    
  0.10472      0.018388138494549226    
  0.104725      0.018389049729393363    
  0.10473      0.01838996096899335    
  0.104735      0.018390872213349504    
  0.10474      0.018391783462462095    
  0.10474499999999999      0.018392694716330652    
  0.10475      0.01839360597495604    
  0.104755      0.018394517238338407    
  0.10475999999999999      0.018395428506477896    
  0.104765      0.018396339779374417    
  0.10477      0.018397251057028587    
  0.104775      0.018398162339440916    
  0.10478      0.01839907362661083    
  0.104785      0.01839998491853885    
  0.10479      0.018400896215225816    
  0.104795      0.018401807516671136    
  0.1048      0.01840271882287573    
  0.104805      0.01840363013383873    
  0.10481      0.018404541449561253    
  0.10481499999999999      0.018405452770043712    
  0.10482      0.018406364095285878    
  0.104825      0.018407275425288062    
  0.10482999999999999      0.018408186760050422    
  0.104835      0.018409098099573282    
  0.10484      0.01841000944385692    
  0.104845      0.01841092079290138    
  0.10485      0.01841183214670685    
  0.104855      0.01841274350527362    
  0.10486      0.01841365486860211    
  0.104865      0.018414566236692367    
  0.10486999999999999      0.018415477609544845    
  0.104875      0.01841638898715917    
  0.10488      0.018417300369536573    
  0.10488499999999999      0.0184182117566767    
  0.10489      0.018419123148579557    
  0.104895      0.01842003454524546    
  0.1049      0.01842094594667461    
  0.104905      0.01842185735286795    
  0.10491      0.018422768763824596    
  0.104915      0.018423680179545498    
  0.10492      0.01842459160003084    
  0.10492499999999999      0.0184255030252805    
  0.10493      0.018426414455294714    
  0.104935      0.01842732589007436    
  0.10493999999999999      0.01842823732961902    
  0.104945      0.018429148773929083    
  0.10495      0.018430060223004478    
  0.10495499999999999      0.018430971676846406    
  0.10496      0.018431883135453738    
  0.104965      0.018432794598827455    
  0.10497      0.018433706066968075    
  0.104975      0.018434617539875152    
  0.10498      0.018435529017549745    
  0.104985      0.018436440499991148    
  0.10499      0.018437351987199715    
  0.10499499999999999      0.018438263479176476    
  0.105      0.01843917497592081    
  0.105005      0.018440086477433646    
  0.10500999999999999      0.018440997983714104    
  0.105015      0.018441909494763303    
  0.10502      0.018442821010581915    
  0.105025      0.01844373253116906    
  0.10503      0.018444644056525843    
  0.105035      0.018445555586651504    
  0.10504      0.018446467121546985    
  0.105045      0.018447378661212502    
  0.10504999999999999      0.018448290205648567    
  0.105055      0.01844920175485432    
  0.10506      0.018450113308830472    
  0.10506499999999999      0.01845102486757838    
  0.10507      0.018451936431096747    
  0.105075      0.01845284799938624    
  0.10507999999999999      0.018453759572447635    
  0.105085      0.018454671150280134    
  0.10509      0.01845558273288521    
  0.105095      0.01845649432026226    
  0.1051      0.01845740591241159    
  0.105105      0.01845831750933349    
  0.10511      0.01845922911102829    
  0.105115      0.018460140717496125    
  0.10512      0.018461052328737192    
  0.10512500000000001      0.01846196394475205    
  0.10513      0.0184628755655402    
  0.105135      0.018463787191102483    
  0.10514000000000001      0.018464698821439172    
  0.105145      0.018465610456550072    
  0.10515000000000001      0.01846652209643587    
  0.105155      0.018467433741096093    
  0.10516      0.018468345390531958    
  0.10516500000000001      0.018469257044742452    
  0.10517      0.018470168703728748    
  0.105175      0.018471080367490705    
  0.10518000000000001      0.018471992036029068    
  0.105185      0.018472903709343035    
  0.10519      0.018473815387433656    
  0.10519500000000001      0.018474727070301095    
  0.1052      0.018475638757945143    
  0.105205      0.018476550450366377    
  0.10521000000000001      0.018477462147565328    
  0.105215      0.018478373849541513    
  0.10522000000000001      0.018479285556295674    
  0.105225      0.01848019726782727    
  0.10523      0.018481108984137802    
  0.10523500000000001      0.018482020705226396    
  0.10524      0.018482932431093488    
  0.105245      0.0184838441617395    
  0.10525000000000001      0.018484755897165563    
  0.105255      0.01848566763737005    
  0.10526      0.018486579382354134    
  0.10526500000000001      0.018487491132118332    
  0.10527      0.018488402886662193    
  0.10527500000000001      0.018489314645987066    
  0.10528      0.01849022641009151    
  0.105285      0.018491138178977306    
  0.10529000000000001      0.018492049952643558    
  0.105295      0.018492961731091093    
  0.1053      0.018493873514320087    
  0.10530500000000001      0.018494785302330726    
  0.10531      0.01849569709512327    
  0.105315      0.018496608892697393    
  0.10532000000000001      0.018497520695054444    
  0.105325      0.018498432502193702    
  0.10533000000000001      0.01849934431411554    
  0.10533500000000001      0.01850025613082069    
  0.10534      0.018501167952308533    
  0.10534500000000001      0.01850207977858016    
  0.10535      0.018502991609635037    
  0.105355      0.018503903445473837    
  0.10536000000000001      0.018504815286096894    
  0.105365      0.018505727131504286    
  0.10537      0.018506638981696303    
  0.10537500000000001      0.018507550836672455    
  0.10538      0.018508462696434254    
  0.105385      0.018509374560980944    
  0.10539000000000001      0.01851028643031266    
  0.105395      0.018511198304430654    
  0.10540000000000001      0.018512110183334575    
  0.105405      0.01851302206702444    
  0.10541      0.01851393395550017    
  0.10541500000000001      0.018514845848762992    
  0.10542      0.01851575774681212    
  0.105425      0.0185166696496487    
  0.10543000000000001      0.0185175815572717    
  0.105435      0.018518493469682977    
  0.10544      0.018519405386881523    
  0.10544500000000001      0.018520317308868602    
  0.10545      0.018521229235643148    
  0.10545500000000001      0.01852214116720601    
  0.10546      0.018523053103557764    
  0.105465      0.018523965044698165    
  0.10547000000000001      0.018524876990627652    
  0.105475      0.018525788941346013    
  0.10548      0.018526700896854483    
  0.10548500000000001      0.018527612857151998    
  0.10549      0.018528524822239833    
  0.105495      0.018529436792117566    
  0.10550000000000001      0.01853034876678597    
  0.105505      0.018531260746244525    
  0.10551      0.01853217273049407    
  0.10551500000000001      0.01853308471953487    
  0.10552      0.018533996713366762    
  0.10552500000000001      0.018534908711990518    
  0.10553      0.018535820715405545    
  0.105535      0.01853673272361265    
  0.10554000000000001      0.018537644736611614    
  0.105545      0.01853855675440304    
  0.10555      0.018539468776987596    
  0.10555500000000001      0.018540380804364265    
  0.10556      0.01854129283653465    
  0.105565      0.018542204873498308    
  0.10557000000000001      0.018543116915254978    
  0.105575      0.018544028961805636    
  0.10558000000000001      0.018544941013150167    
  0.105585      0.01854585306928902    
  0.10559      0.01854676513022213    
  0.10559500000000001      0.018547677195949887    
  0.1056      0.018548589266472754    
  0.105605      0.01854950134179062    
  0.10561000000000001      0.01855041342190338    
  0.105615      0.018551325506811923    
  0.10562      0.01855223759651631    
  0.10562500000000001      0.018553149691016825    
  0.10563      0.01855406179031345    
  0.105635      0.018554973894406364    
  0.10564000000000001      0.018555886003296013    
  0.105645      0.018556798116982527    
  0.10565000000000001      0.018557710235466256    
  0.105655      0.018558622358747365    
  0.10566      0.018559534486825707    
  0.10566500000000001      0.018560446619701916    
  0.10567      0.01856135875737612    
  0.105675      0.018562270899848916    
  0.10568000000000001      0.01856318304711976    
  0.105685      0.018564095199189425    
  0.10569      0.01856500735605814    
  0.10569500000000001      0.018565919517725484    
  0.1057      0.01856683168419264    
  0.10570500000000001      0.018567743855459506    
  0.10571      0.01856865603152588    
  0.105715      0.018569568212392456    
  0.10572000000000001      0.01857048039805914    
  0.105725      0.01857139258852584    
  0.10573      0.01857230478379404    
  0.10573500000000001      0.01857321698386298    
  0.10574      0.01857412918873283    
  0.105745      0.018575041398404303    
  0.10575000000000001      0.018575953612876922    
  0.105755      0.018576865832151877    
  0.10576      0.018577778056228414    
  0.105765      0.01857869028510806    
  0.10577      0.018579602518789255    
  0.10577500000000001      0.018580514757273615    
  0.10578      0.01858142700056075    
  0.105785      0.018582339248651426    
  0.10579000000000001      0.018583251501545085    
  0.105795      0.018584163759242614    
  0.1058      0.018585076021744026    
  0.10580500000000001      0.018585988289049494    
  0.10581      0.018586900561159043    
  0.105815      0.018587812838073255    
  0.10582000000000001      0.018588725119791632    
  0.105825      0.018589637406316063    
  0.10583000000000001      0.018590549697645273    
  0.105835      0.018591461993779677    
  0.10584      0.018592374294719733    
  0.10584500000000001      0.018593286600465986    
  0.10585      0.018594198911017955    
  0.105855      0.018595111226376623    
  0.10586000000000001      0.018596023546541614    
  0.105865      0.018596935871513193    
  0.10587      0.018597848201291865    
  0.10587500000000001      0.01859876053587784    
  0.10588      0.018599672875271565    
  0.105885      0.018600585219472523    
  0.10589      0.018601497568481246    
  0.105895      0.01860240992229854    
  0.10590000000000001      0.01860332228092377    
  0.105905      0.01860423464435831    
  0.10591      0.018605147012600853    
  0.10591500000000001      0.01860605938565267    
  0.10592      0.018606971763513634    
  0.105925      0.018607884146184448    
  0.10593000000000001      0.01860879653366437    
  0.105935      0.018609708925954732    
  0.10594      0.01861062132305482    
  0.10594500000000001      0.018611533724965677    
  0.10595      0.018612446131686878    
  0.10595500000000001      0.01861335854321881    
  0.10596      0.018614270959561904    
  0.105965      0.018615183380716337    
  0.10597000000000001      0.018616095806682446    
  0.105975      0.018617008237459563    
  0.10598      0.01861792067304932    
  0.10598500000000001      0.018618833113450733    
  0.10599      0.018619745558664837    
  0.105995      0.018620658008691348    
  0.10600000000000001      0.018621570463531033    
  0.106005      0.01862248292318355    
  0.10601000000000001      0.018623395387649348    
  0.106015      0.018624307856928993    
  0.10602      0.018625220331021715    
  0.10602500000000001      0.01862613280992875    
  0.10603      0.01862704529365012    
  0.106035      0.018627957782185383    
  0.10604000000000001      0.018628870275535826    
  0.106045      0.018629782773700896    
  0.10605      0.018630695276680986    
  0.10605500000000001      0.018631607784477068    
  0.10606      0.018632520297087733    
  0.106065      0.01863343281451473    
  0.10607000000000001      0.01863434533675769    
  0.106075      0.018635257863816274    
  0.10608000000000001      0.01863617039569158    
  0.106085      0.01863708293238401    
  0.10609      0.018637995473892846    
  0.10609500000000001      0.018638908020219013    
  0.1061      0.0186398205713626    
  0.106105      0.018640733127323332    
  0.10611000000000001      0.018641645688101813    
  0.106115      0.01864255825369872    
  0.10612      0.018643470824113717    
  0.10612500000000001      0.01864438339934719    
  0.10613      0.018645295979399228    
  0.10613500000000001      0.018646208564270614    
  0.10614      0.018647121153960236    
  0.106145      0.018648033748469846    
  0.10615000000000001      0.018648946347798942    
  0.106155      0.018649858951947818    
  0.10616      0.018650771560916674    
  0.10616500000000001      0.018651684174705644    
  0.10617      0.01865259679331558    
  0.106175      0.018653509416745477    
  0.10618000000000001      0.01865442204499718    
  0.106185      0.018655334678069596    
  0.10619      0.018656247315963333    
  0.10619500000000001      0.018657159958679156    
  0.1062      0.01865807260621594    
  0.10620500000000001      0.018658985258575    
  0.10621      0.01865989791575678    
  0.106215      0.01866081057776092    
  0.10622000000000001      0.01866172324458745    
  0.106225      0.018662635916237208    
  0.10623      0.018663548592709706    
  0.10623500000000001      0.01866446127400618    
  0.10624      0.018665373960126384    
  0.106245      0.0186662866510701    
  0.10625000000000001      0.01866719934683789    
  0.106255      0.018668112047430064    
  0.10626000000000001      0.01866902475284627    
  0.106265      0.01866993746308785    
  0.10627      0.01867085017815436    
  0.10627500000000001      0.01867176289804588    
  0.10628      0.018672675622762785    
  0.106285      0.018673588352305214    
  0.10629000000000001      0.018674501086673893    
  0.106295      0.018675413825868303    
  0.1063      0.018676326569889164    
  0.10630500000000001      0.018677239318736744    
  0.10631      0.018678152072411004    
  0.106315      0.018679064830912206    
  0.10632      0.018679977594240643    
  0.106325      0.018680890362396254    
  0.10633000000000001      0.018681803135379583    
  0.106335      0.018682715913190814    
  0.10634      0.018683628695830908    
  0.10634500000000001      0.018684541483298584    
  0.10635      0.018685454275595443    
  0.106355      0.01868636707272075    
  0.10636000000000001      0.01868727987467492    
  0.106365      0.018688192681457896    
  0.10637      0.01868910549307103    
  0.10637500000000001      0.018690018309513508    
  0.10638      0.01869093113078583    
  0.10638500000000001      0.01869184395688894    
  0.10639      0.01869275678782183    
  0.106395      0.018693669623585565    
  0.10640000000000001      0.018694582464179932    
  0.106405      0.01869549530960563    
  0.10641      0.018696408159862045    
  0.10641500000000001      0.01869732101495053    
  0.10642      0.01869823387487022    
  0.106425      0.01869914673962229    
  0.10643000000000001      0.018700059609206426    
  0.106435      0.01870097248362292    
  0.10644      0.018701885362872064    
  0.106445      0.01870279824695363    
  0.10645      0.018703711135868734    
  0.10645500000000001      0.018704624029616857    
  0.10646      0.018705536928198842    
  0.106465      0.01870644983161382    
  0.10647000000000001      0.018707362739863412    
  0.106475      0.01870827565294683    
  0.10648      0.018709188570865336    
  0.10648500000000001      0.018710101493617626    
  0.10649      0.01871101442120507    
  0.106495      0.018711927353627842    
  0.10650000000000001      0.018712840290885796    
  0.106505      0.018713753232979077    
  0.10651000000000001      0.01871466617990801    
  0.106515      0.018715579131673484    
  0.10652      0.018716492088274615    
  0.10652500000000001      0.018717405049712338    
  0.10653      0.018718318015986706    
  0.106535      0.01871923098709828    
  0.10654000000000001      0.01872014396304644    
  0.106545      0.018721056943832148    
  0.10655      0.01872196992945532    
  0.10655500000000001      0.0187228829199165    
  0.10656      0.018723795915215766    
  0.10656500000000001      0.01872470891535323    
  0.10657      0.018725621920328717    
  0.106575      0.018726534930143014    
  0.10658000000000001      0.01872744794479674    
  0.106585      0.018728360964288954    
  0.10659      0.018729273988621065    
  0.10659500000000001      0.018730187017792273    
  0.1066      0.018731100051803326    
  0.106605      0.018732013090654604    
  0.10661000000000001      0.018732926134345906    
  0.106615      0.018733839182878215    
  0.10662      0.018734752236250738    
  0.106625      0.018735665294464077    
  0.10663      0.018736578357519153    
  0.10663500000000001      0.01873749142541524    
  0.10664      0.018738404498152644    
  0.106645      0.018739317575732082    
  0.10665000000000001      0.01874023065815339    
  0.106655      0.01874114374541746    
  0.10666      0.01874205683752392    
  0.10666500000000001      0.018742969934472803    
  0.10667      0.01874388303626467    
  0.106675      0.018744796142900106    
  0.10668000000000001      0.018745709254378615    
  0.106685      0.018746622370700617    
  0.10669000000000001      0.018747535491866914    
  0.106695      0.01874844861787696    
  0.1067      0.018749361748731142    
  0.10670500000000001      0.01875027488443001    
  0.10671      0.018751188024973508    
  0.106715      0.01875210117036219    
  0.10672000000000001      0.018753014320595972    
  0.106725      0.018753927475675267    
  0.10673      0.018754840635600106    
  0.10673500000000001      0.018755753800370437    
  0.10674      0.018756666969987318    
  0.106745      0.01875758014445067    
  0.10675      0.01875849332376011    
  0.106755      0.018759406507916635    
  0.10676000000000001      0.018760319696920123    
  0.106765      0.018761232890770505    
  0.10677      0.018762146089468607    
  0.10677500000000001      0.018763059293014462    
  0.10678      0.018763972501408224    
  0.106785      0.01876488571464996    
  0.10679000000000001      0.01876579893273981    
  0.106795      0.018766712155678475    
  0.1068      0.018767625383465884    
  0.10680500000000001      0.01876853861610247    
  0.10681      0.01876945185358799    
  0.10681500000000001      0.018770365095923166    
  0.10682      0.01877127834310761    
  0.106825      0.018772191595142557    
  0.10683000000000001      0.018773104852027267    
  0.106835      0.018774018113762576    
  0.10684      0.018774931380348484    
  0.10684500000000001      0.018775844651784782    
  0.10685      0.018776757928072464    
  0.106855      0.01877767120921164    
  0.10686000000000001      0.018778584495201617    
  0.106865      0.018779497786043476    
  0.10687      0.018780411081737745    
  0.106875      0.01878132438228396    
  0.10688      0.018782237687682564    
  0.10688500000000001      0.01878315099793357    
  0.10689      0.018784064313037738    
  0.106895      0.01878497763299447    
  0.10690000000000001      0.018785890957805095    
  0.106905      0.018786804287468796    
  0.10691      0.01878771762198645    
  0.10691500000000001      0.018788630961357786    
  0.10692      0.018789544305583408    
  0.106925      0.018790457654663445    
  0.10693000000000001      0.018791371008598488    
  0.106935      0.018792284367388064    
  0.10694000000000001      0.018793197731032715    
  0.106945      0.018794111099532457    
  0.10695      0.018795024472887806    
  0.10695500000000001      0.01879593785109922    
  0.10696      0.018796851234166172    
  0.106965      0.018797764622089583    
  0.10697000000000001      0.018798678014869206    
  0.106975      0.018799591412506037    
  0.10698      0.01880050481499903    
  0.10698500000000001      0.018801418222349715    
  0.10699      0.0188023316345573    
  0.106995      0.0188032450516225    
  0.107      0.018804158473545607    
  0.107005      0.018805071900326927    
  0.10701000000000001      0.018805985331966375    
  0.107015      0.018806898768463864    
  0.10702      0.018807812209820078    
  0.10702500000000001      0.018808725656035568    
  0.10703      0.01880963910710974    
  0.107035      0.018810552563043953    
  0.10704000000000001      0.018811466023836893    
  0.107045      0.018812379489490227    
  0.10705      0.018813292960003527    
  0.10705500000000001      0.01881420643537678    
  0.10706      0.01881511991561091    
  0.10706500000000001      0.018816033400705433    
  0.10707      0.018816946890660748    
  0.107075      0.01881786038547735    
  0.10708000000000001      0.01881877388515525    
  0.107085      0.018819687389694716    
  0.10709      0.01882060089909627    
  0.10709500000000001      0.018821514413359733    
  0.1071      0.018822427932485293    
  0.107105      0.018823341456473675    
  0.10711000000000001      0.0188242549853245    
  0.107115      0.01882516851903822    
  0.10712      0.018826082057615368    
  0.107125      0.01882699560105564    
  0.10713      0.01882790914935954    
  0.10713500000000001      0.018828822702527278    
  0.10714      0.018829736260559546    
  0.107145      0.018830649823455572    
  0.10715000000000001      0.0188315633912162    
  0.107155      0.01883247696384202    
  0.10716      0.018833390541331985    
  0.10716500000000001      0.018834304123687962    
  0.10717      0.018835217710909097    
  0.107175      0.018836131302995555    
  0.10718      0.018837044899948054    
  0.107185      0.018837958501766595    
  0.10719000000000001      0.018838872108451483    
  0.107195      0.01883978572000303    
  0.1072      0.018840699336420918    
  0.10720500000000001      0.01884161295770627    
  0.10721      0.018842526583858456    
  0.107215      0.018843440214878354    
  0.10722000000000001      0.018844353850765643    
  0.107225      0.01884526749152113    
  0.10723      0.01884618113714434    
  0.10723500000000001      0.018847094787636357    
  0.10724      0.01884800844299672    
  0.10724500000000001      0.01884892210322569    
  0.10725      0.01884983576832399    
  0.107255      0.018850749438291382    
  0.10726000000000001      0.018851663113127796    
  0.107265      0.01885257679283443    
  0.10727      0.01885349047741106    
  0.10727500000000001      0.018854404166857474    
  0.10728      0.018855317861174378    
  0.107285      0.01885623156036178    
  0.10729000000000001      0.018857145264420005    
  0.107295      0.018858058973349228    
  0.1073      0.018858972687149866    
  0.107305      0.01885988640582181    
  0.10731      0.018860800129365158    
  0.10731500000000001      0.018861713857781067    
  0.10732      0.01886262759106857    
  0.107325      0.018863541329228864    
  0.10733000000000001      0.018864455072261588    
  0.107335      0.01886536882016748    
  0.10734      0.018866282572945894    
  0.10734500000000001      0.018867196330597205    
  0.10735      0.01886811009312276    
  0.107355      0.018869023860522104    
  0.10736000000000001      0.01886993763279504    
  0.107365      0.01887085140994242    
  0.10737000000000001      0.01887176519196385    
  0.107375      0.01887267897885993    
  0.10738      0.01887359277063131    
  0.10738500000000001      0.018874506567277294    
  0.10739      0.01887542036879869    
  0.107395      0.018876334175195512    
  0.10740000000000001      0.018877247986468493    
  0.107405      0.01887816180261726    
  0.10741      0.018879075623642088    
  0.10741500000000001      0.018879989449543336    
  0.10742      0.018880903280321003    
  0.107425      0.018881817115975797    
  0.10743      0.018882730956507745    
  0.107435      0.018883644801917183    
  0.10744000000000001      0.018884558652203853    
  0.107445      0.018885472507368203    
  0.10745      0.01888638636741064    
  0.10745500000000001      0.01888730023233124    
  0.10746      0.018888214102130672    
  0.107465      0.01888912797680835    
  0.10747000000000001      0.01889004185636506    
  0.107475      0.018890955740800887    
  0.10748      0.0188918696301157    
  0.107485      0.01889278352431071    
  0.10749      0.018893697423384963    
  0.10749500000000001      0.018894611327339758    
  0.1075      0.01889552523617424    
  0.107505      0.0188964391498895    
  0.10751000000000001      0.018897353068485417    
  0.107515      0.018898266991962186    
  0.10752      0.01889918092032027    
  0.10752500000000001      0.018900094853559393    
  0.10753      0.018901008791680125    
  0.107535      0.018901922734682924    
  0.10754000000000001      0.018902836682567817    
  0.107545      0.018903750635334445    
  0.10755      0.018904664592983778    
  0.107555      0.018905578555515848    
  0.10756      0.01890649252293108    
  0.10756500000000001      0.018907406495229675    
  0.10757      0.018908320472411377    
  0.107575      0.018909234454476346    
  0.10758000000000001      0.01891014844142533    
  0.107585      0.018911062433258314    
  0.10759      0.0189119764299759    
  0.10759500000000001      0.018912890431577307    
  0.1076      0.018913804438064164    
  0.107605      0.01891471844943549    
  0.10761      0.018915632465692438    
  0.107615      0.0189165464868346    
  0.10762000000000001      0.018917460512862236    
  0.107625      0.018918374543776015    
  0.10763      0.018919288579575644    
  0.10763500000000001      0.01892020262026163    
  0.10764      0.01892111666583431    
  0.107645      0.018922030716293607    
  0.10765000000000001      0.018922944771639364    
  0.107655      0.018923858831873256    
  0.10766      0.018924772896993607    
  0.10766500000000001      0.018925686967002277    
  0.10767      0.01892660104189863    
  0.107675      0.01892751512168328    
  0.10768      0.01892842920635583    
  0.107685      0.01892934329591751    
  0.10769      0.01893025739036735    
  0.107695      0.018931171489706383    
  0.1077      0.01893208559393507    
  0.107705      0.018932999703052796    
  0.10771      0.01893391381706011    
  0.10771499999999999      0.018934827935957313    
  0.10772      0.018935742059744985    
  0.107725      0.018936656188422628    
  0.10772999999999999      0.01893757032199093    
  0.107735      0.01893848446045022    
  0.10774      0.018939398603800395    
  0.107745      0.018940312752041603    
  0.10775      0.018941226905174587    
  0.107755      0.018942141063199188    
  0.10776      0.018943055226115654    
  0.107765      0.018943969393924346    
  0.10777      0.018944883566625347    
  0.107775      0.018945797744218822    
  0.10778      0.018946711926705186    
  0.10778499999999999      0.018947626114084487    
  0.10779      0.018948540306357294    
  0.107795      0.018949454503523245    
  0.10779999999999999      0.01895036870558344    
  0.107805      0.018951282912537115    
  0.10781      0.018952197124384885    
  0.107815      0.018953111341127236    
  0.10782      0.018954025562764515    
  0.107825      0.018954939789296216    
  0.10783      0.0189558540207232    
  0.107835      0.018956768257045464    
  0.10783999999999999      0.018957682498262945    
  0.107845      0.01895859674437621    
  0.10785      0.018959510995385783    
  0.10785499999999999      0.01896042525129096    
  0.10786      0.01896133951209265    
  0.107865      0.018962253777791767    
  0.10787      0.018963168048386825    
  0.107875      0.018964082323879587    
  0.10788      0.01896499660426935    
  0.107885      0.018965910889556615    
  0.10789      0.01896682517974197    
  0.10789499999999999      0.018967739474824667    
  0.1079      0.01896865377480621    
  0.107905      0.018969568079685806    
  0.10790999999999999      0.018970482389463802    
  0.107915      0.018971396704141535    
  0.10792      0.01897231102371774    
  0.107925      0.0189732253481936    
  0.10793      0.018974139677568655    
  0.107935      0.01897505401184374    
  0.10794      0.018975968351018613    
  0.107945      0.01897688269509384    
  0.10795      0.018977797044069343    
  0.107955      0.018978711397945686    
  0.10796      0.01897962575672291    
  0.10796499999999999      0.018980540120401564    
  0.10797      0.018981454488981163    
  0.107975      0.01898236886246255    
  0.10797999999999999      0.01898328324084534    
  0.107985      0.01898419762413065    
  0.10799      0.018985112012317878    
  0.107995      0.0189860264054074    
  0.108      0.01898694080339998    
  0.108005      0.01898785520629572    
  0.10801      0.018988769614094056    
  0.108015      0.0189896840267962    
  0.10801999999999999      0.01899059844440162    
  0.108025      0.01899151286691109    
  0.10803      0.018992427294324325    
  0.10803499999999999      0.018993341726642035    
  0.10804      0.018994256163864263    
  0.108045      0.01899517060599103    
  0.10805      0.018996085053022835    
  0.108055      0.01899699950496002    
  0.10806      0.01899791396180218    
  0.108065      0.0189988284235502    
  0.10807      0.018999742890203918    
  0.108075      0.01900065736176345    
  0.10808      0.019001571838230074    
  0.108085      0.019002486319602854    
  0.10808999999999999      0.019003400805882142    
  0.108095      0.019004315297068464    
  0.1081      0.019005229793162288    
  0.10810499999999999      0.01900614429416297    
  0.10811      0.01900705880007171    
  0.108115      0.019007973310887927    
  0.10812      0.01900888782661273    
  0.108125      0.019009802347245464    
  0.10813      0.019010716872786822    
  0.108135      0.019011631403236983    
  0.10814      0.019012545938596    
  0.10814499999999999      0.019013460478864288    
  0.10815      0.01901437502404256    
  0.108155      0.019015289574129665    
  0.10815999999999999      0.019016204129126926    
  0.108165      0.019017118689034558    
  0.10817      0.019018033253852214    
  0.108175      0.019018947823580407    
  0.10818      0.019019862398219598    
  0.108185      0.019020776977769563    
  0.10819      0.019021691562231244    
  0.108195      0.01902260615160379    
  0.1082      0.019023520745888423    
  0.108205      0.019024435345084623    
  0.10821      0.019025349949192718    
  0.10821499999999999      0.019026264558213924    
  0.10822      0.01902717917214706    
  0.108225      0.01902809379099316    
  0.10822999999999999      0.019029008414752635    
  0.108235      0.019029923043425198    
  0.10824      0.01903083767701108    
  0.108245      0.01903175231551096    
  0.10825      0.019032666958924357    
  0.108255      0.019033581607252235    
  0.10826      0.019034496260494332    
  0.108265      0.01903541091865061    
  0.10826999999999999      0.01903632558172264    
  0.108275      0.019037240249708806    
  0.10828      0.01903815492261079    
  0.10828499999999999      0.019039069600428157    
  0.10829      0.01903998428316091    
  0.108295      0.019040898970810006    
  0.1083      0.0190418136633754    
  0.108305      0.019042728360857065    
  0.10831      0.019043643063255247    
  0.108315      0.019044557770569934    
  0.10832      0.01904547248280209    
  0.108325      0.019046387199951487    
  0.10833      0.019047301922018457    
  0.108335      0.019048216649002886    
  0.10833999999999999      0.019049131380905724    
  0.108345      0.0190500461177265    
  0.10835      0.019050960859465497    
  0.10835499999999999      0.019051875606123814    
  0.10836      0.01905279035770059    
  0.108365      0.0190537051141961    
  0.10837      0.01905461987561107    
  0.108375      0.01905553464194604    
  0.10838      0.019056449413200113    
  0.108385      0.019057364189374825    
  0.10839      0.019058278970469106    
  0.10839499999999999      0.019059193756484193    
  0.1084      0.019060108547420046    
  0.108405      0.019061023343276383    
  0.10840999999999999      0.01906193814405444    
  0.108415      0.019062852949753083    
  0.10842      0.01906376776037379    
  0.108425      0.019064682575916318    
  0.10843      0.019065597396380755    
  0.108435      0.01906651222176724    
  0.10844      0.01906742705207622    
  0.108445      0.01906834188730795    
  0.10844999999999999      0.01906925672746239    
  0.108455      0.019070171572540345    
  0.10846      0.019071086422541732    
  0.10846499999999999      0.019072001277466166    
  0.10847      0.019072916137314776    
  0.108475      0.019073831002087746    
  0.10848      0.019074745871784402    
  0.108485      0.019075660746405463    
  0.10849      0.01907657562595153    
  0.108495      0.019077490510422585    
  0.1085      0.01907840539981858    
  0.108505      0.01907932029413975    
  0.10851      0.01908023519338676    
  0.108515      0.01908115009755972    
  0.10851999999999999      0.0190820650066592    
  0.108525      0.01908297992068405    
  0.10853      0.01908389483963562    
  0.10853499999999999      0.019084809763514118    
  0.10854      0.019085724692319523    
  0.108545      0.019086639626051803    
  0.10855      0.01908755456471176    
  0.108555      0.019088469508299174    
  0.10856      0.019089384456814733    
  0.108565      0.019090299410258176    
  0.10857      0.01909121436863016    
  0.10857499999999999      0.01909212933192999    
  0.10858      0.01909304430015917    
  0.108585      0.019093959273317383    
  0.10858999999999999      0.019094874251404464    
  0.108595      0.01909578923442091    
  0.1086      0.01909670422236738    
  0.108605      0.019097619215243403    
  0.10861      0.019098534213049686    
  0.108615      0.019099449215786112    
  0.10862      0.019100364223452727    
  0.108625      0.019101279236051143    
  0.10863      0.019102194253579858    
  0.108635      0.019103109276039622    
  0.10864      0.01910402430343096    
  0.10864499999999999      0.019104939335754252    
  0.10865      0.019105854373009278    
  0.108655      0.019106769415196352    
  0.10865999999999999      0.019107684462316005    
  0.108665      0.01910859951436778    
  0.10867      0.019109514571352678    
  0.108675      0.01911042963327054    
  0.10868      0.019111344700121678    
  0.108685      0.019112259771906132    
  0.10869      0.019113174848624518    
  0.108695      0.019114089930276284    
  0.10869999999999999      0.019115005016862537    
  0.108705      0.019115920108382943    
  0.10871      0.019116835204838322    
  0.10871499999999999      0.019117750306228167    
  0.10872      0.019118665412553065    
  0.108725      0.019119580523813694    
  0.10873      0.01912049564000933    
  0.108735      0.01912141076114091    
  0.10874      0.019122325887207935    
  0.108745      0.019123241018211647    
  0.10875      0.01912415615415185    
  0.10875499999999999      0.01912507129502801    
  0.10876      0.019125986440841236    
  0.108765      0.019126901591591836    
  0.10876999999999999      0.01912781674727955    
  0.108775      0.019128731907904595    
  0.10878      0.019129647073467648    
  0.10878499999999999      0.01913056224396796    
  0.10879      0.019131477419407038    
  0.108795      0.019132392599784602    
  0.1088      0.0191333077851006    
  0.108805      0.019134222975355854    
  0.10881      0.01913513817054963    
  0.108815      0.01913605337068283    
  0.10882      0.019136968575755583    
  0.10882499999999999      0.019137883785768108    
  0.10883      0.019138799000720626    
  0.108835      0.019139714220613405    
  0.10883999999999999      0.01914062944544625    
  0.108845      0.019141544675220234    
  0.10885      0.019142459909934736    
  0.108855      0.01914337514959046    
  0.10886      0.019144290394187836    
  0.108865      0.01914520564372573    
  0.10887      0.019146120898206276    
  0.108875      0.01914703615762859    
  0.10887999999999999      0.019147951421993246    
  0.108885      0.019148866691300132    
  0.10889      0.019149781965549978    
  0.10889499999999999      0.019150697244742377    
  0.1089      0.019151612528877954    
  0.108905      0.01915252781795683    
  0.10890999999999999      0.019153443111979584    
  0.108915      0.019154358410945913    
  0.10892      0.019155273714856043    
  0.108925      0.01915618902371082    
  0.10893      0.01915710433750948    
  0.108935      0.019158019656253446    
  0.10894      0.019158934979942022    
  0.108945      0.019159850308576077    
  0.10894999999999999      0.019160765642154874    
  0.108955      0.019161680980680003    
  0.10896      0.0191625963241503    
  0.10896499999999999      0.019163511672566885    
  0.10897      0.01916442702592954    
  0.108975      0.01916534238423893    
  0.10898      0.019166257747495    
  0.108985      0.019167173115697652    
  0.10899      0.019168088488847816    
  0.108995      0.019169003866945283    
  0.109      0.019169919249990473    
  0.10900499999999999      0.01917083463798347    
  0.10901      0.01917175003092452    
  0.109015      0.019172665428813455    
  0.10901999999999999      0.0191735808316513    
  0.109025      0.019174496239437774    
  0.10903      0.01917541165217283    
  0.10903499999999999      0.0191763270698575    
  0.10904      0.01917724249249153    
  0.109045      0.019178157920075375    
  0.10905      0.019179073352608635    
  0.109055      0.019179988790092303    
  0.10906      0.019180904232525872    
  0.109065      0.01918181967991019    
  0.10907      0.019182735132245037    
  0.10907499999999999      0.01918365058953162    
  0.10908      0.01918456605176838    
  0.109085      0.01918548151895726    
  0.10908999999999999      0.019186396991097712    
  0.109095      0.019187312468189784    
  0.1091      0.019188227950233925    
  0.109105      0.019189143437230695    
  0.10911      0.019190058929180007    
  0.109115      0.01919097442608177    
  0.10912      0.01919188992793692    
  0.109125      0.019192805434745136    
  0.10912999999999999      0.01919372094650627    
  0.109135      0.019194636463221903    
  0.10914      0.01919555198489065    
  0.10914499999999999      0.019196467511514062    
  0.10915      0.01919738304309152    
  0.109155      0.019198298579623654    
  0.10916      0.01919921412111102    
  0.109165      0.019200129667552628    
  0.10917      0.019201045218949844    
  0.109175      0.01920196077530236    
  0.10918      0.01920287633661073    
  0.109185      0.019203791902874967    
  0.10919      0.019204707474095646    
  0.109195      0.019205623050272038    
  0.10919999999999999      0.019206538631405316    
  0.109205      0.01920745421749544    
  0.10921      0.019208369808542552    
  0.10921499999999999      0.01920928540454721    
  0.10922      0.01921020100550897    
  0.109225      0.019211116611428616    
  0.10923      0.019212032222306184    
  0.109235      0.019212947838141765    
  0.10924      0.019213863458935995    
  0.109245      0.019214779084688417    
  0.10925      0.019215694715399734    
  0.10925499999999999      0.01921661035107062    
  0.10926      0.01921752599170045    
  0.109265      0.019218441637289828    
  0.10926999999999999      0.019219357287838745    
  0.109275      0.019220272943347688    
  0.10928      0.019221188603816924    
  0.109285      0.01922210426924637    
  0.10929      0.01922301993963696    
  0.109295      0.01922393561498784    
  0.1093      0.019224851295299984    
  0.109305      0.019225766980573256    
  0.10930999999999999      0.01922668267080826    
  0.109315      0.019227598366005162    
  0.10932      0.019228514066163816    
  0.10932499999999999      0.01922942977128461    
  0.10933      0.019230345481368014    
  0.109335      0.01923126119641377    
  0.10933999999999999      0.019232176916422362    
  0.109345      0.019233092641394296    
  0.10935      0.019234008371329804    
  0.109355      0.019234924106228686    
  0.10936      0.01923583984609086    
  0.109365      0.01923675559091742    
  0.10937      0.01923767134070825    
  0.109375      0.01923858709546356    
  0.10937999999999999      0.01923950285518309    
  0.109385      0.01924041861986833    
  0.10939      0.0192413343895179    
  0.10939499999999999      0.019242250164133095    
  0.1094      0.019243165943713763    
  0.109405      0.01924408172826041    
  0.10941      0.01924499751777273    
  0.109415      0.019245913312251915    
  0.10942      0.019246829111697072    
  0.109425      0.01924774491610893    
  0.10943      0.019248660725487775    
  0.10943499999999999      0.019249576539833623    
  0.10944      0.01925049235914668    
  0.109445      0.019251408183428142    
  0.10944999999999999      0.01925232401267675    
  0.109455      0.019253239846893467    
  0.10946      0.019254155686078703    
  0.10946499999999999      0.01925507153023203    
  0.10947      0.01925598737935433    
  0.109475      0.019256903233445415    
  0.10948      0.01925781909250584    
  0.109485      0.019258734956535153    
  0.10949      0.01925965082553451    
  0.109495      0.019260566699504017    
  0.1095      0.01926148257844299    
  0.10950499999999999      0.019262398462352198    
  0.10951      0.019263314351232158    
  0.109515      0.019264230245082774    
  0.10951999999999999      0.019265146143904382    
  0.109525      0.019266062047697527    
  0.10953      0.019266977956461588    
  0.109535      0.019267893870197384    
  0.10954      0.019268809788904974    
  0.109545      0.019269725712584913    
  0.10955      0.019270641641236836    
  0.109555      0.01927155757486132    
  0.10955999999999999      0.019272473513458805    
  0.109565      0.01927338945702918    
  0.10957      0.01927430540557239    
  0.10957499999999999      0.01927522135908946    
  0.10958      0.01927613731757983    
  0.109585      0.01927705328104429    
  0.10958999999999999      0.01927796924948278    
  0.109595      0.01927888522289546    
  0.1096      0.019279801201283003    
  0.109605      0.01928071718464509    
  0.10961      0.01928163317298225    
  0.10961499999999999      0.019282549166294394    
  0.10962      0.019283465164582247    
  0.109625      0.01928438116784572    
  0.10962999999999999      0.01928529717608507    
  0.109635      0.0192862131893005    
  0.10964      0.019287129207492183    
  0.10964499999999999      0.01928804523066078    
  0.10965      0.019288961258805984    
  0.109655      0.019289877291928048    
  0.10966      0.019290793330027308    
  0.109665      0.019291709373104083    
  0.10967      0.019292625421158765    
  0.109675      0.01929354147419113    
  0.10968      0.019294457532201895    
  0.10968499999999999      0.019295373595190825    
  0.10969      0.01929628966315784    
  0.109695      0.01929720573610457    
  0.10969999999999999      0.019298121814029966    
  0.109705      0.019299037896934716    
  0.10971      0.01929995398481891    
  0.109715      0.019300870077682428    
  0.10972      0.01930178617552597    
  0.109725      0.01930270227835006    
  0.10973      0.019303618386154266    
  0.109735      0.01930453449893914    
  0.10974      0.01930545061670525    
  0.109745      0.019306366739451568    
  0.10975      0.01930728286717972    
  0.10975499999999999      0.019308198999889323    
  0.10976      0.019309115137580594    
  0.109765      0.0193100312802534    
  0.10976999999999999      0.019310947427909113    
  0.109775      0.019311863580546856    
  0.10978      0.019312779738167085    
  0.109785      0.019313695900770166    
  0.10979      0.019314612068356444    
  0.109795      0.01931552824092625    
  0.1098      0.019316444418479413    
  0.109805      0.0193173606010163    
  0.10980999999999999      0.019318276788537182    
  0.109815      0.01931919298104187    
  0.10982      0.019320109178531684    
  0.10982499999999999      0.01932102538100576    
  0.10983      0.019321941588464883    
  0.109835      0.019322857800908894    
  0.10984      0.019323774018338045    
  0.109845      0.01932469024075319    
  0.10985      0.0193256064681537    
  0.109855      0.01932652270054041    
  0.10986      0.01932743893791349    
  0.10986499999999999      0.019328355180272434    
  0.10987      0.01932927142761863    
  0.109875      0.01933018767995167    
  0.10987999999999999      0.019331103937271544    
  0.109885      0.01933202019957887    
  0.10989      0.01933293646687383    
  0.10989499999999999      0.01933385273915625    
  0.1099      0.019334769016427035    
  0.109905      0.01933568529868612    
  0.10991      0.019336601585933404    
  0.109915      0.01933751787816943    
  0.10991999999999999      0.01933843417539468    
  0.109925      0.01933935047760838    
  0.10993      0.01934026678481176    
  0.10993499999999999      0.01934118309700495    
  0.10994      0.019342099414188182    
  0.109945      0.019343015736360648    
  0.10994999999999999      0.019343932063523896    
  0.109955      0.01934484839567763    
  0.10996      0.0193457647328218    
  0.109965      0.019346681074957083    
  0.10997      0.019347597422083435    
  0.109975      0.019348513774200965    
  0.10998      0.019349430131310533    
  0.109985      0.019350346493411663    
  0.10998999999999999      0.019351262860505    
  0.109995      0.01935217923259024    
  0.11      0.01935309560966845   
