  0.1      -0.2622541267563899    
  0.10000500000000001      -0.26225368696876294    
  0.10001      -0.26225324715940884    
  0.100015      -0.2622528073283756    
  0.10002000000000001      -0.2622523674756813    
  0.100025      -0.262251927601243    
  0.10003000000000001      -0.2622514877051255    
  0.100035      -0.26225104778731595    
  0.10004      -0.2622506078478076    
  0.10004500000000001      -0.2622501678866409    
  0.10005      -0.2622497279037289    
  0.100055      -0.2622492878991714    
  0.10006000000000001      -0.2622488478729036    
  0.100065      -0.2622484078249397    
  0.10007      -0.2622479677552993    
  0.10007500000000001      -0.2622475276639473    
  0.10008      -0.26224708755089915    
  0.10008500000000001      -0.2622466474161422    
  0.10009000000000001      -0.26224620725972153    
  0.100095      -0.26224576708160874    
  0.10010000000000001      -0.26224532688178304    
  0.100105      -0.26224488666031315    
  0.10011      -0.26224444641709804    
  0.10011500000000001      -0.2622440061522542    
  0.10012      -0.26224356586563397    
  0.100125      -0.26224312555738516    
  0.10013000000000001      -0.26224268522739236    
  0.100135      -0.2622422448757891    
  0.10014      -0.26224180450240553    
  0.10014500000000001      -0.26224136410739596    
  0.10015      -0.2622409236906747    
  0.10015500000000001      -0.26224048325220967    
  0.10016      -0.2622400427921159    
  0.100165      -0.2622396023103105    
  0.10017000000000001      -0.26223916180681045    
  0.100175      -0.2622387212816169    
  0.10018      -0.2622382807347455    
  0.10018500000000001      -0.26223784016616253    
  0.10019      -0.26223739957588627    
  0.100195      -0.26223695896394755    
  0.10020000000000001      -0.26223651833028033    
  0.100205      -0.26223607767496904    
  0.10021000000000001      -0.2622356369979306    
  0.100215      -0.26223519629919884    
  0.10022      -0.26223475557878784    
  0.10022500000000001      -0.26223431483669896    
  0.10023      -0.2622338740728674    
  0.100235      -0.2622334332873891    
  0.10024000000000001      -0.2622329924802019    
  0.100245      -0.262232551651369    
  0.10025      -0.2622321108008079    
  0.10025500000000001      -0.26223166992853786    
  0.10026      -0.2622312290346208    
  0.100265      -0.26223078811897815    
  0.10027000000000001      -0.26223034718163946    
  0.100275      -0.2622299062226242    
  0.10028000000000001      -0.26222946524191415    
  0.100285      -0.26222902423955996    
  0.10029      -0.2622285832154801    
  0.10029500000000001      -0.2622281421696521    
  0.1003      -0.26222770110219973    
  0.100305      -0.2622272600130511    
  0.10031000000000001      -0.26222681890219096    
  0.100315      -0.2622263777696543    
  0.10032      -0.26222593661544114    
  0.10032500000000001      -0.26222549543948265    
  0.10033      -0.26222505424188    
  0.10033500000000001      -0.2622246130226164    
  0.10034      -0.262224171781575    
  0.100345      -0.2622237305189402    
  0.10035000000000001      -0.2622232892345445    
  0.100355      -0.26222284792848644    
  0.10036      -0.26222240660070273    
  0.10036500000000001      -0.2622219652512903    
  0.10037      -0.2622215238801663    
  0.100375      -0.26222108248731657    
  0.10038000000000001      -0.2622206410728058    
  0.100385      -0.26222019963663407    
  0.10039000000000001      -0.2622197581787157    
  0.10039500000000001      -0.2622193166991558    
  0.1004      -0.2622188751979013    
  0.10040500000000001      -0.26221843367491965    
  0.10041      -0.2622179921302925    
  0.100415      -0.2622175505639552    
  0.10042000000000001      -0.2622171089759076    
  0.100425      -0.26221666736618354    
  0.10043      -0.26221622573479714    
  0.10043500000000001      -0.26221578408166674    
  0.10044      -0.2622153424068767    
  0.100445      -0.26221490071044257    
  0.10045000000000001      -0.26221445899226303    
  0.100455      -0.2622140172524058    
  0.10046000000000001      -0.2622135754908551    
  0.100465      -0.26221313370764476    
  0.10047      -0.26221269190272284    
  0.10047500000000001      -0.2622122500760908    
  0.10048      -0.26221180822779766    
  0.100485      -0.262211366357828    
  0.10049000000000001      -0.26221092446614686    
  0.100495      -0.26221048255277235    
  0.1005      -0.26221004061771847    
  0.10050500000000001      -0.26220959866097276    
  0.10051      -0.26220915668254907    
  0.10051500000000001      -0.26220871468239715    
  0.10052000000000001      -0.2622082726606023    
  0.100525      -0.2622078306171154    
  0.10053000000000001      -0.2622073885519157    
  0.100535      -0.26220694646502124    
  0.10054      -0.26220650435651904    
  0.10054500000000001      -0.26220606222621967    
  0.10055      -0.2622056200742788    
  0.100555      -0.262205177900677    
  0.10056000000000001      -0.2622047357053468    
  0.100565      -0.26220429348832325    
  0.10057      -0.26220385124965684    
  0.10057500000000001      -0.2622034089892465    
  0.10058      -0.2622029667071739    
  0.10058500000000001      -0.26220252440342473    
  0.10059      -0.26220208207798223    
  0.100595      -0.2622016397308787    
  0.10060000000000001      -0.26220119736205083    
  0.100605      -0.2622007549715256    
  0.10061      -0.2622003125593238    
  0.10061500000000001      -0.2621998701254287    
  0.10062      -0.262199427669874    
  0.100625      -0.2621989851926245    
  0.10063000000000001      -0.26219854269364806    
  0.100635      -0.2621981001730287    
  0.10064000000000001      -0.26219765763068104    
  0.10064500000000001      -0.2621972150666905    
  0.10065      -0.2621967724809898    
  0.10065500000000001      -0.26219632987359576    
  0.10066      -0.2621958872445407    
  0.100665      -0.26219544459379096    
  0.10067000000000001      -0.26219500192131423    
  0.100675      -0.26219455922717777    
  0.10068      -0.262194116511348    
  0.10068500000000001      -0.2621936737738741    
  0.10069      -0.2621932310146731    
  0.100695      -0.26219278823378017    
  0.10070000000000001      -0.2621923454312249    
  0.100705      -0.26219190260695935    
  0.10071000000000001      -0.2621914597610005    
  0.100715      -0.26219101689336516    
  0.10072      -0.262190574004052    
  0.10072500000000001      -0.2621901310930454    
  0.10073      -0.2621896881603624    
  0.100735      -0.2621892452059679    
  0.10074000000000001      -0.26218880222991503    
  0.100745      -0.26218835923218436    
  0.10075      -0.26218791621270976    
  0.10075500000000001      -0.26218747317160923    
  0.10076      -0.2621870301087817    
  0.10076500000000001      -0.2621865870242932    
  0.10077      -0.26218614391812817    
  0.100775      -0.26218570079020376    
  0.10078000000000001      -0.2621852576406676    
  0.100785      -0.26218481446942116    
  0.10079      -0.2621843712764997    
  0.10079500000000001      -0.2621839280618989    
  0.1008      -0.2621834848255907    
  0.100805      -0.26218304156758776    
  0.10081000000000001      -0.2621825982879421    
  0.100815      -0.26218215498656805    
  0.10082      -0.26218171166351745    
  0.10082500000000001      -0.26218126831879046    
  0.10083      -0.2621808249523701    
  0.10083500000000001      -0.26218038156427326    
  0.10084      -0.26217993815446755    
  0.100845      -0.2621794947230164    
  0.10085000000000001      -0.2621790512698551    
  0.100855      -0.26217860779500174    
  0.10086      -0.2621781642984874    
  0.10086500000000001      -0.2621777207802629    
  0.10087      -0.2621772772403451    
  0.100875      -0.2621768336787521    
  0.10088000000000001      -0.2621763900954814    
  0.100885      -0.2621759464905496    
  0.10089000000000001      -0.26217550286387664    
  0.100895      -0.2621750592155751    
  0.1009      -0.2621746155455633    
  0.10090500000000001      -0.26217417185384273    
  0.10091      -0.26217372814044565    
  0.100915      -0.2621732844053877    
  0.10092000000000001      -0.2621728406486208    
  0.100925      -0.26217239687017607    
  0.10093      -0.26217195307005625    
  0.10093500000000001      -0.2621715092482586    
  0.10094      -0.26217106540476764    
  0.10094500000000001      -0.26217062153958337    
  0.10095000000000001      -0.2621701776527058    
  0.100955      -0.262169733744153    
  0.10096000000000001      -0.2621692898139379    
  0.100965      -0.2621688458619985    
  0.10097      -0.2621684018883995    
  0.10097500000000001      -0.2621679578931213    
  0.10098      -0.2621675138761356    
  0.100985      -0.26216706983748905    
  0.10099000000000001      -0.26216662577716593    
  0.100995      -0.26216618169511574    
  0.101      -0.2621657375914087    
  0.10100500000000001      -0.26216529346602246    
  0.10101      -0.26216484931894296    
  0.10101500000000001      -0.2621644051501715    
  0.10102      -0.26216396095974026    
  0.101025      -0.26216351674759764    
  0.10103000000000001      -0.2621630725137462    
  0.101035      -0.26216262825828573    
  0.10104      -0.2621621839810981    
  0.10104500000000001      -0.26216173968221723    
  0.10105      -0.2621612953616767    
  0.101055      -0.2621608510194429    
  0.10106000000000001      -0.2621604066555158    
  0.101065      -0.26215996226994726    
  0.10107000000000001      -0.2621595178626348    
  0.101075      -0.2621590734336783    
  0.10108      -0.2621586289830298    
  0.10108500000000001      -0.2621581845106712    
  0.10109      -0.2621577400166374    
  0.101095      -0.2621572955009582    
  0.10110000000000001      -0.262156850963587    
  0.101105      -0.26215640640449006    
  0.10111      -0.26215596182373363    
  0.10111500000000001      -0.26215551722131764    
  0.10112      -0.26215507259717447    
  0.101125      -0.2621546279513717    
  0.10113000000000001      -0.2621541832839094    
  0.101135      -0.2621537385947059    
  0.10114000000000001      -0.2621532938838401    
  0.101145      -0.26215284915134973    
  0.10115      -0.2621524043970987    
  0.10115500000000001      -0.2621519596212049    
  0.10116      -0.26215151482363597    
  0.101165      -0.2621510700043569    
  0.10117000000000001      -0.2621506251634013    
  0.101175      -0.26215018030076925    
  0.10118      -0.2621497354164453    
  0.10118500000000001      -0.26214929051046176    
  0.10119      -0.2621488455827849    
  0.10119500000000001      -0.26214840063343153    
  0.1012      -0.2621479556623512    
  0.101205      -0.2621475106696295    
  0.10121000000000001      -0.26214706565523127    
  0.101215      -0.2621466206191411    
  0.10122      -0.26214617556137315    
  0.10122500000000001      -0.26214573048189505    
  0.10123      -0.2621452853807445    
  0.101235      -0.2621448402579148    
  0.10124000000000001      -0.26214439511345927    
  0.101245      -0.26214394994726253    
  0.10125      -0.2621435047593711    
  0.10125500000000001      -0.2621430595498383    
  0.10126      -0.2621426143185954    
  0.10126500000000001      -0.2621421690657097    
  0.10127      -0.26214172379104783    
  0.101275      -0.26214127849479374    
  0.10128000000000001      -0.2621408331768295    
  0.101285      -0.2621403878371902    
  0.10129      -0.2621399424758913    
  0.10129500000000001      -0.2621394970928667    
  0.1013      -0.26213905168818114    
  0.101305      -0.26213860626180496    
  0.10131000000000001      -0.26213816081375096    
  0.101315      -0.262137715344022    
  0.10132000000000001      -0.26213726985261787    
  0.101325      -0.2621368243395191    
  0.10133      -0.2621363788047621    
  0.10133500000000001      -0.26213593324824574    
  0.10134      -0.26213548767013584    
  0.101345      -0.26213504207031846    
  0.10135000000000001      -0.2621345964488247    
  0.101355      -0.2621341508056389    
  0.10136      -0.2621337051407585    
  0.10136500000000001      -0.26213325945420307    
  0.10137      -0.26213281374598935    
  0.101375      -0.2621323680160823    
  0.10138000000000001      -0.26213192226449883    
  0.101385      -0.26213147649122354    
  0.10139000000000001      -0.26213103069627297    
  0.101395      -0.26213058487964463    
  0.1014      -0.2621301390413245    
  0.10140500000000001      -0.26212969318134594    
  0.10141      -0.26212924729969106    
  0.101415      -0.262128801396295    
  0.10142000000000001      -0.2621283554712717    
  0.101425      -0.26212790952453824    
  0.10143      -0.26212746355614663    
  0.10143500000000001      -0.26212701756611356    
  0.10144      -0.2621265715543548    
  0.10144500000000001      -0.26212612552091846    
  0.10145      -0.2621256794657913    
  0.101455      -0.2621252333889879    
  0.10146000000000001      -0.2621247872904911    
  0.101465      -0.2621243411703697    
  0.10147      -0.2621238950285228    
  0.10147500000000001      -0.26212344886499933    
  0.10148      -0.2621230026798177    
  0.101485      -0.2621225564729091    
  0.10149000000000001      -0.26212211024439147    
  0.101495      -0.26212166399414955    
  0.1015      -0.26212121772222985    
  0.10150500000000001      -0.26212077142860263    
  0.10151      -0.2621203251133328    
  0.10151500000000001      -0.26211987877638776    
  0.10152      -0.26211943241773406    
  0.101525      -0.26211898603745304    
  0.10153000000000001      -0.2621185396354309    
  0.101535      -0.26211809321178303    
  0.10154      -0.2621176467664275    
  0.10154500000000001      -0.26211720029937746    
  0.10155      -0.26211675381065236    
  0.101555      -0.26211630730030266    
  0.10156000000000001      -0.26211586076824295    
  0.101565      -0.2621154142144743    
  0.10157000000000001      -0.2621149676390307    
  0.101575      -0.2621145210419612    
  0.10158      -0.2621140744231155    
  0.10158500000000001      -0.2621136277826453    
  0.10159      -0.26211318112053233    
  0.101595      -0.26211273443671057    
  0.10160000000000001      -0.26211228773118006    
  0.101605      -0.26211184100400686    
  0.10161      -0.2621113942551417    
  0.10161500000000001      -0.2621109474846028    
  0.10162      -0.262110500692403    
  0.10162500000000001      -0.26211005387849445    
  0.10163      -0.2621096070429121    
  0.101635      -0.2621091601856689    
  0.10164000000000001      -0.26210871330671826    
  0.101645      -0.26210826640609114    
  0.10165      -0.26210781948380585    
  0.10165500000000001      -0.2621073725398455    
  0.10166      -0.2621069255742087    
  0.101665      -0.26210647858684766    
  0.10167000000000001      -0.26210603157785933    
  0.101675      -0.26210558454718186    
  0.10168      -0.26210513749482794    
  0.10168500000000001      -0.26210469042077944    
  0.10169      -0.26210424332507404    
  0.10169500000000001      -0.26210379620767804    
  0.1017      -0.26210334906857197    
  0.101705      -0.26210290190783997    
  0.10171000000000001      -0.2621024547254329    
  0.101715      -0.2621020075213185    
  0.10172      -0.2621015602955277    
  0.10172500000000001      -0.2621011130480604    
  0.10173      -0.26210066577893626    
  0.101735      -0.26210021848810333    
  0.10174000000000001      -0.2620997711756109    
  0.101745      -0.2620993238414265    
  0.10175000000000001      -0.2620988764855852    
  0.101755      -0.2620984291080689    
  0.10176      -0.26209798170883974    
  0.10176500000000001      -0.26209753428795646    
  0.10177      -0.2620970868454122    
  0.101775      -0.2620966393811438    
  0.10178000000000001      -0.26209619189524946    
  0.101785      -0.2620957443876464    
  0.10179      -0.262095296858385    
  0.10179500000000001      -0.26209484930744864    
  0.1018      -0.26209440173480486    
  0.101805      -0.26209395414053527    
  0.10181000000000001      -0.26209350652454005    
  0.101815      -0.2620930588868852    
  0.10182000000000001      -0.26209261122755667    
  0.101825      -0.26209216354655185    
  0.10183      -0.26209171584387314    
  0.10183500000000001      -0.26209126811948574    
  0.10184      -0.2620908203734221    
  0.101845      -0.26209037260571816    
  0.10185000000000001      -0.2620899248163379    
  0.101855      -0.2620894770052659    
  0.10186      -0.26208902917252    
  0.10186500000000001      -0.26208858131811463    
  0.10187      -0.2620881334419682    
  0.10187500000000001      -0.262087685544245    
  0.10188      -0.2620872376247653    
  0.101885      -0.26208678968364285    
  0.10189000000000001      -0.26208634172082984    
  0.101895      -0.2620858937363741    
  0.1019      -0.2620854457302097    
  0.10190500000000001      -0.2620849977023702    
  0.10191      -0.2620845496528738    
  0.101915      -0.2620841015816505    
  0.10192000000000001      -0.26208365348883766    
  0.101925      -0.2620832053742656    
  0.10193      -0.26208275723805086    
  0.101935      -0.26208230908017927    
  0.10194      -0.26208186090058205    
  0.10194500000000001      -0.26208141269936036    
  0.10195      -0.26208096447646223    
  0.101955      -0.26208051623183987    
  0.10196000000000001      -0.2620800679655761    
  0.101965      -0.26207961967765553    
  0.10197      -0.26207917136802494    
  0.10197500000000001      -0.26207872303670243    
  0.10198      -0.26207827468375666    
  0.101985      -0.262077826309084    
  0.10199000000000001      -0.2620773779127545    
  0.101995      -0.2620769294947823    
  0.10200000000000001      -0.2620764810551028    
  0.102005      -0.2620760325937482    
  0.10201      -0.26207558411075343    
  0.10201500000000001      -0.26207513560606427    
  0.10202      -0.26207468707968584    
  0.102025      -0.2620742385316324    
  0.10203000000000001      -0.2620737899619194    
  0.102035      -0.26207334137048216    
  0.10204      -0.2620728927574204    
  0.10204500000000001      -0.2620724441226526    
  0.10205      -0.2620719954662577    
  0.102055      -0.2620715467881385    
  0.10206000000000001      -0.262071098088361    
  0.102065      -0.2620706493669241    
  0.10207000000000001      -0.262070200623798    
  0.102075      -0.2620697518590136    
  0.10208      -0.2620693030725361    
  0.10208500000000001      -0.26206885426438487    
  0.10209      -0.26206840543454313    
  0.102095      -0.26206795658307547    
  0.10210000000000001      -0.26206750770991594    
  0.102105      -0.26206705881503356    
  0.10211      -0.2620666098985576    
  0.10211500000000001      -0.2620661609603757    
  0.10212      -0.2620657120005019    
  0.10212500000000001      -0.26206526301891936    
  0.10213      -0.2620648140157123    
  0.102135      -0.2620643649908471    
  0.10214000000000001      -0.2620639159442913    
  0.102145      -0.2620634668760451    
  0.10215      -0.26206301778615476    
  0.10215500000000001      -0.26206256867454153    
  0.10216      -0.2620621195412701    
  0.102165      -0.2620616703863574    
  0.10217000000000001      -0.26206122120973735    
  0.102175      -0.26206077201145905    
  0.10218      -0.2620603227915226    
  0.102185      -0.26205987354989563    
  0.10219      -0.2620594242865768    
  0.10219500000000001      -0.262058975001601    
  0.1022      -0.26205852569494903    
  0.102205      -0.2620580763666232    
  0.10221000000000001      -0.2620576270166392    
  0.102215      -0.26205717764496483    
  0.10222      -0.2620567282516321    
  0.10222500000000001      -0.2620562788365907    
  0.10223      -0.26205582939992617    
  0.102235      -0.262055379941553    
  0.10224      -0.26205493046150613    
  0.102245      -0.262054480959801    
  0.10225000000000001      -0.26205403143645595    
  0.102255      -0.2620535818913853    
  0.10226      -0.2620531323246382    
  0.10226500000000001      -0.2620526827362358    
  0.10227      -0.26205223312619197    
  0.102275      -0.262051783494424    
  0.10228000000000001      -0.2620513338410132    
  0.102285      -0.26205088416593014    
  0.10229      -0.26205043446917076    
  0.10229500000000001      -0.26204998475072216    
  0.1023      -0.2620495350105986    
  0.10230500000000001      -0.26204908524881676    
  0.10231      -0.26204863546536133    
  0.102315      -0.26204818566024773    
  0.10232000000000001      -0.2620477358334604    
  0.102325      -0.2620472859849981    
  0.10233      -0.2620468361148271    
  0.10233500000000001      -0.2620463862230006    
  0.10234      -0.2620459363095314    
  0.102345      -0.2620454863743731    
  0.10235000000000001      -0.26204503641755517    
  0.102355      -0.2620445864390131    
  0.10236      -0.2620441364388479    
  0.10236500000000001      -0.26204368641700776    
  0.10237      -0.26204323637349386    
  0.10237500000000001      -0.26204278630830496    
  0.10238      -0.2620423362214087    
  0.102385      -0.26204188611290613    
  0.10239000000000001      -0.2620414359826935    
  0.102395      -0.2620409858308087    
  0.1024      -0.262040535657281    
  0.10240500000000001      -0.26204008546206436    
  0.10241      -0.2620396352451389    
  0.102415      -0.26203918500654116    
  0.10242000000000001      -0.26203873474631756    
  0.102425      -0.26203828446441896    
  0.10243000000000001      -0.2620378341608494    
  0.102435      -0.26203738383558656    
  0.10244      -0.2620369334886657    
  0.10244500000000001      -0.2620364831200893    
  0.10245      -0.262036032729821    
  0.102455      -0.26203558231787777    
  0.10246000000000001      -0.2620351318842959    
  0.102465      -0.2620346814289716    
  0.10247      -0.2620342309520243    
  0.10247500000000001      -0.26203378045341863    
  0.10248      -0.26203332993310585    
  0.102485      -0.26203287939116976    
  0.10249      -0.2620324288275082    
  0.102495      -0.2620319782422236    
  0.10250000000000001      -0.26203152763524834    
  0.102505      -0.26203107700659817    
  0.10251      -0.26203062635627294    
  0.10251500000000001      -0.2620301756842923    
  0.10252      -0.26202972499063665    
  0.102525      -0.26202927427530864    
  0.10253000000000001      -0.2620288235383057    
  0.102535      -0.26202837277964325    
  0.10254      -0.26202792199930974    
  0.10254500000000001      -0.262027471197269    
  0.10255      -0.2620270203736193    
  0.10255500000000001      -0.2620265695282467    
  0.10256      -0.2620261186612146    
  0.102565      -0.2620256677725102    
  0.10257      -0.2620252168621504    
  0.102575      -0.262024765930131    
  0.10258      -0.2620243149764367    
  0.102585      -0.2620238640010376    
  0.10259      -0.2620234130040465    
  0.10259499999999999      -0.2620229619852834    
  0.1026      -0.2620225109449281    
  0.102605      -0.2620220598828824    
  0.10260999999999999      -0.2620216087991449    
  0.102615      -0.2620211576937855    
  0.10262      -0.2620207065667188    
  0.102625      -0.2620202554179771    
  0.10263      -0.2620198042475786    
  0.102635      -0.2620193530554896    
  0.10264      -0.2620189018417438    
  0.102645      -0.2620184506063737    
  0.10265      -0.26201799934928055    
  0.102655      -0.26201754807051386    
  0.10266      -0.26201709677010576    
  0.10266499999999999      -0.26201664544802417    
  0.10267      -0.26201619410425203    
  0.102675      -0.26201574273885675    
  0.10268      -0.262015291351736    
  0.102685      -0.26201483994299346    
  0.10269      -0.2620143885125254    
  0.102695      -0.26201393706043563    
  0.1027      -0.26201348558668763    
  0.102705      -0.26201303409125054    
  0.10271      -0.26201258257413707    
  0.102715      -0.26201213103538634    
  0.10271999999999999      -0.2620116794749425    
  0.102725      -0.2620112278928264    
  0.10273      -0.2620107762890184    
  0.10273499999999999      -0.2620103246635886    
  0.10274      -0.26200987301645157    
  0.102745      -0.26200942134765776    
  0.10275      -0.2620089696572226    
  0.102755      -0.2620085179450646    
  0.10276      -0.26200806621126665    
  0.102765      -0.2620076144558274    
  0.10277      -0.26200716267871454    
  0.102775      -0.2620067108798958    
  0.10278      -0.26200625905943564    
  0.102785      -0.2620058072173018    
  0.10278999999999999      -0.2620053553535113    
  0.102795      -0.262004903468033    
  0.1028      -0.26200445156089525    
  0.102805      -0.26200399963208243    
  0.10281      -0.26200354768158185    
  0.102815      -0.26200309570944136    
  0.10282      -0.2620026437156427    
  0.102825      -0.2620021917001536    
  0.10283      -0.262001739663009    
  0.102835      -0.26200128760420766    
  0.10284      -0.2620008355237327    
  0.10284499999999999      -0.2620003834215659    
  0.10285      -0.261999931297776    
  0.102855      -0.26199947915226474    
  0.10286      -0.2619990269851275    
  0.102865      -0.2619985747963026    
  0.10287      -0.26199812258580274    
  0.102875      -0.2619976703536447    
  0.10288      -0.261997218099834    
  0.102885      -0.2619967658243624    
  0.10289      -0.26199631352720304    
  0.102895      -0.2619958612083519    
  0.10289999999999999      -0.2619954088678452    
  0.102905      -0.2619949565057155    
  0.10291      -0.2619945041218786    
  0.10291499999999999      -0.2619940517164016    
  0.10292      -0.2619935992892524    
  0.102925      -0.2619931468404114    
  0.10293      -0.2619926943699304    
  0.102935      -0.26199224187774356    
  0.10294      -0.26199178936391665    
  0.102945      -0.261991336828433    
  0.10295      -0.26199088427127576    
  0.102955      -0.2619904316924618    
  0.10296      -0.2619899790919586    
  0.102965      -0.26198952646980006    
  0.10296999999999999      -0.2619890738259638    
  0.102975      -0.2619886211604749    
  0.10298      -0.26198816847331097    
  0.102985      -0.2619877157644747    
  0.10299      -0.2619872630339986    
  0.102995      -0.2619868102818489    
  0.103      -0.2619863575080424    
  0.103005      -0.2619859047125468    
  0.10301      -0.2619854518953593    
  0.103015      -0.2619849990565179    
  0.10302      -0.2619845461960688    
  0.10302499999999999      -0.2619840933139124    
  0.10303      -0.2619836404100992    
  0.103035      -0.26198318748459964    
  0.10303999999999999      -0.2619827345374561    
  0.103045      -0.2619822815686585    
  0.10305      -0.2619818285781536    
  0.103055      -0.2619813755660256    
  0.10306      -0.26198092253219024    
  0.103065      -0.26198046947671644    
  0.10307      -0.26198001639958585    
  0.103075      -0.2619795633007647    
  0.10308      -0.2619791101802714    
  0.103085      -0.26197865703813816    
  0.10309      -0.2619782038743144    
  0.10309499999999999      -0.26197775068886897    
  0.1031      -0.2619772974816994    
  0.103105      -0.26197684425290807    
  0.10311      -0.2619763910024586    
  0.103115      -0.26197593773030337    
  0.10312      -0.26197548443647567    
  0.103125      -0.26197503112102494    
  0.10313      -0.26197457778391614    
  0.103135      -0.2619741244251027    
  0.10314      -0.2619736710446663    
  0.103145      -0.26197321764254067    
  0.10314999999999999      -0.26197276421874016    
  0.103155      -0.26197231077330246    
  0.10316      -0.2619718573061729    
  0.10316499999999999      -0.2619714038173879    
  0.10317      -0.2619709503069294    
  0.103175      -0.26197049677483225    
  0.10318      -0.2619700432210616    
  0.103185      -0.2619695896456341    
  0.10319      -0.26196913604855115    
  0.103195      -0.2619686824297301    
  0.1032      -0.2619682287892845    
  0.10320499999999999      -0.26196777512719893    
  0.10321      -0.26196732144345813    
  0.103215      -0.2619668677380099    
  0.10321999999999999      -0.26196641401090626    
  0.103225      -0.26196596026214597    
  0.10323      -0.261965506491764    
  0.103235      -0.2619650526996746    
  0.10324      -0.26196459888591306    
  0.103245      -0.2619641450505284    
  0.10325      -0.26196369119342094    
  0.103255      -0.2619632373146749    
  0.10326      -0.261962783414254    
  0.103265      -0.26196232949221143    
  0.10327      -0.26196187554849787    
  0.10327499999999999      -0.2619614215830756    
  0.10328      -0.2619609675960149    
  0.103285      -0.26196051358728056    
  0.10328999999999999      -0.2619600595568922    
  0.103295      -0.26195960550487946    
  0.1033      -0.26195915143114523    
  0.103305      -0.2619586973357853    
  0.10331      -0.26195824321873895    
  0.103315      -0.2619577890800358    
  0.10332      -0.26195733491965917    
  0.103325      -0.26195688073766077    
  0.10332999999999999      -0.26195642653395645    
  0.103335      -0.26195597230859535    
  0.10334      -0.2619555180615297    
  0.10334499999999999      -0.26195506379289024    
  0.10335      -0.26195460950254473    
  0.103355      -0.2619541551904934    
  0.10336      -0.2619537008568682    
  0.103365      -0.26195324650152285    
  0.10337      -0.2619527921245363    
  0.103375      -0.26195233772586207    
  0.10338      -0.2619518833055464    
  0.103385      -0.26195142886356    
  0.10339      -0.26195097439989995    
  0.103395      -0.26195051991458457    
  0.10339999999999999      -0.26195006540763066    
  0.103405      -0.26194961087898627    
  0.10341      -0.26194915632866833    
  0.10341499999999999      -0.2619487017567146    
  0.10342      -0.2619482471631363    
  0.103425      -0.2619477925478199    
  0.10343      -0.2619473379108621    
  0.103435      -0.26194688325226456    
  0.10344      -0.2619464285719806    
  0.103445      -0.26194597387007357    
  0.10345      -0.26194551914644243    
  0.10345499999999999      -0.26194506440122467    
  0.10346      -0.2619446096342996    
  0.103465      -0.26194415484571915    
  0.10346999999999999      -0.26194370003546513    
  0.103475      -0.2619432452035557    
  0.10348      -0.26194279034995854    
  0.103485      -0.26194233547475393    
  0.10349      -0.2619418805778447    
  0.103495      -0.2619414256593292    
  0.1035      -0.26194097071910655    
  0.103505      -0.26194051575718197    
  0.10351      -0.2619400607736835    
  0.103515      -0.2619396057684764    
  0.10352      -0.26193915074163354    
  0.10352499999999999      -0.261938695693134    
  0.10353      -0.2619382406228947    
  0.103535      -0.26193778553110125    
  0.10354      -0.2619373304175681    
  0.103545      -0.2619368752823964    
  0.10355      -0.2619364201255666    
  0.103555      -0.26193596494708427    
  0.10356      -0.26193550974694374    
  0.103565      -0.2619350545251155    
  0.10357      -0.2619345992816488    
  0.103575      -0.2619341440165253    
  0.10357999999999999      -0.2619336887296973    
  0.103585      -0.2619332334212476    
  0.10359      -0.2619327780911748    
  0.10359499999999999      -0.261932322739413    
  0.1036      -0.26193186736596086    
  0.103605      -0.26193141197082087    
  0.10361      -0.26193095655406057    
  0.103615      -0.2619305011156591    
  0.10362      -0.26193004565556993    
  0.103625      -0.2619295901738409    
  0.10363      -0.2619291346704408    
  0.103635      -0.2619286791453842    
  0.10364      -0.2619282235986553    
  0.103645      -0.2619277680302723    
  0.10364999999999999      -0.26192731244023276    
  0.103655      -0.26192685682855454    
  0.10366      -0.26192640119518734    
  0.103665      -0.26192594554014925    
  0.10367      -0.2619254898634713    
  0.103675      -0.2619250341651198    
  0.10368      -0.26192457844513245    
  0.103685      -0.2619241227034548    
  0.10369      -0.261923666940154    
  0.103695      -0.2619232111551332    
  0.1037      -0.261922755348523    
  0.10370499999999999      -0.26192229952020696    
  0.10371      -0.2619218436702201    
  0.103715      -0.2619213877986087    
  0.10371999999999999      -0.26192093190536164    
  0.103725      -0.2619204759904059    
  0.10373      -0.26192002005381443    
  0.103735      -0.2619195640955325    
  0.10374      -0.2619191081156289    
  0.103745      -0.26191865211403764    
  0.10375      -0.2619181960908233    
  0.103755      -0.26191774004591994    
  0.10375999999999999      -0.26191728397937797    
  0.103765      -0.2619168278911147    
  0.10377      -0.26191637178128035    
  0.10377499999999999      -0.2619159156497077    
  0.10378      -0.26191545949654427    
  0.103785      -0.26191500332169326    
  0.10379      -0.2619145471251701    
  0.103795      -0.2619140909070096    
  0.1038      -0.26191363466717565    
  0.103805      -0.2619131784057033    
  0.10381      -0.26191272212252625    
  0.103815      -0.26191226581774313    
  0.10382      -0.2619118094912735    
  0.103825      -0.26191135314316283    
  0.10382999999999999      -0.26191089677336576    
  0.103835      -0.2619104403819119    
  0.10384      -0.26190998396883647    
  0.10384499999999999      -0.26190952753407337    
  0.10385      -0.26190907107765493    
  0.103855      -0.26190861459956416    
  0.10386      -0.26190815809985185    
  0.103865      -0.26190770157850096    
  0.10387      -0.26190724503541185    
  0.103875      -0.26190678847073484    
  0.10388      -0.2619063318843518    
  0.10388499999999999      -0.2619058752763459    
  0.10389      -0.2619054186466536    
  0.103895      -0.26190496199530594    
  0.10389999999999999      -0.26190450532233667    
  0.103905      -0.26190404862767835    
  0.10391      -0.26190359191136464    
  0.103915      -0.26190313517338004    
  0.10392      -0.26190267841375703    
  0.103925      -0.26190222163249416    
  0.10393      -0.26190176482954486    
  0.103935      -0.26190130800495587    
  0.10394      -0.26190085115868034    
  0.103945      -0.26190039429078193    
  0.10395      -0.26189993740119444    
  0.10395499999999999      -0.2618994804899699    
  0.10396      -0.26189902355707173    
  0.103965      -0.261898566602521    
  0.10396999999999999      -0.2618981096263303    
  0.103975      -0.2618976526284688    
  0.10398      -0.2618971956089533    
  0.103985      -0.26189673856774875    
  0.10399      -0.26189628150493816    
  0.103995      -0.2618958244204566    
  0.104      -0.2618953673143043    
  0.104005      -0.2618949101864966    
  0.10400999999999999      -0.2618944530370167    
  0.104015      -0.26189399586593337    
  0.10402      -0.2618935386731442    
  0.10402499999999999      -0.2618930814587164    
  0.10403      -0.2618926242226685    
  0.104035      -0.26189216696486406    
  0.10404      -0.2618917096855054    
  0.104045      -0.26189125238444355    
  0.10405      -0.261890795061725    
  0.104055      -0.26189033771736797    
  0.10406      -0.2618898803513078    
  0.10406499999999999      -0.2618894229636414    
  0.10407      -0.26188896555428737    
  0.104075      -0.2618885081233131    
  0.10407999999999999      -0.26188805067064835    
  0.104085      -0.26188759319634786    
  0.10409      -0.2618871357003739    
  0.104095      -0.26188667818277955    
  0.1041      -0.2618862206434807    
  0.104105      -0.26188576308257716    
  0.10411      -0.2618853054999676    
  0.104115      -0.26188484789573785    
  0.10412      -0.26188439026983584    
  0.104125      -0.2618839326222798    
  0.10413      -0.26188347495308545    
  0.10413499999999999      -0.2618830172621878    
  0.10414      -0.2618825595496504    
  0.104145      -0.2618821018154927    
  0.10414999999999999      -0.26188164405966413    
  0.104155      -0.2618811862821465    
  0.10416      -0.2618807284830242    
  0.104165      -0.2618802706622141    
  0.10417      -0.2618798128197474    
  0.104175      -0.2618793549556463    
  0.10418      -0.261878897069873    
  0.104185      -0.2618784391624443    
  0.10418999999999999      -0.2618779812333603    
  0.104195      -0.26187752328263925    
  0.1042      -0.2618770653102319    
  0.10420499999999999      -0.26187660731620144    
  0.10421      -0.26187614930051706    
  0.104215      -0.26187569126317733    
  0.10422      -0.26187523320414996    
  0.104225      -0.261874775123501    
  0.10423      -0.26187431702116565    
  0.104235      -0.26187385889719184    
  0.10424      -0.2618734007515628    
  0.104245      -0.2618729425843133    
  0.10425      -0.2618724843953271    
  0.104255      -0.26187202618475025    
  0.10425999999999999      -0.2618715679524884    
  0.104265      -0.2618711096986373    
  0.10427      -0.2618706514230324    
  0.10427499999999999      -0.2618701931258552    
  0.10428      -0.26186973480692416    
  0.104285      -0.2618692764664377    
  0.10429      -0.2618688181042648    
  0.104295      -0.261868359720438    
  0.1043      -0.26186790131495585    
  0.104305      -0.2618674428878534    
  0.10431      -0.26186698443902956    
  0.10431499999999999      -0.26186652596856735    
  0.10432      -0.2618660674765185    
  0.104325      -0.26186560896274697    
  0.10432999999999999      -0.26186515042732283    
  0.104335      -0.26186469187027706    
  0.10434      -0.2618642332915605    
  0.104345      -0.26186377469117317    
  0.10435      -0.26186331606914587    
  0.104355      -0.2618628574254843    
  0.10436      -0.26186239876016737    
  0.104365      -0.2618619400731951    
  0.10437      -0.26186148136455206    
  0.104375      -0.26186102263425504    
  0.10438      -0.26186056388232093    
  0.10438499999999999      -0.26186010510871455    
  0.10439      -0.26185964631347114    
  0.104395      -0.2618591874965401    
  0.10439999999999999      -0.26185872865797327    
  0.104405      -0.26185826979778354    
  0.10441      -0.26185781091592425    
  0.104415      -0.26185735201240834    
  0.10442      -0.2618568930872412    
  0.104425      -0.26185643414040194    
  0.10443      -0.261855975171941    
  0.104435      -0.2618555161817938    
  0.10443999999999999      -0.26185505717004304    
  0.104445      -0.26185459813658524    
  0.10445      -0.26185413908149163    
  0.10445499999999999      -0.2618536800047622    
  0.10446      -0.2618532209063776    
  0.104465      -0.2618527617862884    
  0.10447      -0.2618523026446437    
  0.104475      -0.2618518434812635    
  0.10448      -0.2618513842962785    
  0.104485      -0.261850925089589    
  0.10449      -0.2618504658613299    
  0.104495      -0.26185000661134933    
  0.1045      -0.26184954733973165    
  0.104505      -0.26184908804644186    
  0.10450999999999999      -0.2618486287315164    
  0.104515      -0.2618481693949705    
  0.10452      -0.26184771003673574    
  0.10452499999999999      -0.2618472506568315    
  0.10453      -0.261846791255338    
  0.104535      -0.2618463318321595    
  0.10454      -0.2618458723873258    
  0.104545      -0.2618454129208226    
  0.10455      -0.2618449534326978    
  0.104555      -0.26184449392291903    
  0.10456      -0.261844034391485    
  0.10456499999999999      -0.2618435748383829    
  0.10457      -0.26184311526365783    
  0.104575      -0.26184265566721415    
  0.10457999999999999      -0.26184219604918113    
  0.104585      -0.26184173640949554    
  0.10459      -0.2618412767481237    
  0.104595      -0.26184081706513024    
  0.1046      -0.2618403573604983    
  0.104605      -0.2618398976342152    
  0.10461      -0.2618394378862585    
  0.104615      -0.2618389781166338    
  0.10461999999999999      -0.2618385183253707    
  0.104625      -0.26183805851248587    
  0.10463      -0.2618375986779148    
  0.10463499999999999      -0.26183713882165743    
  0.10464      -0.26183667894379536    
  0.104645      -0.2618362190443299    
  0.10464999999999999      -0.26183575912316126    
  0.104655      -0.2618352991803205    
  0.10466      -0.26183483921584266    
  0.104665      -0.2618343792297304    
  0.10467      -0.2618339192219784    
  0.104675      -0.2618334591925569    
  0.10468      -0.2618329991414984    
  0.104685      -0.26183253906876763    
  0.10468999999999999      -0.26183207897441807    
  0.104695      -0.26183161885838224    
  0.1047      -0.2618311587207093    
  0.10470499999999999      -0.2618306985613642    
  0.10471      -0.2618302383803834    
  0.104715      -0.26182977817778097    
  0.10472      -0.26182931795350906    
  0.104725      -0.2618288577075664    
  0.10473      -0.2618283974399881    
  0.104735      -0.2618279371508036    
  0.10474      -0.2618274768399188    
  0.10474499999999999      -0.2618270165073941    
  0.10475      -0.2618265561532168    
  0.104755      -0.2618260957773689    
  0.10475999999999999      -0.26182563537991743    
  0.104765      -0.2618251749607629    
  0.10477      -0.26182471451998673    
  0.104775      -0.26182425405759174    
  0.10478      -0.26182379357350916    
  0.104785      -0.26182333306780753    
  0.10479      -0.2618228725404171    
  0.104795      -0.26182241199140777    
  0.1048      -0.26182195142069387    
  0.104805      -0.26182149082837664    
  0.10481      -0.2618210302144237    
  0.10481499999999999      -0.2618205695788154    
  0.10482      -0.2618201089215378    
  0.104825      -0.2618196482425907    
  0.10482999999999999      -0.26181918754202205    
  0.104835      -0.26181872681984997    
  0.10484      -0.2618182660759425    
  0.104845      -0.2618178053104303    
  0.10485      -0.2618173445232655    
  0.104855      -0.2618168837144467    
  0.10486      -0.261816422883974    
  0.104865      -0.2618159620318825    
  0.10486999999999999      -0.2618155011580865    
  0.104875      -0.26181504026270536    
  0.10488      -0.2618145793456352    
  0.10488499999999999      -0.2618141184069279    
  0.10489      -0.2618136574465694    
  0.104895      -0.2618131964645558    
  0.1049      -0.26181273546089073    
  0.104905      -0.2618122744355874    
  0.10491      -0.26181181338864695    
  0.104915      -0.26181135232003716    
  0.10492      -0.26181089122979023    
  0.10492499999999999      -0.2618104301179076    
  0.10493      -0.2618099689843373    
  0.104935      -0.26180950782914825    
  0.10493999999999999      -0.26180904665227145    
  0.104945      -0.2618085854538081    
  0.10495      -0.2618081242336587    
  0.10495499999999999      -0.2618076629918721    
  0.10496      -0.26180720172844846    
  0.104965      -0.26180674044337227    
  0.10497      -0.26180627913664345    
  0.104975      -0.26180581780826073    
  0.10498      -0.26180535645820724    
  0.104985      -0.26180489508655175    
  0.10499      -0.2618044336932087    
  0.10499499999999999      -0.26180397227826224    
  0.105      -0.2618035108416463    
  0.105005      -0.261803049383361    
  0.10500999999999999      -0.26180258790342326    
  0.105015      -0.26180212640189615    
  0.10502      -0.2618016648786673    
  0.105025      -0.261801203333852    
  0.10503      -0.26180074176735035    
  0.105035      -0.26180028017916257    
  0.10504      -0.26179981856937135    
  0.105045      -0.2617993569379108    
  0.10504999999999999      -0.26179889528482986    
  0.105055      -0.26179843361007826    
  0.10506      -0.26179797191369103    
  0.10506499999999999      -0.2617975101956343    
  0.10507      -0.2617970484559743    
  0.105075      -0.2617965866946434    
  0.10507999999999999      -0.26179612491167825    
  0.105085      -0.26179566310702546    
  0.10509      -0.26179520128076933    
  0.105095      -0.2617947394328593    
  0.1051      -0.26179427756326434    
  0.105105      -0.261793815672066    
  0.10511      -0.2617933537592321    
  0.105115      -0.26179289182471044    
  0.10512      -0.26179242986853624    
  0.10512500000000001      -0.26179196789075865    
  0.10513      -0.26179150589131184    
  0.105135      -0.2617910438702123    
  0.10514000000000001      -0.2617905818275264    
  0.105145      -0.2617901197631035    
  0.10515000000000001      -0.26178965767706197    
  0.105155      -0.2617891955693988    
  0.10516      -0.26178873344010123    
  0.10516500000000001      -0.26178827128908383    
  0.10517      -0.26178780911649663    
  0.105175      -0.26178734692223876    
  0.10518000000000001      -0.2617868847063129    
  0.105185      -0.2617864224687667    
  0.10519      -0.26178596020960176    
  0.10519500000000001      -0.26178549792873235    
  0.1052      -0.2617850356262117    
  0.105205      -0.26178457330212007    
  0.10521000000000001      -0.2617841109563267    
  0.105215      -0.26178364858889497    
  0.10522000000000001      -0.2617831861998302    
  0.105225      -0.26178272378911016    
  0.10523      -0.2617822613567222    
  0.10523500000000001      -0.261781798902714    
  0.10524      -0.26178133642707    
  0.105245      -0.2617808739297904    
  0.10525000000000001      -0.26178041141080494    
  0.105255      -0.2617799488702034    
  0.10526      -0.2617794863079972    
  0.10526500000000001      -0.261779023724106    
  0.10527      -0.26177856111857783    
  0.10527500000000001      -0.261778098491414    
  0.10528      -0.2617776358425806    
  0.105285      -0.2617771731721104    
  0.10529000000000001      -0.2617767104799889    
  0.105295      -0.261776247766264    
  0.1053      -0.2617757850308543    
  0.10530500000000001      -0.26177532227380756    
  0.10531      -0.26177485949512375    
  0.105315      -0.26177439669477187    
  0.10532000000000001      -0.2617739338727831    
  0.105325      -0.2617734710291908    
  0.10533000000000001      -0.2617730081638996    
  0.10533500000000001      -0.26177254527698546    
  0.10534      -0.2617720823684525    
  0.10534500000000001      -0.26177161943821775    
  0.10535      -0.26177115648639654    
  0.105355      -0.26177069351289045    
  0.10536000000000001      -0.26177023051778103    
  0.105365      -0.2617697675009854    
  0.10537      -0.26176930446261876    
  0.10537500000000001      -0.26176884140250256    
  0.10538      -0.26176837832079985    
  0.105385      -0.26176791521746007    
  0.10539000000000001      -0.2617674520924679    
  0.105395      -0.2617669889457738    
  0.10540000000000001      -0.26176652577752574    
  0.105405      -0.26176606258759405    
  0.10541      -0.26176559937600846    
  0.10541500000000001      -0.26176513614280417    
  0.10542      -0.26176467288793037    
  0.105425      -0.2617642096114365    
  0.10543000000000001      -0.2617637463132421    
  0.105435      -0.26176328299349366    
  0.10544      -0.26176281965200987    
  0.10544500000000001      -0.26176235628892397    
  0.10545      -0.26176189290423485    
  0.10545500000000001      -0.261761429497844    
  0.10546      -0.2617609660698498    
  0.105465      -0.2617605026201888    
  0.10547000000000001      -0.26176003914885587    
  0.105475      -0.2617595756559546    
  0.10548      -0.2617591121413685    
  0.10548500000000001      -0.26175864860511294    
  0.10549      -0.261758185047271    
  0.105495      -0.2617577214677441    
  0.10550000000000001      -0.2617572578665816    
  0.105505      -0.26175679424376513    
  0.10551      -0.26175633059933134    
  0.10551500000000001      -0.26175586693327735    
  0.10552      -0.26175540324552143    
  0.10552500000000001      -0.2617549395361301    
  0.10553      -0.261754475805138    
  0.105535      -0.2617540120524402    
  0.10554000000000001      -0.2617535482781755    
  0.105545      -0.26175308448225815    
  0.10555      -0.2617526206646715    
  0.10555500000000001      -0.2617521568254169    
  0.10556      -0.2617516929645252    
  0.105565      -0.2617512290820315    
  0.10557000000000001      -0.2617507651778867    
  0.105575      -0.26175030125205573    
  0.10558000000000001      -0.26174983730465645    
  0.105585      -0.26174937333555404    
  0.10559      -0.26174890934484835    
  0.10559500000000001      -0.2617484453324605    
  0.1056      -0.2617479812984498    
  0.105605      -0.26174751724282164    
  0.10561000000000001      -0.26174705316551    
  0.105615      -0.2617465890665444    
  0.10562      -0.26174612494597554    
  0.10562500000000001      -0.2617456608037737    
  0.10563      -0.2617451966398844    
  0.105635      -0.2617447324543929    
  0.10564000000000001      -0.26174426824723357    
  0.105645      -0.26174380401847225    
  0.10565000000000001      -0.2617433397680416    
  0.105655      -0.2617428754959752    
  0.10566      -0.26174241120225633    
  0.10566500000000001      -0.26174194688692    
  0.10567      -0.2617414825499143    
  0.105675      -0.261741018191273    
  0.10568000000000001      -0.2617405538109973    
  0.105685      -0.26174008940906784    
  0.10569      -0.261739624985504    
  0.10569500000000001      -0.2617391605403058    
  0.1057      -0.2617386960734693    
  0.10570500000000001      -0.261738231584983    
  0.10571      -0.26173776707486107    
  0.105715      -0.26173730254306976    
  0.10572000000000001      -0.26173683798969466    
  0.105725      -0.261736373414632    
  0.10573      -0.26173590881795195    
  0.10573500000000001      -0.26173544419963635    
  0.10574      -0.2617349795596525    
  0.105745      -0.26173451489806543    
  0.10575000000000001      -0.26173405021477675    
  0.105755      -0.26173358550992115    
  0.10576      -0.26173312078336236    
  0.105765      -0.26173265603516943    
  0.10577      -0.2617321912653549    
  0.10577500000000001      -0.26173172647394255    
  0.10578      -0.2617312616608412    
  0.105785      -0.26173079682607325    
  0.10579000000000001      -0.2617303319697201    
  0.105795      -0.26172986709169777    
  0.1058      -0.26172940219202423    
  0.10580500000000001      -0.2617289372707473    
  0.10581      -0.26172847232778695    
  0.105815      -0.2617280073632233    
  0.10582000000000001      -0.26172754237699164    
  0.105825      -0.26172707736915934    
  0.10583000000000001      -0.261726612339676    
  0.105835      -0.2617261472885219    
  0.10584      -0.26172568221573217    
  0.10584500000000001      -0.26172521712134045    
  0.10585      -0.2617247520052653    
  0.105855      -0.2617242868675558    
  0.10586000000000001      -0.261723821708243    
  0.105865      -0.26172335652724543    
  0.10587      -0.26172289132462895    
  0.10587500000000001      -0.26172242610036145    
  0.10588      -0.2617219608544919    
  0.105885      -0.2617214955869713    
  0.10589      -0.26172103029777993    
  0.105895      -0.26172056498694013    
  0.10590000000000001      -0.2617200996545126    
  0.105905      -0.2617196343004184    
  0.10591      -0.2617191689247377    
  0.10591500000000001      -0.26171870352733984    
  0.10592      -0.26171823810832323    
  0.105925      -0.2617177726676568    
  0.10593000000000001      -0.2617173072054026    
  0.105935      -0.2617168417214467    
  0.10594      -0.2617163762158915    
  0.10594500000000001      -0.26171591068868255    
  0.10595      -0.2617154451398562    
  0.10595500000000001      -0.26171497956934486    
  0.10596      -0.26171451397724854    
  0.105965      -0.2617140483635011    
  0.10597000000000001      -0.26171358272808554    
  0.105975      -0.26171311707106815    
  0.10598      -0.2617126513923814    
  0.10598500000000001      -0.2617121856920941    
  0.10599      -0.2617117199701375    
  0.105995      -0.261711254226531    
  0.10600000000000001      -0.261710788461289    
  0.106005      -0.26171032267444627    
  0.10601000000000001      -0.2617098568659498    
  0.106015      -0.26170939103576973    
  0.10602      -0.26170892518400474    
  0.10602500000000001      -0.2617084593105873    
  0.10603      -0.26170799341551987    
  0.106035      -0.26170752749883514    
  0.10604000000000001      -0.26170706156049794    
  0.106045      -0.2617065956005574    
  0.10605      -0.2617061296189179    
  0.10605500000000001      -0.2617056636156596    
  0.10606      -0.2617051975907826    
  0.106065      -0.26170473154427126    
  0.10607000000000001      -0.261704265476092    
  0.106075      -0.2617037993863107    
  0.10608000000000001      -0.26170333327486284    
  0.106085      -0.2617028671417611    
  0.10609      -0.2617024009870939    
  0.10609500000000001      -0.2617019348107574    
  0.1061      -0.2617014686127528    
  0.106105      -0.26170100239311406    
  0.10611000000000001      -0.26170053615185646    
  0.106115      -0.2617000698889478    
  0.10612      -0.26169960360440486    
  0.10612500000000001      -0.26169913729824307    
  0.10613      -0.2616986709704484    
  0.10613500000000001      -0.2616982046209844    
  0.10614      -0.2616977382499353    
  0.106145      -0.2616972718572028    
  0.10615000000000001      -0.2616968054428191    
  0.106155      -0.2616963390068491    
  0.10616      -0.26169587254921095    
  0.10616500000000001      -0.2616954060699569    
  0.10617      -0.26169493956903483    
  0.106175      -0.2616944730464771    
  0.10618000000000001      -0.26169400650231883    
  0.106185      -0.2616935399365262    
  0.10619      -0.2616930733490475    
  0.10619500000000001      -0.2616926067399695    
  0.1062      -0.2616921401092392    
  0.10620500000000001      -0.2616916734568745    
  0.10621      -0.2616912067828755    
  0.106215      -0.2616907400872592    
  0.10622000000000001      -0.2616902733699904    
  0.106225      -0.26168980663105357    
  0.10623      -0.26168933987051757    
  0.10623500000000001      -0.26168887308832905    
  0.10624      -0.2616884062845232    
  0.106245      -0.26168793945906627    
  0.10625000000000001      -0.2616874726119736    
  0.106255      -0.2616870057432649    
  0.10626000000000001      -0.2616865388528883    
  0.106265      -0.2616860719409279    
  0.10627      -0.26168560500728005    
  0.10627500000000001      -0.2616851380520006    
  0.10628      -0.2616846710750856    
  0.106285      -0.2616842040765686    
  0.10629000000000001      -0.2616837370564032    
  0.106295      -0.2616832700145854    
  0.1063      -0.2616828029511502    
  0.10630500000000001      -0.2616823358660794    
  0.10631      -0.26168186875935745    
  0.106315      -0.2616814016310025    
  0.10632      -0.2616809344810134    
  0.106325      -0.26168046730939    
  0.10633000000000001      -0.2616800001161324    
  0.106335      -0.261679532901256    
  0.10634      -0.26167906566472854    
  0.10634500000000001      -0.26167859840658364    
  0.10635      -0.2616781311267566    
  0.106355      -0.26167766382532637    
  0.10636000000000001      -0.2616771965022463    
  0.106365      -0.2616767291575644    
  0.10637      -0.2616762617912496    
  0.10637500000000001      -0.2616757944032485    
  0.10638      -0.2616753269936471    
  0.10638500000000001      -0.26167485956239706    
  0.10639      -0.2616743921095607    
  0.106395      -0.26167392463502404    
  0.10640000000000001      -0.2616734571388518    
  0.106405      -0.26167298962106356    
  0.10641      -0.261672522081641    
  0.10641500000000001      -0.2616720545206347    
  0.10642      -0.2616715869379437    
  0.106425      -0.2616711193336352    
  0.10643000000000001      -0.2616706517076588    
  0.106435      -0.26167018406008324    
  0.10644      -0.2616697163908706    
  0.106445      -0.2616692486999928    
  0.10645      -0.2616687809874976    
  0.10645500000000001      -0.2616683132534005    
  0.10646      -0.26166784549765365    
  0.106465      -0.2616673777202389    
  0.10647000000000001      -0.26166690992120667    
  0.106475      -0.26166644210055706    
  0.10648      -0.2616659742582564    
  0.10648500000000001      -0.26166550639433833    
  0.10649      -0.2616650385087874    
  0.106495      -0.26166457060158527    
  0.10650000000000001      -0.2616641026727659    
  0.106505      -0.26166363472231213    
  0.10651000000000001      -0.26166316675022416    
  0.106515      -0.2616626987564697    
  0.10652      -0.2616622307411132    
  0.10652500000000001      -0.2616617627040902    
  0.10653      -0.26166129464550036    
  0.106535      -0.26166082656522566    
  0.10654000000000001      -0.2616603584633181    
  0.106545      -0.2616598903397932    
  0.10655      -0.2616594221946327    
  0.10655500000000001      -0.26165895402783923    
  0.10656      -0.2616584858394284    
  0.10656500000000001      -0.26165801762936786    
  0.10657      -0.2616575493976562    
  0.106575      -0.2616570811443273    
  0.10658000000000001      -0.2616566128693808    
  0.106585      -0.2616561445727678    
  0.10659      -0.2616556762545697    
  0.10659500000000001      -0.26165520791470515    
  0.1066      -0.2616547395532076    
  0.106605      -0.26165427117007584    
  0.10661000000000001      -0.26165380276534356    
  0.106615      -0.2616533343389589    
  0.10662      -0.26165286589091025    
  0.106625      -0.2616523974212922    
  0.10663      -0.2616519289299906    
  0.10663500000000001      -0.26165146041703924    
  0.10664      -0.26165099188250435    
  0.106645      -0.2616505233263337    
  0.10665000000000001      -0.2616500547485148    
  0.106655      -0.2616495861490447    
  0.10666      -0.261649117527991    
  0.10666500000000001      -0.26164864888526945    
  0.10667      -0.2616481802209149    
  0.106675      -0.2616477115349443    
  0.10668000000000001      -0.261647242827355    
  0.106685      -0.2616467740981005    
  0.10669000000000001      -0.26164630534724276    
  0.106695      -0.2616458365747367    
  0.1067      -0.2616453677805964    
  0.10670500000000001      -0.2616448989648217    
  0.10671      -0.26164443012743116    
  0.106715      -0.2616439612684077    
  0.10672000000000001      -0.2616434923877331    
  0.106725      -0.2616430234854411    
  0.10673      -0.2616425545615487    
  0.10673500000000001      -0.2616420856159405    
  0.10674      -0.2616416166487809    
  0.106745      -0.2616411476599548    
  0.10675      -0.2616406786494944    
  0.106755      -0.26164020961740125    
  0.10676000000000001      -0.2616397405637243    
  0.106765      -0.26163927148838084    
  0.10677      -0.26163880239138493    
  0.10677500000000001      -0.2616383332727912    
  0.10678      -0.26163786413256457    
  0.106785      -0.26163739497068556    
  0.10679000000000001      -0.26163692578719056    
  0.106795      -0.26163645658206264    
  0.1068      -0.26163598735530047    
  0.10680500000000001      -0.2616355181068887    
  0.10681      -0.2616350488368762    
  0.10681500000000001      -0.2616345795452142    
  0.10682      -0.2616341102319516    
  0.106825      -0.2616336408970224    
  0.10683000000000001      -0.2616331715404927    
  0.106835      -0.2616327021623301    
  0.10684      -0.26163223276251785    
  0.10684500000000001      -0.26163176334108684    
  0.10685      -0.26163129389800754    
  0.106855      -0.2616308244333108    
  0.10686000000000001      -0.26163035494698117    
  0.106865      -0.2616298854390006    
  0.10687      -0.2616294159094376    
  0.106875      -0.2616289463582067    
  0.10688      -0.2616284767853767    
  0.10688500000000001      -0.26162800719089696    
  0.10689      -0.2616275375747829    
  0.106895      -0.2616270679370516    
  0.10690000000000001      -0.26162659827768875    
  0.106905      -0.26162612859667483    
  0.10691      -0.26162565889406175    
  0.10691500000000001      -0.26162518916981453    
  0.10692      -0.26162471942391746    
  0.106925      -0.26162424965640446    
  0.10693000000000001      -0.2616237798672741    
  0.106935      -0.2616233100564954    
  0.10694000000000001      -0.2616228402240474    
  0.106945      -0.26162237037005087    
  0.10695      -0.26162190049438766    
  0.10695500000000001      -0.2616214305971086    
  0.10696      -0.2616209606781628    
  0.106965      -0.2616204907376166    
  0.10697000000000001      -0.261620020775453    
  0.106975      -0.26161955079165655    
  0.10698      -0.26161908078619495    
  0.10698500000000001      -0.26161861075911597    
  0.10699      -0.2616181407104196    
  0.106995      -0.2616176706400918    
  0.107      -0.2616172005481634    
  0.107005      -0.2616167304345685    
  0.10701000000000001      -0.2616162602993239    
  0.107015      -0.26161579014252795    
  0.10702      -0.26161531996403453    
  0.10702500000000001      -0.26161484976390675    
  0.10703      -0.2616143795422123    
  0.107035      -0.26161390929888634    
  0.10704000000000001      -0.26161343903389245    
  0.107045      -0.26161296874723206    
  0.10705      -0.26161249843902296    
  0.10705500000000001      -0.2616120281091461    
  0.10706      -0.26161155775768685    
  0.10706500000000001      -0.2616110873845287    
  0.10707      -0.26161061698978694    
  0.107075      -0.2616101465733942    
  0.10708000000000001      -0.26160967613537117    
  0.107085      -0.26160920567576323    
  0.10709      -0.2616087351945056    
  0.10709500000000001      -0.2616082646915813    
  0.1071      -0.2616077941670762    
  0.107105      -0.26160732362093553    
  0.10711000000000001      -0.26160685305314646    
  0.107115      -0.2616063824637232    
  0.10712      -0.26160591185268534    
  0.107125      -0.2616054412200638    
  0.10713      -0.261604970565742    
  0.10713500000000001      -0.2616044998898056    
  0.10714      -0.2616040291923011    
  0.107145      -0.2616035584730989    
  0.10715000000000001      -0.26160308773232865    
  0.107155      -0.26160261696989323    
  0.10716      -0.26160214618584177    
  0.10716500000000001      -0.2616016753801562    
  0.10717      -0.26160120455287283    
  0.107175      -0.26160073370390463    
  0.10718      -0.26160026283335547    
  0.107185      -0.2615997919411722    
  0.10719000000000001      -0.2615993210273393    
  0.107195      -0.2615988500918748    
  0.1072      -0.2615983791348267    
  0.10720500000000001      -0.26159790815609524    
  0.10721      -0.2615974371557829    
  0.107215      -0.2615969661338517    
  0.10722000000000001      -0.26159649509027233    
  0.107225      -0.26159602402505994    
  0.10723      -0.26159555293821624    
  0.10723500000000001      -0.2615950818297551    
  0.10724      -0.26159461069969625    
  0.10724500000000001      -0.261594139547985    
  0.10725      -0.26159366837460984    
  0.107255      -0.26159319717965246    
  0.10726000000000001      -0.26159272596305955    
  0.107265      -0.2615922547248689    
  0.10727      -0.2615917834649962    
  0.10727500000000001      -0.26159131218352427    
  0.10728      -0.261590840880435    
  0.107285      -0.261590369555713    
  0.10729000000000001      -0.2615898982093596    
  0.107295      -0.2615894268414068    
  0.1073      -0.26158895545176947    
  0.107305      -0.2615884840405512    
  0.10731      -0.26158801260770004    
  0.10731500000000001      -0.2615875411532006    
  0.10732      -0.2615870696771161    
  0.107325      -0.26158659817938335    
  0.10733000000000001      -0.2615861266600528    
  0.107335      -0.26158565511903753    
  0.10734      -0.2615851835564245    
  0.10734500000000001      -0.2615847119722123    
  0.10735      -0.26158424036633365    
  0.107355      -0.26158376873885447    
  0.10736000000000001      -0.2615832970897451    
  0.107365      -0.26158282541900163    
  0.10737000000000001      -0.26158235372664357    
  0.107375      -0.2615818820126681    
  0.10738      -0.261581410277043    
  0.10738500000000001      -0.26158093851980324    
  0.10739      -0.2615804667409658    
  0.107395      -0.2615799949404281    
  0.10740000000000001      -0.26157952311834043    
  0.107405      -0.26157905127460446    
  0.10741      -0.26157857940923573    
  0.10741500000000001      -0.2615781075222509    
  0.10742      -0.26157763561365155    
  0.107425      -0.2615771636834011    
  0.10743      -0.26157669173156983    
  0.107435      -0.26157621975805506    
  0.10744000000000001      -0.26157574776294273    
  0.107445      -0.26157527574617917    
  0.10745      -0.26157480370783487    
  0.10745500000000001      -0.2615743316478563    
  0.10746      -0.2615738595662476    
  0.107465      -0.26157338746300607    
  0.10747000000000001      -0.2615729153381641    
  0.107475      -0.2615724431916584    
  0.10748      -0.2615719710235858    
  0.107485      -0.2615714988338481    
  0.10749      -0.2615710266224776    
  0.10749500000000001      -0.2615705543894925    
  0.1075      -0.26157008213488997    
  0.107505      -0.2615696098586574    
  0.10751000000000001      -0.2615691375607907    
  0.107515      -0.26156866524132494    
  0.10752      -0.2615681929002458    
  0.10752500000000001      -0.2615677205374988    
  0.10753      -0.2615672481531359    
  0.107535      -0.26156677574715975    
  0.10754000000000001      -0.2615663033196168    
  0.107545      -0.26156583087037494    
  0.10755      -0.2615653583995173    
  0.107555      -0.26156488590704347    
  0.10756      -0.2615644133929383    
  0.10756500000000001      -0.2615639408572522    
  0.10757      -0.26156346829991506    
  0.107575      -0.26156299572093106    
  0.10758000000000001      -0.2615625231203633    
  0.107585      -0.2615620504981642    
  0.10759      -0.26156157785429723    
  0.10759500000000001      -0.2615611051888507    
  0.1076      -0.2615606325017727    
  0.107605      -0.2615601597930606    
  0.10761      -0.2615596870627675    
  0.107615      -0.2615592143108262    
  0.10762000000000001      -0.2615587415372352    
  0.107625      -0.2615582687420619    
  0.10763      -0.2615577959252235    
  0.10763500000000001      -0.2615573230867859    
  0.10764      -0.26155685022670006    
  0.107645      -0.2615563773450489    
  0.10765000000000001      -0.2615559044417479    
  0.107655      -0.26155543151681565    
  0.10766      -0.26155495857023636    
  0.10766500000000001      -0.2615544856020735    
  0.10767      -0.2615540126122623    
  0.107675      -0.2615535396008507    
  0.10768      -0.2615530665678103    
  0.107685      -0.26155259351313576    
  0.10769      -0.2615521204368803    
  0.107695      -0.26155164733895836    
  0.1077      -0.261551174219405    
  0.107705      -0.26155070107828615    
  0.10771      -0.26155022791548543    
  0.10771499999999999      -0.26154975473110376    
  0.10772      -0.2615492815250893    
  0.107725      -0.26154880829742655    
  0.10772999999999999      -0.2615483350481647    
  0.107735      -0.2615478617773037    
  0.10774      -0.2615473884847958    
  0.107745      -0.2615469151706214    
  0.10775      -0.26154644183489983    
  0.107755      -0.2615459684775441    
  0.10776      -0.26154549509850916    
  0.107765      -0.26154502169789184    
  0.10777      -0.2615445482756741    
  0.107775      -0.26154407483180947    
  0.10778      -0.2615436013662965    
  0.10778499999999999      -0.26154312787923367    
  0.10779      -0.26154265437052393    
  0.107795      -0.26154218084014763    
  0.10779999999999999      -0.2615417072882073    
  0.107805      -0.2615412337145851    
  0.10781      -0.26154076011936506    
  0.107815      -0.2615402865025769    
  0.10782      -0.26153981286410954    
  0.107825      -0.2615393392040444    
  0.10783      -0.26153886552232825    
  0.107835      -0.26153839181901567    
  0.10783999999999999      -0.26153791809408855    
  0.107845      -0.2615374443475132    
  0.10785      -0.2615369705793697    
  0.10785499999999999      -0.26153649678956387    
  0.10786      -0.26153602297812645    
  0.107865      -0.26153554914510685    
  0.10787      -0.2615350752904545    
  0.107875      -0.26153460141417206    
  0.10788      -0.26153412751629057    
  0.107885      -0.26153365359674385    
  0.10789      -0.2615331796556163    
  0.10789499999999999      -0.2615327056928405    
  0.1079      -0.26153223170844875    
  0.107905      -0.26153175770244236    
  0.10790999999999999      -0.26153128367483824    
  0.107915      -0.2615308096255859    
  0.10792      -0.2615303355547345    
  0.107925      -0.2615298614622685    
  0.10793      -0.26152938734813735    
  0.107935      -0.26152891321244076    
  0.10794      -0.2615284390550482    
  0.107945      -0.2615279648761225    
  0.10795      -0.26152749067551617    
  0.107955      -0.26152701645332765    
  0.10796      -0.26152654220947386    
  0.10796499999999999      -0.2615260679440718    
  0.10797      -0.2615255936569903    
  0.107975      -0.2615251193483421    
  0.10797999999999999      -0.2615246450179964    
  0.107985      -0.2615241706661177    
  0.10799      -0.26152369629254296    
  0.107995      -0.26152322189740274    
  0.108      -0.26152274748061566    
  0.108005      -0.2615222730422125    
  0.10801      -0.26152179858219354    
  0.108015      -0.2615213241005445    
  0.10801999999999999      -0.26152084959729643    
  0.108025      -0.26152037507243514    
  0.10803      -0.26151990052592416    
  0.10803499999999999      -0.26151942595783234    
  0.10804      -0.2615189513681091    
  0.108045      -0.26151847675673895    
  0.10805      -0.26151800212375287    
  0.108055      -0.26151752746918594    
  0.10806      -0.26151705279295523    
  0.108065      -0.2615165780951423    
  0.10807      -0.2615161033757302    
  0.108075      -0.2615156286346545    
  0.10808      -0.2615151538719487    
  0.108085      -0.2615146790876438    
  0.10808999999999999      -0.26151420428174116    
  0.108095      -0.2615137294541889    
  0.1081      -0.2615132546050571    
  0.10810499999999999      -0.2615127797342434    
  0.10811      -0.26151230484188254    
  0.108115      -0.2615118299278747    
  0.10812      -0.26151135499225103    
  0.108125      -0.2615108800349945    
  0.10813      -0.2615104050561262    
  0.108135      -0.26150993005564055    
  0.10814      -0.2615094550335431    
  0.10814499999999999      -0.2615089799898466    
  0.10815      -0.26150850492450317    
  0.108155      -0.26150802983752697    
  0.10815999999999999      -0.2615075547289531    
  0.108165      -0.2615070795987673    
  0.10817      -0.2615066044469306    
  0.108175      -0.2615061292735312    
  0.10818      -0.26150565407849896    
  0.108185      -0.26150517886182134    
  0.10819      -0.26150470362356004    
  0.108195      -0.2615042283636687    
  0.1082      -0.2615037530821304    
  0.108205      -0.2615032777789777    
  0.10821      -0.26150280245427643    
  0.10821499999999999      -0.26150232710787763    
  0.10822      -0.2615018517399149    
  0.108225      -0.2615013763503039    
  0.10822999999999999      -0.26150090093906153    
  0.108235      -0.2615004255062551    
  0.10824      -0.2614999500518341    
  0.108245      -0.2614994745757324    
  0.10825      -0.2614989990780501    
  0.108255      -0.26149852355873626    
  0.10826      -0.2614980480178247    
  0.108265      -0.2614975724552999    
  0.10826999999999999      -0.26149709687112693    
  0.108275      -0.26149662126533935    
  0.10828      -0.261496145637971    
  0.10828499999999999      -0.26149566998898804    
  0.10829      -0.2614951943183737    
  0.108295      -0.26149471862611245    
  0.1083      -0.2614942429123027    
  0.108305      -0.26149376717681366    
  0.10831      -0.2614932914197257    
  0.108315      -0.26149281564104127    
  0.10832      -0.26149233984067494    
  0.108325      -0.2614918640187783    
  0.10833      -0.26149138817521655    
  0.108335      -0.26149091231005844    
  0.10833999999999999      -0.26149043642325215    
  0.108345      -0.2614899605148495    
  0.10835      -0.2614894845848659    
  0.10835499999999999      -0.2614890086331992    
  0.10836      -0.2614885326599865    
  0.108365      -0.26148805666509334    
  0.10837      -0.2614875806486025    
  0.108375      -0.26148710461051516    
  0.10838      -0.2614866285508121    
  0.108385      -0.2614861524694789    
  0.10839      -0.261485676366548    
  0.10839499999999999      -0.2614852002420208    
  0.1084      -0.26148472409581036    
  0.108405      -0.2614842479280386    
  0.10840999999999999      -0.26148377173861853    
  0.108415      -0.26148329552763316    
  0.10842      -0.2614828192950009    
  0.108425      -0.26148234304075546    
  0.10843      -0.26148186676488    
  0.108435      -0.26148139046737173    
  0.10844      -0.2614809141482686    
  0.108445      -0.26148043780759866    
  0.10844999999999999      -0.2614799614452326    
  0.108455      -0.26147948506131946    
  0.10846      -0.26147900865575957    
  0.10846499999999999      -0.26147853222858497    
  0.10847      -0.2614780557798127    
  0.108475      -0.2614775793094118    
  0.10848      -0.26147710281739495    
  0.108485      -0.2614766263037636    
  0.10849      -0.2614761497685204    
  0.108495      -0.26147567321166143    
  0.1085      -0.26147519663320745    
  0.108505      -0.2614747200330883    
  0.10851      -0.2614742434113883    
  0.108515      -0.2614737667681089    
  0.10851999999999999      -0.2614732901031461    
  0.108525      -0.26147281341658984    
  0.10853      -0.26147233670846814    
  0.10853499999999999      -0.2614718599786814    
  0.10854      -0.26147138322729824    
  0.108545      -0.26147090645426835    
  0.10855      -0.26147042965969125    
  0.108555      -0.26146995284343355    
  0.10856      -0.2614694760056119    
  0.108565      -0.26146899914614335    
  0.10857      -0.2614685222650616    
  0.10857499999999999      -0.2614680453623977    
  0.10858      -0.26146756843810653    
  0.108585      -0.26146709149214753    
  0.10858999999999999      -0.26146661452464415    
  0.108595      -0.2614661375355094    
  0.1086      -0.2614656605247445    
  0.108605      -0.2614651834923834    
  0.10861      -0.26146470643840636    
  0.108615      -0.2614642293628343    
  0.10862      -0.2614637522655973    
  0.108625      -0.26146327514678075    
  0.10863      -0.26146279800636657    
  0.108635      -0.2614623208443068    
  0.10864      -0.2614618436606494    
  0.10864499999999999      -0.261461366455393    
  0.10865      -0.26146088922850924    
  0.108655      -0.26146041197999415    
  0.10865999999999999      -0.26145993470986445    
  0.108665      -0.26145945741815546    
  0.10867      -0.2614589801048163    
  0.108675      -0.2614585027698795    
  0.10868      -0.26145802541329444    
  0.108685      -0.26145754803511445    
  0.10869      -0.2614570706353045    
  0.108695      -0.26145659321392917    
  0.10869999999999999      -0.26145611577092653    
  0.108705      -0.2614556383062744    
  0.10871      -0.26145516082002723    
  0.10871499999999999      -0.261454683312181    
  0.10872      -0.2614542057827061    
  0.108725      -0.26145372823166874    
  0.10873      -0.26145325065896485    
  0.108735      -0.26145277306464915    
  0.10874      -0.26145229544875537    
  0.108745      -0.261451817811212    
  0.10875      -0.26145134015208915    
  0.10875499999999999      -0.2614508624713026    
  0.10876      -0.26145038476891974    
  0.108765      -0.2614499070450053    
  0.10876999999999999      -0.26144942929941295    
  0.108775      -0.261448951532223    
  0.10878      -0.2614484737433874    
  0.10878499999999999      -0.2614479959329529    
  0.10879      -0.26144751810092076    
  0.108795      -0.261447040247295    
  0.1088      -0.2614465623720224    
  0.108805      -0.2614460844751339    
  0.10881      -0.2614456065566673    
  0.108815      -0.2614451286165876    
  0.10882      -0.26144465065485956    
  0.10882499999999999      -0.26144417267157033    
  0.10883      -0.26144369466663286    
  0.108835      -0.2614432166401147    
  0.10883999999999999      -0.26144273859196776    
  0.108845      -0.2614422605221909    
  0.10885      -0.26144178243083316    
  0.108855      -0.26144130431782997    
  0.10886      -0.2614408261832136    
  0.108865      -0.2614403480270656    
  0.10887      -0.261439869849223    
  0.108875      -0.2614393916498164    
  0.10887999999999999      -0.2614389134287461    
  0.108885      -0.2614384351861132    
  0.10889      -0.2614379569218502    
  0.10889499999999999      -0.26143747863595734    
  0.1089      -0.2614370003285173    
  0.108905      -0.26143652199939804    
  0.10890999999999999      -0.26143604364869805    
  0.108915      -0.2614355652764017    
  0.10892      -0.26143508688245987    
  0.108925      -0.2614346084669218    
  0.10893      -0.26143413002978605    
  0.108935      -0.26143365157103704    
  0.10894      -0.2614331730906609    
  0.108945      -0.2614326945887012    
  0.10894999999999999      -0.2614322160650973    
  0.108955      -0.26143173751991267    
  0.10896      -0.2614312589530994    
  0.10896499999999999      -0.26143078036468975    
  0.10897      -0.2614303017546811    
  0.108975      -0.26142982312304525    
  0.10898      -0.26142934446977933    
  0.108985      -0.26142886579493274    
  0.10899      -0.26142838709847427    
  0.108995      -0.2614279083804013    
  0.109      -0.26142742964069965    
  0.10900499999999999      -0.2614269508794018    
  0.10901      -0.26142647209652314    
  0.109015      -0.26142599329198213    
  0.10901999999999999      -0.26142551446589535    
  0.109025      -0.261425035618128    
  0.10903      -0.26142455674879816    
  0.10903499999999999      -0.2614240778578551    
  0.10904      -0.2614235989452666    
  0.109045      -0.2614231200111154    
  0.10905      -0.26142264105533164    
  0.109055      -0.2614221620779206    
  0.10906      -0.2614216830789469    
  0.109065      -0.26142120405834457    
  0.10907      -0.26142072501614333    
  0.10907499999999999      -0.26142024595233027    
  0.10908      -0.2614197668668871    
  0.109085      -0.2614192877598322    
  0.10908999999999999      -0.26141880863116296    
  0.109095      -0.26141832948093235    
  0.1091      -0.2614178503090381    
  0.109105      -0.2614173711155812    
  0.10911      -0.2614168919004958    
  0.109115      -0.2614164126637803    
  0.10912      -0.26141593340550084    
  0.109125      -0.26141545412559286    
  0.10912999999999999      -0.2614149748240549    
  0.109135      -0.26141449550092055    
  0.10914      -0.2614140161562082    
  0.10914499999999999      -0.2614135367898322    
  0.10915      -0.2614130574018936    
  0.109155      -0.26141257799234174    
  0.10916      -0.2614120985611613    
  0.109165      -0.26141161910834965    
  0.10917      -0.2614111396339767    
  0.109175      -0.26141066013799197    
  0.10918      -0.2614101806203928    
  0.109185      -0.26140970108119727    
  0.10919      -0.26140922152039    
  0.109195      -0.2614087419379541    
  0.10919999999999999      -0.2614082623339206    
  0.109205      -0.26140778270825843    
  0.10921      -0.2614073030610351    
  0.10921499999999999      -0.26140682339214677    
  0.10922      -0.2614063437016972    
  0.109225      -0.261405863989633    
  0.10923      -0.2614053842559599    
  0.109235      -0.2614049045006385    
  0.10924      -0.2614044247237714    
  0.109245      -0.2614039449252576    
  0.10925      -0.2614034651051656    
  0.10925499999999999      -0.2614029852634423    
  0.10926      -0.26140250540009313    
  0.109265      -0.2614020255152124    
  0.10926999999999999      -0.26140154560865375    
  0.109275      -0.26140106568051447    
  0.10928      -0.2614005857307465    
  0.109285      -0.2614001057593823    
  0.10929      -0.26139962576643994    
  0.109295      -0.2613991457518522    
  0.1093      -0.2613986657156836    
  0.109305      -0.2613981856578865    
  0.10930999999999999      -0.26139770557847614    
  0.109315      -0.2613972254775215    
  0.10932      -0.26139674535487084    
  0.10932499999999999      -0.2613962652106913    
  0.10933      -0.26139578504486366    
  0.109335      -0.26139530485741    
  0.10933999999999999      -0.2613948246483911    
  0.109345      -0.2613943444177618    
  0.10935      -0.26139386416550253    
  0.109355      -0.2613933838916639    
  0.10936      -0.2613929035961952    
  0.109365      -0.2613924232791344    
  0.10937      -0.26139194294047596    
  0.109375      -0.2613914625801862    
  0.10937999999999999      -0.26139098219828605    
  0.109385      -0.26139050179484147    
  0.10939      -0.2613900213697501    
  0.10939499999999999      -0.26138954092302885    
  0.1094      -0.2613890604547294    
  0.109405      -0.261388579964817    
  0.10941      -0.26138809945330954    
  0.109415      -0.2613876189201736    
  0.10942      -0.26138713836544125    
  0.109425      -0.26138665778911413    
  0.10943      -0.26138617719117396    
  0.10943499999999999      -0.26138569657163735    
  0.10944      -0.26138521593050595    
  0.109445      -0.2613847352677304    
  0.10944999999999999      -0.26138425458339093    
  0.109455      -0.2613837738773905    
  0.10946      -0.26138329314984304    
  0.10946499999999999      -0.26138281240063466    
  0.10947      -0.2613823316298455    
  0.109475      -0.26138185083746274    
  0.10948      -0.2613813700234824    
  0.109485      -0.26138088918789176    
  0.10949      -0.2613804083306893    
  0.109495      -0.26137992745187366    
  0.1095      -0.2613794465514464    
  0.10950499999999999      -0.2613789656294565    
  0.10951      -0.261378484685803    
  0.109515      -0.26137800372058956    
  0.10951999999999999      -0.2613775227337799    
  0.109525      -0.2613770417253585    
  0.10953      -0.2613765606952903    
  0.109535      -0.26137607964366105    
  0.10954      -0.26137559857042114    
  0.109545      -0.26137511747551784    
  0.10955      -0.26137463635908553    
  0.109555      -0.2613741552210247    
  0.10955999999999999      -0.26137367406135065    
  0.109565      -0.2613731928800832    
  0.10957      -0.2613727116772194    
  0.10957499999999999      -0.261372230452727    
  0.10958      -0.2613717492066567    
  0.109585      -0.2613712679389563    
  0.10958999999999999      -0.26137078664967794    
  0.109595      -0.2613703053387878    
  0.1096      -0.26136982400625086    
  0.109605      -0.26136934265218775    
  0.10961      -0.2613688612764611    
  0.10961499999999999      -0.26136837987915623    
  0.10962      -0.2613678984602385    
  0.109625      -0.2613674170197116    
  0.10962999999999999      -0.2613669355575871    
  0.109635      -0.26136645407388326    
  0.10964      -0.26136597256853666    
  0.10964499999999999      -0.26136549104162615    
  0.10965      -0.26136500949305475    
  0.109655      -0.26136452792292075    
  0.10966      -0.2613640463311919    
  0.109665      -0.2613635647178358    
  0.10967      -0.26136308308289896    
  0.109675      -0.26136260142635176    
  0.10968      -0.2613621197482083    
  0.10968499999999999      -0.26136163804843754    
  0.10969      -0.26136115632708745    
  0.109695      -0.26136067458409196    
  0.10969999999999999      -0.2613601928195521    
  0.109705      -0.2613597110333668    
  0.10971      -0.2613592292256035    
  0.109715      -0.26135874739621023    
  0.10972      -0.2613582655452571    
  0.109725      -0.2613577836726586    
  0.10973      -0.26135730177846384    
  0.109735      -0.26135681986267556    
  0.10974      -0.26135633792530655    
  0.109745      -0.26135585596632854    
  0.10975      -0.26135537398570374    
  0.10975499999999999      -0.2613548919835177    
  0.10976      -0.2613544099597354    
  0.109765      -0.26135392791434414    
  0.10976999999999999      -0.2613534458473398    
  0.109775      -0.26135296375874056    
  0.10978      -0.2613524816485282    
  0.109785      -0.2613519995166887    
  0.10979      -0.2613515173633217    
  0.109795      -0.26135103518830927    
  0.1098      -0.2613505529916669    
  0.109805      -0.26135007077344785    
  0.10980999999999999      -0.2613495885336002    
  0.109815      -0.26134910627219143    
  0.10982      -0.2613486239891709    
  0.10982499999999999      -0.261348141684571    
  0.10983      -0.26134765935832843    
  0.109835      -0.261347177010505    
  0.10984      -0.2613466946410726    
  0.109845      -0.26134621225004134    
  0.10985      -0.2613457298374192    
  0.109855      -0.2613452474032009    
  0.10986      -0.26134476494733716    
  0.10986499999999999      -0.26134428246989666    
  0.10987      -0.2613437999708756    
  0.109875      -0.2613433174502299    
  0.10987999999999999      -0.26134283490801896    
  0.109885      -0.2613423523441485    
  0.10989      -0.2613418697586832    
  0.10989499999999999      -0.2613413871516722    
  0.1099      -0.26134090452301845    
  0.109905      -0.26134042187275025    
  0.10991      -0.26133993920095605    
  0.109915      -0.2613394565074827    
  0.10991999999999999      -0.2613389737924157    
  0.109925      -0.2613384910557709    
  0.10993      -0.26133800829752973    
  0.10993499999999999      -0.2613375255176937    
  0.10994      -0.2613370427162151    
  0.109945      -0.2613365598931894    
  0.10994999999999999      -0.2613360770485222    
  0.109955      -0.26133559418225755    
  0.10996      -0.26133511129439807    
  0.109965      -0.26133462838497873    
  0.10997      -0.261334145453914    
  0.109975      -0.2613336625012881    
  0.10998      -0.2613331795270168    
  0.109985      -0.26133269653117014    
  0.10998999999999999      -0.26133221351369224    
  0.109995      -0.2613317304746546    
  0.11      -0.26133124741400654   
