  0.10045000000000001     -0.00042390315587904903    
  0.1009     -0.0004257848082652154    
  0.10135000000000001     -0.00042766622648003627    
  0.1018     -0.00042954740945006127    
  0.10225000000000001     -0.0004314283561015625    
  0.1027     -0.0004333090653604113    
  0.10315     -0.0004351895361521564    
  0.10360000000000001     -0.0004370697674018313    
  0.10405     -0.00043894975803404276    
  0.10450000000000001     -0.00044082950697325526    
  0.10495     -0.0004427090131431666    
  0.10540000000000001     -0.00044458827546745364    
  0.10585     -0.00044646729286923134    
  0.1063     -0.0004483460642710803    
  0.10675000000000001     -0.00045022458859523065    
  0.1072     -0.0004521028647638259    
  0.10765000000000001     -0.000453980891698208    
  0.1081     -0.00045585866831931304    
  0.10855000000000001     -0.0004577361935479002    
  0.10900000000000001     -0.0004596134663041977    
  0.10945     -0.00046149048550814253    
  0.10990000000000001     -0.0004633672500790574    
  0.11035     -0.0004652437589359841    
  0.11080000000000001     -0.00046712001099736417    
  0.11125     -0.00046899600518152465    
  0.11170000000000001     -0.0004708717404060536    
  0.11215     -0.00047274721558842464    
  0.1126     -0.0004746224296453237    
  0.11305000000000001     -0.0004764973814932322    
  0.1135     -0.0004783720700483017    
  0.11395000000000001     -0.0004802464942259832    
  0.1144     -0.00048212065294147427    
  0.11485000000000001     -0.00048399454510955967    
  0.11530000000000001     -0.000485868169644299    
  0.11575     -0.0004877415254598526    
  0.11620000000000001     -0.0004896146114693987    
  0.11665     -0.0004914874265859251    
  0.11710000000000001     -0.0004933599697219994    
  0.11755000000000002     -0.0004952322397896516    
  0.11800000000000001     -0.000497104235700447    
  0.11845     -0.0004989759563657076    
  0.1189     -0.0005008474006959578    
  0.11935000000000001     -0.0005027185676015761    
  0.1198     -0.0005045894559923859    
  0.12025000000000001     -0.0005064600647777216    
  0.1207     -0.0005083303928664733    
  0.12115000000000001     -0.0005102004391670488    
  0.12160000000000001     -0.0005120702025875092    
  0.12205     -0.0005139396820353047    
  0.12250000000000001     -0.0005158088764174104    
  0.12295     -0.0005176777846405481    
  0.12340000000000001     -0.0005195464056107942    
  0.12385000000000002     -0.0005214147382336977    
  0.12430000000000001     -0.0005232827814144712    
  0.12475     -0.0005251505340578971    
  0.1252     -0.0005270179950680118    
  0.12565     -0.0005288851633488759    
  0.12610000000000002     -0.0005307520378034225    
  0.12655     -0.0005326186173345952    
  0.127     -0.0005344849008446714    
  0.12745     -0.0005363508872354289    
  0.1279     -0.0005382165754082915    
  0.12835000000000002     -0.0005400819642639755    
  0.1288     -0.0005419470527030408    
  0.12925     -0.0005438118396251836    
  0.1297     -0.0005456763239297668    
  0.13015000000000002     -0.0005475405045157478    
  0.1306     -0.000549404380281459    
  0.13105     -0.0005512679501249278    
  0.1315     -0.0005531312129432656    
  0.13195     -0.0005549941676336496    
  0.13240000000000002     -0.0005568568130922165    
  0.13285000000000002     -0.000558719148214936    
  0.1333     -0.0005605811718972752    
  0.13375     -0.0005624428830338958    
  0.1342     -0.0005643042805193246    
  0.13465     -0.0005661653632473632    
  0.1351     -0.0005680261301112578    
  0.13555     -0.0005698865800038803    
  0.136     -0.0005717467118174675    
  0.13645000000000002     -0.0005736065244439439    
  0.13690000000000002     -0.0005754660167744188    
  0.13735     -0.0005773251876996129    
  0.1378     -0.0005791840361098199    
  0.13825     -0.0005810425608947407    
  0.13870000000000002     -0.0005829007609435138    
  0.13915     -0.0005847586351446811    
  0.1396     -0.0005866161823864305    
  0.14005     -0.0005884734015562491    
  0.1405     -0.0005903302915411836    
  0.14095000000000002     -0.0005921868512277634    
  0.14140000000000003     -0.0005940430795019838    
  0.14185     -0.0005958989752492053    
  0.1423     -0.000597754537354344    
  0.14275000000000002     -0.0005996097647016155    
  0.1432     -0.0006014646561749715    
  0.14365     -0.0006033192106575345    
  0.1441     -0.0006051734270320422    
  0.14455     -0.0006070273041806871    
  0.14500000000000002     -0.0006088808409849822    
  0.14545000000000002     -0.0006107340363260133    
  0.1459     -0.0006125868890840963    
  0.14635     -0.0006144393981395643    
  0.1468     -0.0006162915623714044    
  0.14725000000000002     -0.0006181433806586069    
  0.1477     -0.000619994851879347    
  0.14815     -0.0006218459749113038    
  0.1486     -0.0006236967486316983    
  0.14905000000000002     -0.0006255471719168286    
  0.14950000000000002     -0.0006273972436431456    
  0.14995     -0.000629246962685473    
  0.1504     -0.0006310963279191513    
  0.15085     -0.0006329453382181889    
  0.15130000000000002     -0.0006347939924563582    
  0.15175     -0.0006366422895067239    
  0.1522     -0.0006384902282417886    
  0.15265     -0.0006403378075335864    
  0.1531     -0.0006421850262534508    
  0.15355000000000002     -0.0006440318832722433    
  0.15400000000000003     -0.0006458783774600171    
  0.15445     -0.0006477245076864716    
  0.1549     -0.0006495702728207368    
  0.15535000000000002     -0.0006514156717309857    
  0.1558     -0.0006532607032852557    
  0.15625     -0.0006551053663506438    
  0.1567     -0.0006569496597940774    
  0.15715     -0.0006587935824811791    
  0.15760000000000002     -0.0006606371332777486    
  0.15805000000000002     -0.0006624803110484787    
  0.1585     -0.000664323114657632    
  0.15895     -0.0006661655429688329    
  0.15940000000000001     -0.0006680075948451852    
  0.15985000000000002     -0.0006698492691489116    
  0.1603     -0.0006716905647421272    
  0.16075     -0.0006735314804858748    
  0.1612     -0.0006753720152406009    
  0.16165000000000002     -0.0006772121678665088    
  0.16210000000000002     -0.0006790519372228063    
  0.16255000000000003     -0.0006808913221683296    
  0.163     -0.000682730321561114    
  0.16345     -0.0006845689342586808    
  0.16390000000000002     -0.0006864071591178161    
  0.16435     -0.0006882449949949486    
  0.1648     -0.0006900824407454209    
  0.16525     -0.0006919194952243295    
  0.16570000000000001     -0.0006937561572862468    
  0.16615000000000002     -0.00069559242578459    
  0.16660000000000003     -0.000697428299572516    
  0.16705000000000003     -0.0006992637775025852    
  0.1675     -0.0007010988584264556    
  0.16795000000000002     -0.0007029335411953552    
  0.1684     -0.0007047678246599152    
  0.16885     -0.0007066017076698267    
  0.1693     -0.0007084351890744925    
  0.16975     -0.0007102682677224241    
  0.17020000000000002     -0.0007121009424615916    
  0.17065000000000002     -0.0007139332121392089    
  0.17110000000000003     -0.0007157650756020977    
  0.17155     -0.0007175965316960041    
  0.17200000000000001     -0.0007194275792662859    
  0.17245     -0.0007212582171579468    
  0.1729     -0.000723088444214745    
  0.17335     -0.0007249182592799705    
  0.1738     -0.0007267476611964793    
  0.17425000000000002     -0.0007285766488060799    
  0.17470000000000002     -0.0007304052209504419    
  0.17515000000000003     -0.0007322333764700484    
  0.1756     -0.0007340611142049626    
  0.17605     -0.0007358884329944498    
  0.17650000000000002     -0.0007377153316774285    
  0.17695     -0.0007395418090917413    
  0.1774     -0.0007413678640747802    
  0.17785     -0.0007431934954630175    
  0.17830000000000001     -0.0007450187020925821    
  0.17875000000000002     -0.0007468434827988396    
  0.17920000000000003     -0.0007486678364163023    
  0.17965000000000003     -0.0007504917617788993    
  0.1801     -0.0007523152577198107    
  0.18055000000000002     -0.0007541383230715674    
  0.181     -0.0007559609566661456    
  0.18145     -0.0007577831573347266    
  0.1819     -0.0007596049239076835    
  0.18235     -0.0007614262552148449    
  0.18280000000000002     -0.000763247150085123    
  0.18325000000000002     -0.0007650676073472397    
  0.18370000000000003     -0.0007668876258284801    
  0.18415     -0.0007687072043561193    
  0.18460000000000001     -0.0007705263417563182    
  0.18505000000000002     -0.0007723450368545964    
  0.1855     -0.0007741632884758938    
  0.18595     -0.0007759810954444772    
  0.1864     -0.0007777984565834201    
  0.18685000000000002     -0.0007796153707157298    
  0.18730000000000002     -0.0007814318366634078    
  0.18775000000000003     -0.0007832478532476886    
  0.18820000000000003     -0.0007850634192892551    
  0.18865     -0.0007868785336077669    
  0.18910000000000002     -0.0007886931950223525    
  0.18955     -0.000790507402351686    
  0.19     -0.000792321154413262    
  0.19045     -0.0007941344500241934    
  0.19090000000000001     -0.0007959472880005002    
  0.19135000000000002     -0.0007977596671577686    
  0.19180000000000003     -0.0007995715863108183    
  0.19225000000000003     -0.0008013830442736257    
  0.1927     -0.0008031940398596643    
  0.19315000000000002     -0.00080500457188128    
  0.1936     -0.0008068146391503363    
  0.19405     -0.0008086242404780099    
  0.1945     -0.0008104333746746205    
  0.19495     -0.0008122420405497557    
  0.19540000000000002     -0.0008140502369122574    
  0.19585000000000002     -0.0008158579625702003    
  0.19630000000000003     -0.0008176652163310733    
  0.19675     -0.0008194719970013066    
  0.19720000000000001     -0.0008212783033868555    
  0.19765000000000002     -0.0008230841342928043    
  0.1981     -0.0008248894885235503    
  0.19855     -0.0008266943648825922    
  0.199     -0.0008284987621728357    
  0.19945000000000002     -0.0008303026791961973    
  0.19990000000000002     -0.0008321061147540908    
  0.20035000000000003     -0.0008339090676471109    
  0.20080000000000003     -0.0008357115366749816    
  0.20125     -0.0008375135206366638    
  0.20170000000000002     -0.0008393150183303583    
  0.20215     -0.0008411160285535721    
  0.2026     -0.0008429165501030456    
  0.20305     -0.0008447165817746308    
  0.20350000000000001     -0.0008465161223636074    
  0.20395000000000002     -0.0008483151706639713    
  0.20440000000000003     -0.0008501137254696978    
  0.20485000000000003     -0.000851911785573322    
  0.2053     -0.0008537093497669491    
  0.20575000000000002     -0.0008555064168419071    
  0.20620000000000002     -0.0008573029855884484    
  0.20665     -0.0008590990547963917    
  0.2071     -0.0008608946232543553    
  0.20755     -0.000862689689750562    
  0.20800000000000002     -0.0008644842530723673    
  0.20845000000000002     -0.0008662783120061135    
  0.20890000000000003     -0.0008680718653375705    
  0.20935000000000004     -0.0008698649118514673    
  0.20980000000000001     -0.000871657450331971    
  0.21025000000000002     -0.0008734494795624159    
  0.2107     -0.0008752409983253384    
  0.21115     -0.0008770320054021161    
  0.2116     -0.0008788224995738211    
  0.21205000000000002     -0.0008806124796204157    
  0.21250000000000002     -0.0008824019443212719    
  0.21295000000000003     -0.00088419089245452    
  0.21340000000000003     -0.0008859793227980264    
  0.21385     -0.0008877672341285892    
  0.21430000000000002     -0.0008895546252220346    
  0.21475     -0.0008913414948534953    
  0.2152     -0.0008931278417973754    
  0.21565     -0.0008949136648272737    
  0.21610000000000001     -0.0008966989627156238    
  0.21655000000000002     -0.000898483734234623    
  0.21700000000000003     -0.0009002679781550116    
  0.21745000000000003     -0.0009020516932470579    
  0.2179     -0.0009038348782801214    
  0.21835000000000002     -0.0009056175320229162    
  0.21880000000000002     -0.0009073996532425674    
  0.21925     -0.0009091812407065678    
  0.2197     -0.0009109622931807726    
  0.22015     -0.0009127428094300657    
  0.22060000000000002     -0.0009145227882191437    
  0.22105000000000002     -0.0009163022283111832    
  0.22150000000000003     -0.0009180811284690282    
  0.22195000000000004     -0.0009198594874544053    
  0.22240000000000001     -0.00092163730402825    
  0.22285000000000002     -0.000923414576950693    
  0.2233     -0.0009251913049808311    
  0.22375     -0.0009269674868772754    
  0.2242     -0.000928743121397381    
  0.22465000000000002     -0.0009305182072978924    
  0.22510000000000002     -0.0009322927433345271    
  0.22555000000000003     -0.0009340667282623644    
  0.226     -0.0009358401608354008    
  0.22645     -0.0009376130398069463    
  0.22690000000000002     -0.0009393853639290753    
  0.22735000000000002     -0.0009411571319537237    
  0.22780000000000003     -0.0009429283426310442    
  0.22825     -0.0009446989947112655    
  0.22870000000000001     -0.0009464690869427361    
  0.22915000000000002     -0.0009482386180737976    
  0.22960000000000003     -0.0009500075868513758    
  0.23005     -0.0009517759920219179    
  0.2305     -0.0009535438323304835    
  0.23095000000000002     -0.0009553111065219236    
  0.23140000000000002     -0.0009570778133394034    
  0.23185000000000003     -0.0009588439515259353    
  0.2323     -0.0009606095198231995    
  0.23275     -0.0009623745169720505    
  0.23320000000000002     -0.0009641389417128013    
  0.23365000000000002     -0.000965902792784322    
  0.23410000000000003     -0.0009676660689249064    
  0.23455     -0.0009694287688721687    
  0.23500000000000001     -0.000971190891362099    
  0.23545000000000002     -0.0009729524351306737    
  0.23590000000000003     -0.0009747133989122594    
  0.23635     -0.000976473781440626    
  0.2368     -0.0009782335814489534    
  0.23725000000000002     -0.0009799927976688189    
  0.23770000000000002     -0.0009817514288312998    
  0.23815000000000003     -0.0009835094736666203    
  0.2386     -0.000985266930904033    
  0.23905     -0.0009870237992716316    
  0.23950000000000002     -0.0009887800774969133    
  0.23995000000000002     -0.0009905357643063759    
  0.24040000000000003     -0.000992290858425511    
  0.24085     -0.0009940453585789433    
  0.24130000000000001     -0.0009957992634905335    
  0.24175000000000002     -0.0009975525718826928    
  0.24220000000000003     -0.0009993052824775195    
  0.24265000000000003     -0.001001057393995898    
  0.2431     -0.001002808905157894    
  0.24355000000000002     -0.0010045598146825388    
  0.24400000000000002     -0.0010063101212879344    
  0.24445000000000003     -0.0010080598236912944    
  0.2449     -0.001009808920608861    
  0.24535     -0.0010115574107560296    
  0.24580000000000002     -0.0010133052928469333    
  0.24625000000000002     -0.0010150525655954687    
  0.24670000000000003     -0.0010167992277136384    
  0.24715     -0.001018545277913556    
  0.24760000000000001     -0.0010202907149051352    
  0.24805000000000002     -0.0010220355373987203    
  0.24850000000000003     -0.0010237797441027818    
  0.24895000000000003     -0.0010255233337247982    
  0.2494     -0.0010272663049719286    
  0.24985000000000002     -0.0010290086565499304    
  0.2503     -0.00103075038716368    
  0.25075000000000003     -0.0010324914955172348    
  0.2512     -0.0010342319803132716    
  0.25165000000000004     -0.0010359718402541962    
  0.2521     -0.0010377110740408604    
  0.25255000000000005     -0.0010394496803732    
  0.253     -0.0010411876579507068    
  0.25345     -0.0010429250054713388    
  0.2539     -0.0010446617216323256    
  0.25435     -0.001046397805129766    
  0.2548     -0.001048133254659002    
  0.25525000000000003     -0.0010498680689143072    
  0.25570000000000004     -0.0010516022465889216    
  0.25615     -0.0010533357863752382    
  0.25660000000000005     -0.001055068686964554    
  0.25705     -0.0010568009470471873    
  0.2575     -0.0010585325653124436    
  0.25795     -0.0010602635404488442    
  0.2584     -0.00106199387114371    
  0.25885     -0.0010637235560833971    
  0.25930000000000003     -0.0010654525939534712    
  0.25975000000000004     -0.0010671809834380472    
  0.2602     -0.0010689087232208863    
  0.26065000000000005     -0.0010706358119843273    
  0.2611     -0.0010723622484098    
  0.26155000000000006     -0.0010740880311775058    
  0.262     -0.0010758131589672648    
  0.26245     -0.0010775376304572731    
  0.2629     -0.0010792614443249013    
  0.26335000000000003     -0.0010809845992468606    
  0.26380000000000003     -0.0010827070938981345    
  0.26425     -0.0010844289269534499    
  0.26470000000000005     -0.0010861500970861387    
  0.26515     -0.0010878706029686172    
  0.26560000000000006     -0.0010895904432721912    
  0.26605     -0.001091309616667105    
  0.2665     -0.0010930281218227145    
  0.26695     -0.0010947459574075918    
  0.2674     -0.0010964631220887894    
  0.26785000000000003     -0.001098179614532499    
  0.2683     -0.0010998954334042257    
  0.26875000000000004     -0.0011016105773678855    
  0.2692     -0.0011033250450870336    
  0.26965000000000006     -0.0011050388352235874    
  0.2701     -0.0011067519464385764    
  0.27055     -0.0011084643773923222    
  0.271     -0.0011101761267437518    
  0.27145     -0.001111887193150904    
  0.27190000000000003     -0.0011135975752707833    
  0.27235     -0.0011153072717594442    
  0.27280000000000004     -0.001117016281271574    
  0.27325     -0.0011187246024610548    
  0.27370000000000005     -0.0011204322339809294    
  0.27415     -0.0011221391744826587    
  0.2746     -0.0011238454226172381    
  0.27505     -0.0011255509770340955    
  0.2755     -0.0011272558363820198    
  0.27595000000000003     -0.0011289599993084681    
  0.27640000000000003     -0.0011306634644600022    
  0.27685000000000004     -0.0011323662304821638    
  0.2773     -0.0011340682960190099    
  0.27775000000000005     -0.0011357696597142364    
  0.2782     -0.001137470320209763    
  0.27865     -0.0011391702761473083    
  0.2791     -0.0011408695261666546    
  0.27955     -0.0011425680689067588    
  0.28     -0.0011442659030059463    
  0.28045000000000003     -0.0011459630271009186    
  0.28090000000000004     -0.0011476594398275655    
  0.28135     -0.0011493551398209026    
  0.28180000000000005     -0.0011510501257143146    
  0.28225     -0.0011527443961406314    
  0.28270000000000006     -0.0011544379497313295    
  0.28315     -0.001156130785116935    
  0.2836     -0.0011578229009267596    
  0.28405     -0.0011595142957891297    
  0.28450000000000003     -0.0011612049683314071    
  0.28495000000000004     -0.0011628949171796008    
  0.2854     -0.0011645841409587201    
  0.28585000000000005     -0.0011662726382928729    
  0.2863     -0.0011679604078047093    
  0.28675000000000006     -0.0011696474481161442    
  0.2872     -0.001171333757847913    
  0.28765     -0.0011730193356194324    
  0.2881     -0.0011747041800493005    
  0.28855000000000003     -0.0011763882897547692    
  0.28900000000000003     -0.0011780716633522509    
  0.28945     -0.001179754299456777    
  0.28990000000000005     -0.0011814361966825324    
  0.29035     -0.001183117353642446    
  0.29080000000000006     -0.001184797768948219    
  0.29125     -0.001186477441210844    
  0.2917     -0.0011881563690396765    
  0.29215     -0.001189834551043302    
  0.2926     -0.001191511985829341    
  0.29305000000000003     -0.001193188672003756    
  0.2935     -0.0011948646081718084    
  0.29395000000000004     -0.0011965397929376564    
  0.2944     -0.00119821422490414    
  0.29485000000000006     -0.00119988790267294    
  0.2953     -0.0012015608248447315    
  0.29575     -0.0012032329900192942    
  0.2962     -0.0012049043967947703    
  0.29665     -0.0012065750437685388    
  0.29710000000000003     -0.0012082449295366463    
  0.29755000000000004     -0.001209914052694154    
  0.29800000000000004     -0.0012115824118350133    
  0.29845     -0.0012132500055519607    
  0.29890000000000005     -0.0012149168324363455    
  0.29935     -0.0012165828910789406    
  0.2998     -0.0012182481800688677    
  0.30025     -0.0012199126979942979    
  0.3007     -0.0012215764434423543    
  0.30115000000000003     -0.0012232394149988071    
  0.30160000000000003     -0.0012249016112484412    
  0.30205000000000004     -0.001226563030774848    
  0.3025     -0.0012282236721602863    
  0.30295000000000005     -0.0012298835339862244    
  0.3034     -0.0012315426148325898    
  0.30385000000000006     -0.001233200913278533    
  0.3043     -0.0012348584279016084    
  0.30475     -0.0012365151572787461    
  0.3052     -0.0012381710999850581    
  0.30565000000000003     -0.0012398262545952193    
  0.30610000000000004     -0.0012414806196821282    
  0.30655     -0.001243134193817698    
  0.30700000000000005     -0.0012447869755729882    
  0.30745     -0.001246438963517539    
  0.30790000000000006     -0.0012480901562195446    
  0.30835     -0.0012497405522466504    
  0.3088     -0.0012513901501648023    
  0.30925     -0.0012530389485389537    
  0.30970000000000003     -0.0012546869459327606    
  0.31015000000000004     -0.001256334140908949    
  0.3106     -0.0012579805320288642    
  0.31105000000000005     -0.0012596261178526164    
  0.3115     -0.001261270896939351    
  0.31195000000000006     -0.0012629148678468885    
  0.3124     -0.0012645580291318625    
  0.31285     -0.0012662003793494636    
  0.3133     -0.001267841917054341    
  0.31375000000000003     -0.0012694826407993673    
  0.31420000000000003     -0.0012711225491364164    
  0.31465     -0.0012727616406161477    
  0.31510000000000005     -0.0012743999137881795    
  0.31555     -0.0012760373672005207    
  0.31600000000000006     -0.0012776739994005276    
  0.31645     -0.0012793098089339053    
  0.3169     -0.0012809447943452762    
  0.31735     -0.0012825789541782914    
  0.3178     -0.00128421228697502    
  0.31825000000000003     -0.0012858447912766358    
  0.31870000000000004     -0.0012874764656227652    
  0.31915000000000004     -0.0012891073085522092    
  0.3196     -0.0012907373186022489    
  0.32005000000000006     -0.0012923664943091245    
  0.3205     -0.0012939948342076818    
  0.32095     -0.0012956223368319336    
  0.3214     -0.0012972490007140541    
  0.32185     -0.0012988748243856485    
  0.32230000000000003     -0.0013004998063765177    
  0.32275000000000004     -0.0013021239452157204    
  0.32320000000000004     -0.0013037472394306776    
  0.32365     -0.0013053696875479914    
  0.32410000000000005     -0.0013069912880926265    
  0.32455     -0.0013086120395886594    
  0.32500000000000007     -0.0013102319405585636    
  0.32545     -0.0013118509895240285    
  0.3259     -0.0013134691850050437    
  0.32635000000000003     -0.0013150865255208144    
  0.32680000000000003     -0.0013167030095890125    
  0.32725000000000004     -0.0013183186357259569    
  0.3277     -0.0013199334024468976    
  0.32815000000000005     -0.0013215473082660092    
  0.3286     -0.0013231603516961482    
  0.32905000000000006     -0.0013247725312484637    
  0.3295     -0.0013263838454333973    
  0.32995     -0.0013279942927599334    
  0.3304     -0.0013296038717358141    
  0.33085000000000003     -0.0013312125808675399    
  0.33130000000000004     -0.0013328204186602438    
  0.33175000000000004     -0.001334427383618178    
  0.33220000000000005     -0.0013360334742436517    
  0.33265     -0.0013376386890383979    
  0.3331     -0.0013392430265025748    
  0.33355     -0.0013408464851349597    
  0.334     -0.0013424490634333236    
  0.33445     -0.0013440507598939389    
  0.33490000000000003     -0.0013456515730120647    
  0.33535000000000004     -0.0013472515012816003    
  0.33580000000000004     -0.001348850543194842    
  0.33625000000000005     -0.001350448697243281    
  0.33670000000000005     -0.0013520459619168548    
  0.33715     -0.0013536423357043276    
  0.3376     -0.0013552378170931245    
  0.33805     -0.0013568324045697272    
  0.3385     -0.00135842609661848    
  0.33895000000000003     -0.0013600188917234843    
  0.33940000000000003     -0.0013616107883666281    
  0.33985000000000004     -0.001363201785029404    
  0.34030000000000005     -0.0013647918801911949    
  0.34075000000000005     -0.0013663810723307176    
  0.3412     -0.0013679693599249407    
  0.34165     -0.001369556741449826    
  0.3421     -0.00137114321537999    
  0.34255     -0.0013727287801887575    
  0.343     -0.0013743134343478167    
  0.34345000000000003     -0.001375897176328078    
  0.34390000000000004     -0.0013774800045989258    
  0.34435000000000004     -0.0013790619176284671    
  0.34480000000000005     -0.0013806429138833176    
  0.34525000000000006     -0.0013822229918288645    
  0.3457     -0.0013838021499296763    
  0.34615     -0.0013853803866481981    
  0.3466     -0.0013869577004461467    
  0.34705     -0.0013885340897836149    
  0.34750000000000003     -0.001390109553119613    
  0.34795000000000004     -0.0013916840889117849    
  0.34840000000000004     -0.0013932576956161985    
  0.34885000000000005     -0.0013948303716879232    
  0.34930000000000005     -0.0013964021155807374    
  0.34975     -0.0013979729257467058    
  0.3502     -0.001399542800636852    
  0.35065     -0.0014011117387010968    
  0.3511     -0.0014026797383873552    
  0.35155000000000003     -0.001404246798143001    
  0.35200000000000004     -0.0014058129164134306    
  0.35245000000000004     -0.001407378091643055    
  0.35290000000000005     -0.0014089423222751474    
  0.35335000000000005     -0.0014105056067511348    
  0.3538     -0.0014120679435113137    
  0.35425     -0.001413629330994745    
  0.3547     -0.0014151897676391648    
  0.35515     -0.0014167492518808236    
  0.3556     -0.0014183077821547166    
  0.35605000000000003     -0.0014198653568944924    
  0.35650000000000004     -0.0014214219745323983    
  0.35695000000000005     -0.0014229776334995642    
  0.35740000000000005     -0.0014245323322251494    
  0.35785     -0.0014260860691378552    
  0.3583     -0.0014276388426642458    
  0.35875     -0.0014291906512299557    
  0.3592     -0.0014307414932593354    
  0.35965     -0.001432291367174987    
  0.36010000000000003     -0.0014338402713985343    
  0.36055000000000004     -0.0014353882043499772    
  0.36100000000000004     -0.0014369351644481637    
  0.36145000000000005     -0.0014384811501103392    
  0.3619     -0.001440026159752722    
  0.36235000000000006     -0.0014415701917896706    
  0.3628     -0.0014431132446347666    
  0.36325     -0.001444655316699836    
  0.3637     -0.0014461964063953447    
  0.36415000000000003     -0.0014477365121305166    
  0.36460000000000004     -0.0014492756323133266    
  0.36505000000000004     -0.0014508137653498343    
  0.36550000000000005     -0.001452350909645364    
  0.36595000000000005     -0.0014538870636036094    
  0.36640000000000006     -0.0014554222256268137    
  0.36685     -0.0014569563941157979    
  0.3673     -0.0014584895674701961    
  0.36775     -0.001460021744088262    
  0.3682     -0.0014615529223663826    
  0.36865000000000003     -0.001463083100700334    
  0.36910000000000004     -0.0014646122774839773    
  0.36955000000000005     -0.0014661404511098208    
  0.37000000000000005     -0.0014676676199691444    
  0.37045000000000006     -0.0014691937824519094    
  0.3709     -0.0014707189369463497    
  0.37135     -0.0014722430818393875    
  0.3718     -0.0014737662155168904    
  0.37225     -0.0014752883363631855    
  0.37270000000000003     -0.0014768094427607542    
  0.37315000000000004     -0.0014783295330911689    
  0.37360000000000004     -0.00147984860573451    
  0.37405000000000005     -0.0014813666590693317    
  0.37450000000000006     -0.0014828836914729734    
  0.37495     -0.0014843997013210958    
  0.3754     -0.0014859146869880269    
  0.37585     -0.001487428646846943    
  0.3763     -0.0014889415792695773    
  0.37675000000000003     -0.0014904534826256366    
  0.37720000000000004     -0.001491964355284127    
  0.37765000000000004     -0.0014934741956123126    
  0.37810000000000005     -0.0014949830019762717    
  0.37855000000000005     -0.0014964907727403054    
  0.379     -0.0014979975062675635    
  0.37945     -0.0014995032009197176    
  0.3799     -0.0015010078550568642    
  0.38035     -0.0015025114670378856    
  0.3808     -0.0015040140352203177    
  0.38125000000000003     -0.001505515557959837    
  0.38170000000000004     -0.0015070160336109542    
  0.38215000000000005     -0.0015085154605270698    
  0.38260000000000005     -0.0015100138370596067    
  0.38305     -0.001511511161558711    
  0.38350000000000006     -0.0015130074323733353    
  0.38395     -0.0015145026478507809    
  0.3844     -0.0015159968063368848    
  0.38485     -0.0015174899061762906    
  0.38530000000000003     -0.0015189819457117962    
  0.38575000000000004     -0.0015204729232850683    
  0.38620000000000004     -0.0015219628372362543    
  0.38665000000000005     -0.0015234516859040231    
  0.38710000000000006     -0.001524939467625705    
  0.38755000000000006     -0.001526426180737124    
  0.388     -0.0015279118235724184    
  0.38845     -0.0015293963944646854    
  0.3889     -0.0015308798917452876    
  0.38935000000000003     -0.0015323623137442066    
  0.38980000000000004     -0.0015338436587899532    
  0.39025000000000004     -0.0015353239252097542    
  0.39070000000000005     -0.001536803111328991    
  0.39115000000000005     -0.0015382812154721426    
  0.39160000000000006     -0.0015397582359615303    
  0.39205     -0.0015412341711186772    
  0.3925     -0.0015427090192630735    
  0.39295     -0.0015441827787133003    
  0.3934     -0.0015456554477860651    
  0.39385000000000003     -0.0015471270247969238    
  0.39430000000000004     -0.001548597508059489    
  0.39475000000000005     -0.0015500668958863678    
  0.39520000000000005     -0.0015515351865883625    
  0.39565000000000006     -0.0015530023784752003    
  0.3961     -0.0015544684698545752    
  0.39655     -0.0015559334590333415    
  0.397     -0.0015573973443163136    
  0.39745     -0.0015588601240071678    
  0.39790000000000003     -0.001560321796408068    
  0.39835000000000004     -0.001561782359819415    
  0.39880000000000004     -0.001563241812540403    
  0.39925000000000005     -0.0015647001528687893    
  0.39970000000000006     -0.0015661573791006106    
  0.40015     -0.0015676134895305782    
  0.40060000000000007     -0.0015690684824519185    
  0.40105     -0.001570522356156262    
  0.4015     -0.001571975108933775    
  0.40195000000000003     -0.0015734267390730694    
  0.40240000000000004     -0.001574877244861675    
  0.40285000000000004     -0.00157632662458497    
  0.40330000000000005     -0.001577774876527313    
  0.40375000000000005     -0.0015792219989714112    
  0.4042     -0.0015806679901983894    
  0.40465000000000007     -0.001582112848488186    
  0.4051     -0.0015835565721188036    
  0.40555     -0.0015849991593669122    
  0.406     -0.0015864406085078428    
  0.40645000000000003     -0.0015878809178153305    
  0.40690000000000004     -0.0015893200855613202    
  0.40735000000000005     -0.0015907581100166462    
  0.40780000000000005     -0.0015921949894505474    
  0.40825     -0.0015936307221303958    
  0.40870000000000006     -0.0015950653063226683    
  0.40915     -0.0015964987402918365    
  0.4096     -0.0015979310223009427    
  0.41005     -0.001599362150611662    
  0.41050000000000003     -0.0016007921234839628    
  0.41095000000000004     -0.0016022209391765713    
  0.41140000000000004     -0.0016036485959463748    
  0.41185000000000005     -0.0016050750920487342    
  0.41230000000000006     -0.0016065004257380527    
  0.41275000000000006     -0.0016079245952663815    
  0.4132     -0.001609347598884911    
  0.41365     -0.0016107694348428958    
  0.4141     -0.0016121901013881612    
  0.41455000000000003     -0.0016136095967671307    
  0.41500000000000004     -0.0016150279192245626    
  0.41545000000000004     -0.0016164450670037855    
  0.41590000000000005     -0.0016178610383465186    
  0.41635000000000005     -0.0016192758314929334    
  0.41680000000000006     -0.001620689444681793    
  0.41725     -0.001622101876150077    
  0.4177     -0.001623513124133398    
  0.41815     -0.0016249231868658912    
  0.4186     -0.0016263320625800187    
  0.41905000000000003     -0.001627739749506682    
  0.41950000000000004     -0.0016291462458754291    
  0.41995000000000005     -0.0016305515499139417    
  0.42040000000000005     -0.0016319556598485413    
  0.42085000000000006     -0.0016333585739042172    
  0.4213     -0.001634760290304002    
  0.42175000000000007     -0.0016361608072695821    
  0.4222     -0.0016375601230211312    
  0.42265     -0.0016389582357772686    
  0.42310000000000003     -0.0016403551437547542    
  0.42355000000000004     -0.0016417508451690987    
  0.42400000000000004     -0.0016431453382345224    
  0.42445000000000005     -0.0016445386211630109    
  0.42490000000000006     -0.001645930692165412    
  0.42535     -0.0016473215494510474    
  0.42580000000000007     -0.0016487111912274477    
  0.42625     -0.0016500996157007147    
  0.4267     -0.0016514868210753542    
  0.42715000000000003     -0.0016528728055542896    
  0.42760000000000004     -0.0016542575673390153    
  0.42805000000000004     -0.0016556411046293185    
  0.42850000000000005     -0.0016570234156233488    
  0.42895000000000005     -0.0016584044985177987    
  0.4294     -0.001659784351507848    
  0.42985000000000007     -0.0016611629727870392    
  0.4303     -0.0016625403605471378    
  0.43075     -0.0016639165129786887    
  0.4312     -0.0016652914282704323    
  0.43165000000000003     -0.0016666651046096242    
  0.43210000000000004     -0.0016680375401817854    
  0.43255000000000005     -0.0016694087331710766    
  0.43300000000000005     -0.0016707786817599796    
  0.43345     -0.001672147384129366    
  0.43390000000000006     -0.0016735148384584009    
  0.43435     -0.0016748810429250138    
  0.4348     -0.0016762459957052472    
  0.43525     -0.0016776096949735891    
  0.43570000000000003     -0.001678972138903112    
  0.43615000000000004     -0.0016803333256650427    
  0.43660000000000004     -0.0016816932534292478    
  0.43705000000000005     -0.0016830519203639427    
  0.43750000000000006     -0.0016844093246355801    
  0.43795000000000006     -0.0016857654644091696    
  0.4384     -0.0016871203378481803    
  0.43885     -0.0016884739431143464    
  0.4393     -0.0016898262783679036    
  0.43975000000000003     -0.0016911773417673526    
  0.44020000000000004     -0.0016925271314699453    
  0.44065000000000004     -0.0016938756456306991    
  0.44110000000000005     -0.0016952228824036047    
  0.44155000000000005     -0.0016965688399408763    
  0.44200000000000006     -0.0016979135163930348    
  0.44245     -0.001699256909909061    
  0.44290000000000007     -0.0017005990186361453    
  0.44335     -0.0017019398407203679    
  0.44380000000000003     -0.0017032793743055746    
  0.44425000000000003     -0.0017046176175344735    
  0.44470000000000004     -0.001705954568547871    
  0.44515000000000005     -0.0017072902254851169    
  0.44560000000000005     -0.0017086245864839367    
  0.44605000000000006     -0.0017099576496803492    
  0.4465     -0.0017112894132087775    
  0.44695000000000007     -0.0017126198752021593    
  0.4474     -0.0017139490337916147    
  0.44785     -0.0017152768871066953    
  0.44830000000000003     -0.0017166034332754404    
  0.44875000000000004     -0.0017179286704243346    
  0.44920000000000004     -0.0017192525966779476    
  0.44965000000000005     -0.001720575210159267    
  0.45010000000000006     -0.0017218965089901006    
  0.45055     -0.0017232164912899667    
  0.45100000000000007     -0.0017245351551772037    
  0.45145     -0.0017258524987684987    
  0.4519     -0.0017271685201786513    
  0.45235000000000003     -0.0017284832175212123    
  0.45280000000000004     -0.0017297965889076367    
  0.45325000000000004     -0.0017311086324480751    
  0.45370000000000005     -0.001732419346250999    
  0.45415000000000005     -0.0017337287284230618    
  0.4546     -0.001735036777069543    
  0.45505000000000007     -0.001736343490294015    
  0.4555     -0.0017376488661983158    
  0.4559500000000001     -0.0017389529028825346    
  0.45640000000000003     -0.0017402555984454143    
  0.45685000000000003     -0.0017415569509838524    
  0.45730000000000004     -0.0017428569585932197    
  0.45775000000000005     -0.0017441556193671243    
  0.45820000000000005     -0.0017454529313975509    
  0.45865     -0.001746748892774902    
  0.45910000000000006     -0.0017480435015880674    
  0.45955     -0.0017493367559239803    
  0.4600000000000001     -0.00175062865386795    
  0.46045     -0.0017519191935039813    
  0.46090000000000003     -0.0017532083729140668    
  0.46135000000000004     -0.001754496190178756    
  0.46180000000000004     -0.001755782643376877    
  0.46225000000000005     -0.001757067730585496    
  0.4627     -0.0017583514498802216    
  0.46315000000000006     -0.0017596337993349837    
  0.4636     -0.0017609147770217964    
  0.4640500000000001     -0.001762194381011259    
  0.4645     -0.0017634726093724157    
  0.46495000000000003     -0.001764749460172188    
  0.46540000000000004     -0.0017660249314764842    
  0.46585000000000004     -0.001767299021348881    
  0.46630000000000005     -0.0017685717278518587    
  0.46675     -0.0017698430490458161    
  0.46720000000000006     -0.0017711129829898475    
  0.46765     -0.0017723815277408544    
  0.46810000000000007     -0.0017736486813548363    
  0.46855     -0.0017749144418854057    
  0.46900000000000003     -0.0017761788073848983    
  0.46945000000000003     -0.0017774417759039846    
  0.46990000000000004     -0.0017787033454913642    
  0.47035000000000005     -0.001779963514194266    
  0.47080000000000005     -0.0017812222800583921    
  0.47125000000000006     -0.0017824796411275434    
  0.4717     -0.0017837355954438694    
  0.47215000000000007     -0.0017849901410479652    
  0.4726     -0.0017862432759788022    
  0.4730500000000001     -0.0017874949982732424    
  0.47350000000000003     -0.0017887453059671349    
  0.47395000000000004     -0.0017899941970939692    
  0.47440000000000004     -0.0017912416696860833    
  0.47485000000000005     -0.0017924877217739138    
  0.47530000000000006     -0.001793732351386093    
  0.47575     -0.0017949755565499492    
  0.47620000000000007     -0.0017962173352906452    
  0.47665     -0.00179745768563222    
  0.4771000000000001     -0.001798696605596256    
  0.47755000000000003     -0.0017999340932034896    
  0.47800000000000004     -0.0018011701464724361    
  0.47845000000000004     -0.0018024047634200013    
  0.47890000000000005     -0.0018036379420617032    
  0.47935000000000005     -0.0018048696804109504    
  0.4798     -0.0018060999764797914    
  0.48025000000000007     -0.0018073288282781375    
  0.4807     -0.0018085562338148314    
  0.4811500000000001     -0.0018097821910965928    
  0.48160000000000003     -0.0018110066981284895    
  0.48205000000000003     -0.0018122297529141324    
  0.48250000000000004     -0.0018134513534550784    
  0.48295000000000005     -0.0018146714977515105    
  0.48340000000000005     -0.0018158901838017244    
  0.48385     -0.0018171074096024337    
  0.48430000000000006     -0.0018183231731484506    
  0.48475     -0.0018195374724331165    
  0.4852000000000001     -0.0018207503054479407    
  0.48565     -0.0018219616701831004    
  0.48610000000000003     -0.0018231715646262608    
  0.48655000000000004     -0.0018243799867641158    
  0.48700000000000004     -0.0018255869345814302    
  0.48745000000000005     -0.0018267924060610535    
  0.4879     -0.001827996399184531    
  0.48835000000000006     -0.001829198911931465    
  0.4888     -0.0018303999422797645    
  0.4892500000000001     -0.0018315994882054099    
  0.4897     -0.0018327975476833958    
  0.49015000000000003     -0.001833994118686122    
  0.49060000000000004     -0.0018351891991847114    
  0.49105000000000004     -0.0018363827871486355    
  0.49150000000000005     -0.0018375748805456865    
  0.49195000000000005     -0.0018387654773415196    
  0.49240000000000006     -0.0018399545755004854    
  0.49285     -0.0018411421729852967    
  0.49330000000000007     -0.0018423282677565572    
  0.49375     -0.0018435128577734966    
  0.4942000000000001     -0.0018446959409932767    
  0.49465000000000003     -0.0018458775153718243    
  0.49510000000000004     -0.0018470575788630261    
  0.49555000000000005     -0.001848236129419062    
  0.49600000000000005     -0.0018494131649903628    
  0.49645000000000006     -0.0018505886835257224    
  0.4969     -0.0018517626829724076    
  0.49735000000000007     -0.0018529351612756179    
  0.4978     -0.00185410611637922    
  0.4982500000000001     -0.001855275546224694    
  0.49870000000000003     -0.0018564434487525205    
  0.49915000000000004     -0.0018576098219011128    
  0.49960000000000004     -0.0018587746636072044    
  0.5000500000000001     -0.0018599379718058917    
  0.5005000000000001     -0.0018610997444301336    
  0.50095     -0.0018622599794119316    
  0.5014000000000001     -0.0018634186746808862    
  0.50185     -0.0018645758281650021    
  0.5023000000000001     -0.001865731437790924    
  0.50275     -0.0018668855014832286    
  0.5032000000000001     -0.0018680380171645639    
  0.50365     -0.001869188982756731    
  0.5041     -0.001870338396178367    
  0.50455     -0.0018714862553479428    
  0.505     -0.0018726325581809589    
  0.5054500000000001     -0.0018737773025920418    
  0.5059     -0.0018749204864934171    
  0.5063500000000001     -0.001876062107796131    
  0.5068     -0.0018772021644091058    
  0.50725     -0.001878340654239738    
  0.5077     -0.0018794775751936332    
  0.5081500000000001     -0.0018806129251746628    
  0.5086     -0.0018817467020847967    
  0.50905     -0.0018828789038245752    
  0.5095000000000001     -0.0018840095282926794    
  0.50995     -0.0018851385733859305    
  0.5104000000000001     -0.0018862660369994289    
  0.51085     -0.0018873919170267622    
  0.5113000000000001     -0.0018885162113595616    
  0.51175     -0.0018896389178877648    
  0.5122     -0.0018907600344997694    
  0.51265     -0.0018918795590817383    
  0.5131000000000001     -0.0018929974895186413    
  0.5135500000000001     -0.0018941138236932553    
  0.514     -0.0018952285594869833    
  0.5144500000000001     -0.0018963416947792855    
  0.5149     -0.0018974532274479566    
  0.5153500000000001     -0.0018985631553690707    
  0.5158     -0.0018996714764165784    
  0.5162500000000001     -0.001900778188463459    
  0.5167     -0.0019018832893801518    
  0.51715     -0.0019029867770359171    
  0.5176000000000001     -0.0019040886492977666    
  0.51805     -0.001905188904031449    
  0.5185000000000001     -0.0019062875391005624    
  0.51895     -0.0019073845523675248    
  0.5194000000000001     -0.0019084799416922565    
  0.51985     -0.0019095737049335398    
  0.5203     -0.0019106658399479226    
  0.52075     -0.001911756344590676    
  0.5212000000000001     -0.0019128452167149895    
  0.5216500000000001     -0.0019139324541723457    
  0.5221     -0.0019150180548127282    
  0.5225500000000001     -0.0019161020164839837    
  0.523     -0.0019171843370325292    
  0.5234500000000001     -0.0019182650143029917    
  0.5239     -0.0019193440461378192    
  0.5243500000000001     -0.0019204214303783912    
  0.5248     -0.0019214971648637835    
  0.52525     -0.0019225712474315038    
  0.5257000000000001     -0.0019236436759174497    
  0.52615     -0.0019247144481556178    
  0.5266000000000001     -0.0019257835619781172    
  0.52705     -0.001926851015215711    
  0.5275000000000001     -0.0019279168056969137    
  0.52795     -0.0019289809312488526    
  0.5284     -0.0019300433896967117    
  0.52885     -0.0019311041788640654    
  0.5293000000000001     -0.0019321632965723923    
  0.52975     -0.0019332207406417834    
  0.5302     -0.0019342765088906227    
  0.5306500000000001     -0.0019353305991349767    
  0.5311     -0.0019363830091900652    
  0.5315500000000001     -0.0019374337368682631    
  0.532     -0.0019384827799812793    
  0.5324500000000001     -0.0019395301363380885    
  0.5329     -0.0019405758037465692    
  0.53335     -0.001941619780012449    
  0.5338     -0.0019426620629401231    
  0.5342500000000001     -0.0019437026503318494    
  0.5347000000000001     -0.0019447415399881235    
  0.53515     -0.0019457787297077617    
  0.5356000000000001     -0.001946814217288026    
  0.53605     -0.0019478480005243326    
  0.5365     -0.00194888007721003    
  0.53695     -0.0019499104451370514    
  0.5374000000000001     -0.001950939102095428    
  0.53785     -0.0019519660458734156    
  0.5383     -0.0019529912742574512    
  0.5387500000000001     -0.0019540147850324457    
  0.5392     -0.0019550365759813115    
  0.5396500000000001     -0.001956056644885379    
  0.5401     -0.001957074989523813    
  0.5405500000000001     -0.0019580916076748223    
  0.541     -0.001959106497113894    
  0.54145     -0.001960119655615461    
  0.5419     -0.001961131080951903    
  0.5423500000000001     -0.0019621407708936417    
  0.5428000000000001     -0.0019631487232099065    
  0.54325     -0.0019641549356677057    
  0.5437000000000001     -0.0019651594060323546    
  0.54415     -0.001966162132067309    
  0.5446000000000001     -0.0019671631115346366    
  0.54505     -0.0019681623421942823    
  0.5455000000000001     -0.001969159821804664    
  0.54595     -0.0019701555481220767    
  0.5464     -0.0019711495189012745    
  0.5468500000000001     -0.0019721417318957074    
  0.5473     -0.00197313218485623    
  0.5477500000000001     -0.001974120875532323    
  0.5482     -0.001975107801671927    
  0.5486500000000001     -0.00197609296102072    
  0.5491     -0.001977076351322979    
  0.54955     -0.001978057970321065    
  0.55     -0.0019790378157558963    
  0.5504500000000001     -0.0019800158853659627    
  0.5509000000000001     -0.0019809921768885186    
  0.55135     -0.001981966688059014    
  0.5518000000000001     -0.001982939416611068    
  0.55225     -0.0019839103602761338    
  0.5527000000000001     -0.001984879516784735    
  0.55315     -0.001985846883864814    
  0.5536000000000001     -0.0019868124592429537    
  0.55405     -0.0019877762406439597    
  0.5545     -0.001988738225790973    
  0.55495     -0.001989698412404803    
  0.5554000000000001     -0.0019906567982053425    
  0.5558500000000001     -0.0019916133809100567    
  0.5563     -0.001992568158234828    
  0.5567500000000001     -0.0019935211278939574    
  0.5572     -0.001994472287599705    
  0.55765     -0.0019954216350627357    
  0.5581     -0.0019963691679919515    
  0.5585500000000001     -0.0019973148840944227    
  0.559     -0.0019982587810752767    
  0.55945     -0.0019992008566384473    
  0.5599000000000001     -0.002000141108485648    
  0.56035     -0.002001079534316566    
  0.5608000000000001     -0.002002016131829959    
  0.56125     -0.0020029508987219335    
  0.5617000000000001     -0.002003883832687542    
  0.56215     -0.0020048149314194075    
  0.5626000000000001     -0.0020057441926091962    
  0.56305     -0.0020066716139458124    
  0.5635000000000001     -0.0020075971931173553    
  0.5639500000000001     -0.0020085209278096483    
  0.5644000000000001     -0.0020094428157066413    
  0.5648500000000001     -0.0020103628544910213    
  0.5653     -0.0020112810418431437    
  0.5657500000000001     -0.002012197375442046    
  0.5662     -0.0020131118529648218    
  0.5666500000000001     -0.0020140244720866785    
  0.5671     -0.002014935230481296    
  0.5675500000000001     -0.0020158441258205373    
  0.5680000000000001     -0.002016751155774252    
  0.5684500000000001     -0.0020176563180108603    
  0.5689000000000001     -0.0020185596101969377    
  0.56935     -0.002019461029997102    
  0.5698000000000001     -0.002020360575074584    
  0.57025     -0.0020212582430903514    
  0.5707000000000001     -0.0020221540317039155    
  0.57115     -0.0020230479385733025    
  0.5716000000000001     -0.002023939961354179    
  0.5720500000000001     -0.0020248300977007277    
  0.5725000000000001     -0.0020257183452656174    
  0.5729500000000001     -0.002026604701699311    
  0.5734000000000001     -0.0020274891646508003    
  0.5738500000000001     -0.002028371731767273    
  0.5743     -0.0020292524006940843    
  0.5747500000000001     -0.002030131169075036    
  0.5752     -0.002031008034551751    
  0.5756500000000001     -0.0020318829947643946    
  0.5761000000000001     -0.0020327560473516887    
  0.5765500000000001     -0.002033627189950024    
  0.5770000000000001     -0.002034496420194043    
  0.5774500000000001     -0.0020353637357171245    
  0.5779000000000001     -0.0020362291341503858    
  0.57835     -0.0020370926131237643    
  0.5788000000000001     -0.0020379541702648662    
  0.57925     -0.00203881380319991    
  0.5797000000000001     -0.002039671509553073    
  0.58015     -0.0020405272869468555    
  0.5806000000000001     -0.0020413811330023818    
  0.5810500000000001     -0.0020422330453384596    
  0.5815000000000001     -0.002043083021572592    
  0.5819500000000001     -0.0020439310593201587    
  0.5824     -0.002044777156195124    
  0.5828500000000001     -0.0020456213098095644    
  0.5833     -0.0020464635177736834    
  0.5837500000000001     -0.002047303777696005    
  0.5842     -0.0020481420871836936    
  0.5846500000000001     -0.00204897844384129    
  0.5851000000000001     -0.0020498128452725584    
  0.5855500000000001     -0.0020506452890787785    
  0.5860000000000001     -0.0020514757728600924    
  0.58645     -0.002052304294214158    
  0.5869000000000001     -0.002053130850737578    
  0.58735     -0.0020539554400247767    
  0.5878000000000001     -0.002054778059668763    
  0.58825     -0.0020555987072606863    
  0.5887000000000001     -0.0020564173803897107    
  0.5891500000000001     -0.002057234076643641    
  0.5896000000000001     -0.00205804879360795    
  0.5900500000000001     -0.002058861528867084    
  0.5905     -0.0020596722800034634    
  0.5909500000000001     -0.0020604810445974953    
  0.5914     -0.0020612878202282275    
  0.5918500000000001     -0.0020620926044728066    
  0.5923     -0.0020628953949066997    
  0.5927500000000001     -0.0020636961891034866    
  0.5932000000000001     -0.002064494984635054    
  0.5936500000000001     -0.0020652917790718595    
  0.5941000000000001     -0.002066086569982001    
  0.5945500000000001     -0.002066879354932716    
  0.5950000000000001     -0.0020676701314885915    
  0.59545     -0.0020684588972130075    
  0.5959000000000001     -0.0020692456496676226    
  0.59635     -0.0020700303864119446    
  0.5968000000000001     -0.0020708131050041767    
  0.5972500000000001     -0.0020715938030008846    
  0.5977000000000001     -0.002072372477956372    
  0.5981500000000001     -0.002073149127423679    
  0.5986     -0.0020739237489538903    
  0.5990500000000001     -0.002074696340096327    
  0.5995     -0.0020754668983987423    
  0.5999500000000001     -0.0020762354214072243    
  0.6004     -0.0020770019066658624    
  0.6008500000000001     -0.002077766351717178    
  0.6013000000000001     -0.0020785287541023184    
  0.6017500000000001     -0.0020792891113595446    
  0.6022000000000001     -0.0020800474210267844    
  0.6026500000000001     -0.0020808036806395647    
  0.6031000000000001     -0.0020815578877317054    
  0.60355     -0.002082310039835486    
  0.6040000000000001     -0.002083060134481257    
  0.60445     -0.0020838081691978427    
  0.6049000000000001     -0.002084554141512124    
  0.60535     -0.0020852980489495243    
  0.6058000000000001     -0.0020860398890335113    
  0.6062500000000001     -0.0020867796592859006    
  0.6067000000000001     -0.0020875173572272587    
  0.6071500000000001     -0.002088252980375613    
  0.6076     -0.0020889865262478935    
  0.6080500000000001     -0.002089717992358839    
  0.6085     -0.0020904473762220627    
  0.6089500000000001     -0.002091174675349125    
  0.6094     -0.002091899887249768    
  0.6098500000000001     -0.002092623009432387    
  0.6103000000000001     -0.0020933440394031166    
  0.6107500000000001     -0.0020940629746669798    
  0.6112000000000001     -0.0020947798127271267    
  0.61165     -0.002095494551084695    
  0.6121000000000001     -0.002096207187239421    
  0.61255     -0.0020969177186893617    
  0.6130000000000001     -0.00209762614293052    
  0.61345     -0.0020983324574577605    
  0.6139000000000001     -0.0020990366597637145    
  0.6143500000000001     -0.0020997387473396523    
  0.6148000000000001     -0.0021004387176749434    
  0.6152500000000001     -0.002101136568257486    
  0.6157000000000001     -0.002101832296573264    
  0.6161500000000001     -0.0021025259001067748    
  0.6166     -0.0021032173763404494    
  0.6170500000000001     -0.002103906722755608    
  0.6175     -0.0021045939368312255    
  0.6179500000000001     -0.0021052790160451945    
  0.6184000000000001     -0.0021059619578733813    
  0.6188500000000001     -0.0021066427597900006    
  0.6193000000000001     -0.0021073214192675743    
  0.61975     -0.0021079979337770977    
  0.6202000000000001     -0.0021086723007877894    
  0.62065     -0.0021093445177668285    
  0.6211000000000001     -0.002110014582180353    
  0.62155     -0.002110682491492391    
  0.6220000000000001     -0.002111348243165695    
  0.6224500000000001     -0.0021120118346608235    
  0.6229000000000001     -0.002112673263436657    
  0.6233500000000001     -0.002113332526951159    
  0.6238000000000001     -0.002113989622659851    
  0.6242500000000001     -0.002114644548016742    
  0.6247     -0.0021152973004745917    
  0.6251500000000001     -0.002115947877483801    
  0.6256     -0.002116596276493618    
  0.6260500000000001     -0.002117242494951488    
  0.6265000000000001     -0.0021178865303032174    
  0.6269500000000001     -0.0021185283799928234    
  0.6274000000000001     -0.0021191680414628794    
  0.6278500000000001     -0.002119805512154113    
  0.6283000000000001     -0.00212044078950524    
  0.6287500000000001     -0.0021210738709546983    
  0.6292000000000001     -0.0021217047539370815    
  0.62965     -0.002122333435887483    
  0.6301000000000001     -0.002122959914238026    
  0.63055     -0.0021235841864197524    
  0.6310000000000001     -0.002124206249861496    
  0.6314500000000001     -0.0021248261019909814    
  0.6319000000000001     -0.0021254437402342397    
  0.6323500000000001     -0.002126059162015345    
  0.6328     -0.0021266723647570263    
  0.6332500000000001     -0.002127283345880124    
  0.6337     -0.0021278921028039105    
  0.6341500000000001     -0.0021284986329462435    
  0.6346     -0.002129102933723065    
  0.6350500000000001     -0.0021297050025487207    
  0.6355000000000001     -0.0021303048368361555    
  0.6359500000000001     -0.002130902433996315    
  0.6364000000000001     -0.0021314977914383693    
  0.6368500000000001     -0.0021320909065710575    
  0.6373000000000001     -0.0021326817768000522    
  0.63775     -0.0021332703995298186    
  0.6382000000000001     -0.002133856772163545    
  0.63865     -0.00213444089210256    
  0.6391000000000001     -0.0021350227567466795    
  0.6395500000000001     -0.0021356023634938187    
  0.6400000000000001     -0.002136179709740574    
  0.6404500000000001     -0.002136754792881876    
  0.6409     -0.0021373276103107963    
  0.6413500000000001     -0.002137898159419102    
  0.6418     -0.002138466437596534    
  0.6422500000000001     -0.002139032442231986    
  0.6427     -0.00213959617071198    
  0.6431500000000001     -0.002140157620421551    
  0.6436000000000001     -0.0021407167887446815    
  0.6440500000000001     -0.0021412736730628407    
  0.6445000000000001     -0.0021418282707567488    
  0.6449500000000001     -0.0021423805792051137    
  0.6454000000000001     -0.002142930595784978    
  0.64585     -0.002143478317872219    
  0.6463000000000001     -0.0021440237428403536    
  0.64675     -0.002144566868061984    
  0.6472000000000001     -0.0021451076909080047    
  0.6476500000000001     -0.0021456462087473815    
  0.6481000000000001     -0.0021461824189477896    
  0.6485500000000001     -0.0021467163188754607    
  0.6490000000000001     -0.002147247905894642    
  0.6494500000000001     -0.0021477771773680543    
  0.6499000000000001     -0.0021483041306571693    
  0.6503500000000001     -0.0021488287631214464    
  0.6508     -0.002149351072119235    
  0.6512500000000001     -0.0021498710550070105    
  0.6517000000000001     -0.002150388709139528    
  0.6521500000000001     -0.002150904031870557    
  0.6526000000000001     -0.0021514170205514938    
  0.6530500000000001     -0.0021519276725327358    
  0.6535000000000001     -0.002152435985163001    
  0.65395     -0.002152941955789328    
  0.6544000000000001     -0.002153445581757507    
  0.65485     -0.002153946860411149    
  0.6553000000000001     -0.00215444578909281    
  0.65575     -0.002154942365143339    
  0.6562000000000001     -0.002155436585902351    
  0.6566500000000001     -0.0021559284487071284    
  0.6571000000000001     -0.0021564179508942877    
  0.6575500000000001     -0.0021569050897981834    
  0.6580000000000001     -0.0021573898627522403    
  0.6584500000000001     -0.00215787226708776    
  0.6589     -0.0021583523001347804    
  0.6593500000000001     -0.002158829959222064    
  0.6598     -0.0021593052416765124    
  0.6602500000000001     -0.002159778144823099    
  0.6607000000000001     -0.0021602486659861447    
  0.6611500000000001     -0.002160716802487958    
  0.6616000000000001     -0.0021611825516491545    
  0.66205     -0.0021616459107892255    
  0.6625000000000001     -0.0021621068772257473    
  0.66295     -0.0021625654482751444    
  0.6634000000000001     -0.0021630216212522313    
  0.66385     -0.002163475393469866    
  0.6643000000000001     -0.002163926762239851    
  0.6647500000000001     -0.0021643757248722417    
  0.6652000000000001     -0.0021648222786762733    
  0.6656500000000001     -0.002165266420958628    
  0.6661000000000001     -0.002165708149024781    
  0.6665500000000001     -0.0021661474601794156    
  0.667     -0.002166584351724829    
  0.6674500000000001     -0.00216701882096193    
  0.6679     -0.0021674508651908786    
  0.6683500000000001     -0.0021678804817094194    
  0.6688000000000001     -0.0021683076678141316    
  0.6692500000000001     -0.002168732420800887    
  0.6697000000000001     -0.002169154737962517    
  0.6701500000000001     -0.0021695746165917573    
  0.6706000000000001     -0.002169992053978831    
  0.6710500000000001     -0.0021704070474133225    
  0.6715000000000001     -0.002170819594182735    
  0.67195     -0.002171229691573587    
  0.6724000000000001     -0.0021716373368704522    
  0.6728500000000001     -0.002172042527356713    
  0.6733000000000001     -0.002172445260314293    
  0.6737500000000001     -0.0021728455330234514    
  0.6742000000000001     -0.002173243342763073    
  0.6746500000000001     -0.002173638686810697    
  0.6751     -0.002174031562442391    
  0.6755500000000001     -0.002174421966932391    
  0.676     -0.0021748098975540864    
  0.6764500000000001     -0.0021751953515788958    
  0.6769000000000001     -0.002175578326277211    
  0.6773500000000001     -0.0021759588189176754    
  0.6778000000000001     -0.0021763368267673777    
  0.6782500000000001     -0.002176712347092616    
  0.6787000000000001     -0.0021770853771573145    
  0.6791500000000001     -0.0021774559142246908    
  0.6796000000000001     -0.002177823955556338    
  0.68005     -0.002178189498412017    
  0.6805000000000001     -0.0021785525400508654    
  0.68095     -0.0021789130777300075    
  0.6814000000000001     -0.0021792711087050692    
  0.6818500000000001     -0.002179626630230816    
  0.6823000000000001     -0.002179979639559723    
  0.6827500000000001     -0.0021803301339439057    
  0.6832     -0.002180678110633036    
  0.6836500000000001     -0.002181023566876397    
  0.6841     -0.0021813664999210114    
  0.6845500000000001     -0.00218170690701279    
  0.685     -0.002182044785396242    
  0.6854500000000001     -0.00218238013231499    
  0.6859000000000001     -0.002182712945010365    
  0.6863500000000001     -0.002183043220722658    
  0.6868000000000001     -0.0021833709566910636    
  0.6872500000000001     -0.002183696150153097    
  0.6877000000000001     -0.0021840187983450526    
  0.68815     -0.00218433889850142    
  0.6886000000000001     -0.002184656447856023    
  0.68905     -0.0021849714436410067    
  0.6895000000000001     -0.0021852838830865307    
  0.6899500000000001     -0.002185593763422325    
  0.6904000000000001     -0.002185901081876329    
  0.6908500000000001     -0.002186205835675012    
  0.6913     -0.0021865080220435235    
  0.6917500000000001     -0.002186807638206084    
  0.6922000000000001     -0.0021871046813850548    
  0.6926500000000001     -0.002187399148801339    
  0.6931     -0.0021876910376749797    
  0.6935500000000001     -0.002187980345224702    
  0.6940000000000001     -0.002188267068667288    
  0.6944500000000001     -0.0021885512052187694    
  0.6949000000000001     -0.0021888327520932643    
  0.6953500000000001     -0.0021891117065041266    
  0.6958000000000001     -0.002189388065663364    
  0.69625     -0.002189661826781014    
  0.6967000000000001     -0.0021899329870664896    
  0.69715     -0.0021902015437278155    
  0.6976000000000001     -0.002190467493970963    
  0.6980500000000001     -0.0021907308350013893    
  0.6985000000000001     -0.002190991564023151    
  0.6989500000000001     -0.002191249678238666    
  0.6994     -0.0021915051748491593    
  0.6998500000000001     -0.002191758051054704    
  0.7003000000000001     -0.0021920083040537497    
  0.7007500000000001     -0.0021922559310440376    
  0.7012     -0.0021925009292214637    
  0.7016500000000001     -0.0021927432957807996    
  0.7021000000000001     -0.002192983027915499    
  0.7025500000000001     -0.0021932201228178627    
  0.7030000000000001     -0.002193454577678833    
  0.7034500000000001     -0.0021936863896881986    
  0.7039000000000001     -0.002193915556034362    
  0.70435     -0.0021941420739040735    
  0.7048000000000001     -0.0021943659404838334    
  0.7052500000000002     -0.002194587152957783    
  0.7057000000000001     -0.002194805708509273    
  0.70615     -0.002195021604320724    
  0.7066000000000001     -0.0021952348375725572    
  0.7070500000000001     -0.0021954454054447375    
  0.7075000000000001     -0.0021956533051153554    
  0.7079500000000001     -0.0021958585337617242    
  0.7084000000000001     -0.002196061088559839    
  0.7088500000000001     -0.0021962609666839883    
  0.7093     -0.0021964581653075577    
  0.7097500000000001     -0.0021966526816031423    
  0.7102     -0.00219684451274145    
  0.7106500000000001     -0.0021970336558922027    
  0.7111000000000001     -0.002197220108223874    
  0.7115500000000001     -0.002197403866903952    
  0.7120000000000001     -0.002197584929098259    
  0.71245     -0.0021977632919720075    
  0.7129000000000001     -0.002197938952688827    
  0.7133500000000002     -0.0021981119084110295    
  0.7138000000000001     -0.0021982821562999827    
  0.71425     -0.0021984496935157777    
  0.7147000000000001     -0.002198614517217465    
  0.7151500000000001     -0.002198776624562776    
  0.7156000000000001     -0.002198936012708208    
  0.7160500000000001     -0.0021990926788090642    
  0.7165000000000001     -0.002199246620019621    
  0.7169500000000001     -0.0021993978334931413    
  0.7174     -0.00219954631638114    
  0.7178500000000001     -0.00219969206583448    
  0.7183     -0.002199835079002732    
  0.7187500000000001     -0.0021999753530342475    
  0.7192000000000001     -0.0022001128850765855    
  0.7196500000000001     -0.0022002476722751962    
  0.7201000000000001     -0.0022003797117756685    
  0.72055     -0.0022005090007217315    
  0.7210000000000001     -0.002200635536255921    
  0.7214500000000001     -0.002200759315519829    
  0.7219000000000001     -0.0022008803356540763    
  0.72235     -0.002200998593797507    
  0.7228000000000001     -0.0022011140870887153    
  0.7232500000000001     -0.0022012268126647555    
  0.7237000000000001     -0.0022013367676616408    
  0.7241500000000001     -0.0022014439492141352    
  0.7246000000000001     -0.002201548354455782    
  0.7250500000000001     -0.002201649980519693    
  0.7255     -0.0022017488245372197    
  0.7259500000000001     -0.002201844883638948    
  0.7264000000000002     -0.0022019381549539946    
  0.7268500000000001     -0.0022020286356110863    
  0.7273000000000001     -0.002202116322737091    
  0.7277500000000001     -0.002202201213458238    
  0.7282000000000001     -0.0022022833048996604    
  0.7286500000000001     -0.002202362594185478    
  0.7291000000000001     -0.0022024390784386033    
  0.7295500000000001     -0.0022025127547810885    
  0.7300000000000001     -0.0022025836203332233    
  0.73045     -0.00220265167221545    
  0.7309000000000001     -0.0022027169075465036    
  0.7313500000000001     -0.0022027793234434684    
  0.7318000000000001     -0.0022028389170238444    
  0.7322500000000001     -0.00220289568540262    
  0.7327000000000001     -0.002202949625694617    
  0.7331500000000001     -0.002203000735013616    
  0.7336     -0.002203049010472205    
  0.7340500000000001     -0.002203094449181764    
  0.7345000000000002     -0.0022031370482528123    
  0.7349500000000001     -0.0022031768047948846    
  0.7354     -0.0022032137159168214    
  0.7358500000000001     -0.002203247778725881    
  0.7363000000000001     -0.0022032789903286415    
  0.7367500000000001     -0.002203307347830849    
  0.7372000000000001     -0.0022033328483368197    
  0.7376500000000001     -0.0022033554889504953    
  0.7381000000000001     -0.002203375266774249    
  0.73855     -0.0022033921789095523    
  0.7390000000000001     -0.0022034062224577516    
  0.73945     -0.002203417394517959    
  0.7399000000000001     -0.002203425692189148    
  0.7403500000000001     -0.002203431112568946    
  0.7408000000000001     -0.0022034336527546328    
  0.7412500000000001     -0.0022034333098418374    
  0.7417     -0.002203430080925675    
  0.7421500000000001     -0.002203423963099957    
  0.7426000000000001     -0.0022034149534581188    
  0.7430500000000001     -0.0022034030490921536    
  0.7435     -0.002203388247093291    
  0.7439500000000001     -0.0022033705445520524    
  0.7444000000000001     -0.0022033499385578637    
  0.7448500000000001     -0.002203326426199151    
  0.7453000000000001     -0.002203300004563674    
  0.7457500000000001     -0.002203270670738    
  0.7462000000000001     -0.0022032384218082512    
  0.74665     -0.002203203254858982    
  0.7471000000000001     -0.002203165166974802    
  0.7475500000000002     -0.002203124155238642    
  0.7480000000000001     -0.002203080216732517    
  0.7484500000000001     -0.00220303334853833    
  0.7489000000000001     -0.0022029835477364867    
  0.7493500000000001     -0.0022029308114066976    
  0.7498000000000001     -0.0022028751366276744    
  0.7502500000000001     -0.002202816520478046    
  0.7507000000000001     -0.002202754960034428    
  0.7511500000000001     -0.002202690452373479    
  0.7516     -0.002202622994570483    
  0.7520500000000001     -0.0022025525837002097    
  0.7525000000000001     -0.0022024792168365143    
  0.7529500000000001     -0.0022024028910524324    
  0.7534000000000001     -0.0022023236034200006    
  0.7538500000000001     -0.002202241351011089    
  0.7543000000000001     -0.0022021561308959575    
  0.75475     -0.0022020679401444504    
  0.7552000000000001     -0.002201976775825662    
  0.7556500000000002     -0.002201882635007854    
  0.7561000000000001     -0.0022017855147583865    
  0.7565500000000001     -0.0022016854121439805    
  0.7570000000000001     -0.0022015823242302612    
  0.7574500000000001     -0.0022014762480826733    
  0.7579000000000001     -0.0022013671807654678    
  0.7583500000000001     -0.0022012551193420216    
  0.7588000000000001     -0.0022011400608755727    
  0.7592500000000001     -0.0022010220024280686    
  0.7597     -0.0022009009410605546    
  0.7601500000000001     -0.0022007768738341593    
  0.7606     -0.0022006497978082767    
  0.7610500000000001     -0.0022005197100424256    
  0.7615000000000001     -0.002200386607594876    
  0.7619500000000001     -0.0022002504875233697    
  0.7624000000000001     -0.0022001113468848865    
  0.76285     -0.0021999691827355172    
  0.7633000000000001     -0.0021998239921311724    
  0.7637500000000002     -0.0021996757721266524    
  0.7642000000000001     -0.002199524519776272    
  0.76465     -0.0021993702321333325    
  0.7651000000000001     -0.0021992129062508303    
  0.7655500000000001     -0.002199052539180832    
  0.7660000000000001     -0.0021988891279749456    
  0.7664500000000001     -0.0021987226696839196    
  0.7669000000000001     -0.0021985531613578913    
  0.7673500000000001     -0.002198380600046651    
  0.7678     -0.0021982049827989764    
  0.7682500000000001     -0.0021980263066628675    
  0.7687000000000002     -0.0021978445686861164    
  0.7691500000000001     -0.002197659765915641    
  0.7696000000000001     -0.0021974718953980954    
  0.7700500000000001     -0.0021972809541786764    
  0.7705000000000001     -0.002197086939302928    
  0.7709500000000001     -0.0021968898478153115    
  0.7714000000000001     -0.0021966896767594557    
  0.7718500000000001     -0.002196486423179156    
  0.7723000000000001     -0.0021962800841165975    
  0.77275     -0.002196070656614285    
  0.7732000000000001     -0.002195858137713655    
  0.7736500000000001     -0.002195642524455907    
  0.7741000000000001     -0.002195423813881117    
  0.7745500000000001     -0.002195202003029348    
  0.7750000000000001     -0.00219497708893987    
  0.7754500000000001     -0.0021947490686513166    
  0.7759     -0.0021945179392021674    
  0.7763500000000001     -0.0021942836976297786    
  0.7768000000000002     -0.002194046340971631    
  0.7772500000000001     -0.0021938058662640675    
  0.7777000000000001     -0.0021935622705432783    
  0.7781500000000001     -0.002193315550844857    
  0.7786000000000001     -0.0021930657042036755    
  0.7790500000000001     -0.0021928127276546194    
  0.7795000000000001     -0.0021925566182315614    
  0.7799500000000001     -0.0021922973729680967    
  0.7804000000000001     -0.0021920349888974455    
  0.78085     -0.0021917694630520235    
  0.7813000000000001     -0.002191500792464024    
  0.7817500000000001     -0.002191228974165113    
  0.7822000000000001     -0.002190954005186707    
  0.7826500000000001     -0.0021906758825590428    
  0.7831000000000001     -0.0021903946033132726    
  0.7835500000000001     -0.0021901101644782733    
  0.784     -0.0021898225630840873    
  0.7844500000000001     -0.0021895317961596605    
  0.7849000000000002     -0.0021892378607333285    
  0.7853500000000001     -0.0021889407538335376    
  0.7858     -0.0021886404724876934    
  0.7862500000000001     -0.0021883370137233266    
  0.7867000000000001     -0.0021880303745676344    
  0.7871500000000001     -0.002187720552046468    
  0.7876000000000001     -0.0021874075431867757    
  0.7880500000000001     -0.0021870913450137835    
  0.7885000000000001     -0.0021867719545530795    
  0.78895     -0.002186449368829599    
  0.7894000000000001     -0.0021861235848682353    
  0.7898500000000002     -0.0021857945996928696    
  0.7903000000000001     -0.0021854624103279374    
  0.7907500000000001     -0.0021851270137970003    
  0.7912     -0.0021847884071229118    
  0.79165     -0.00218444658732897    
  0.7921     -0.0021841015514378476    
  0.79255     -0.002183753296471816    
  0.793     -0.002183401819452646    
  0.79345     -0.0021830471174023036    
  0.7939     -0.00218268918734231    
  0.79435     -0.0021823280262932704    
  0.7948000000000001     -0.0021819636312763735    
  0.79525     -0.0021815959993121137    
  0.7957     -0.002181225127420708    
  0.79615     -0.0021808510126223174    
  0.7966     -0.002180473651936507    
  0.79705     -0.0021800930423828274    
  0.7975     -0.002179709180980538    
  0.79795     -0.002179322064748912    
  0.7984     -0.0021789316907063483    
  0.7988500000000001     -0.0021785380558714124    
  0.7993     -0.0021781411572629195    
  0.79975     -0.002177740991898408    
  0.8002     -0.0021773375567961384    
  0.80065     -0.0021769308489738015    
  0.8011     -0.002176520865448936    
  0.80155     -0.002176107603238858    
  0.802     -0.0021756910593608153    
  0.80245     -0.0021752712308316657    
  0.8029000000000001     -0.002174848114668157    
  0.80335     -0.002174421707887314    
  0.8038000000000001     -0.0021739920075056207    
  0.80425     -0.002173559010539061    
  0.8047     -0.002173122714004383    
  0.80515     -0.0021726831149175146    
  0.8056     -0.002172240210294496    
  0.80605     -0.002171793997151089    
  0.8065     -0.002171344472503056    
  0.8069500000000001     -0.0021708916333662287    
  0.8074     -0.002170435476756216    
  0.8078500000000001     -0.002169975999688434    
  0.8083     -0.002169513199178255    
  0.80875     -0.002169047072241012    
  0.8092     -0.002168577615891995    
  0.80965     -0.0021681048271465497    
  0.8101     -0.002167628703019897    
  0.81055     -0.0021671492405266196    
  0.811     -0.002166666436682424    
  0.81145     -0.0021661802885020176    
  0.8119000000000001     -0.002165690793000649    
  0.81235     -0.0021651979471932065    
  0.8128     -0.0021647017480947023    
  0.81325     -0.002164202192720316    
  0.8137     -0.002163699278084713    
  0.81415     -0.002163193001203073    
  0.8146     -0.00216268335909052    
  0.81505     -0.0021621703487622046    
  0.8155     -0.0021616539672330987    
  0.8159500000000001     -0.0021611342115182702    
  0.8164     -0.0021606110786330512    
  0.81685     -0.0021600845655928985    
  0.8173     -0.002159554669412589    
  0.81775     -0.002159021387107926    
  0.8182     -0.0021584847156942977    
  0.81865     -0.0021579446521872575    
  0.8191     -0.0021574011936026094    
  0.81955     -0.002156854336956046    
  0.8200000000000001     -0.00215630407926333    
  0.82045     -0.0021557504175404307    
  0.8209     -0.002155193348803486    
  0.82135     -0.0021546328700689094    
  0.8218     -0.0021540689783529354    
  0.82225     -0.0021535016706722004    
  0.8227     -0.0021529309440433686    
  0.82315     -0.002152356795483104    
  0.8236     -0.0021517792220088067    
  0.8240500000000001     -0.002151198220637418    
  0.8245     -0.0021506137883862964    
  0.8249500000000001     -0.002150025922273341    
  0.8254     -0.002149434619315868    
  0.82585     -0.0021488398765322075    
  0.8263     -0.002148241690940453    
  0.82675     -0.0021476400595593498    
  0.8272     -0.0021470349794070753    
  0.82765     -0.0021464264475030137    
  0.8281000000000001     -0.0021458144608657997    
  0.82855     -0.002145199016515248    
  0.829     -0.002144580111471006    
  0.82945     -0.0021439577427528472    
  0.8299     -0.0021433319073812795    
  0.83035     -0.0021427026023767143    
  0.8308     -0.0021420698247599512    
  0.83125     -0.0021414335715519567    
  0.8317     -0.0021407938397745296    
  0.8321500000000001     -0.0021401506264491776    
  0.8326     -0.002139503928598019    
  0.8330500000000001     -0.002138853743243671    
  0.8335     -0.0021382000674086965    
  0.83395     -0.002137542898116143    
  0.8344     -0.002136882232389642    
  0.83485     -0.002136218067253004    
  0.8353     -0.0021355503997307484    
  0.83575     -0.0021348792268470473    
  0.8362     -0.0021342045456272107    
  0.83665     -0.0021335263530965487    
  0.8371000000000001     -0.0021328446462808154    
  0.83755     -0.0021321594222065005    
  0.838     -0.002131470677899955    
  0.83845     -0.0021307784103884314    
  0.8389     -0.0021300826166993497    
  0.83935     -0.0021293832938612256    
  0.8398     -0.0021286804389018116    
  0.84025     -0.0021279740488503174    
  0.8407     -0.002127264120736369    
  0.8411500000000001     -0.0021265506515897176    
  0.8416     -0.002125833638440669    
  0.84205     -0.002125113078320015    
  0.8425     -0.002124388968259408    
  0.84295     -0.0021236613052906805    
  0.8434     -0.0021229300864461925    
  0.84385     -0.0021221953087590534    
  0.8443     -0.0021214569692626223    
  0.84475     -0.002120715064990869    
  0.8452000000000001     -0.0021199695929792067    
  0.84565     -0.0021192205502617717    
  0.8461000000000001     -0.0021184679338749485    
  0.84655     -0.00211771174085483    
  0.847     -0.0021169519682388005    
  0.84745     -0.0021161886130642293    
  0.8479     -0.0021154216723691943    
  0.84835     -0.0021146511431927306    
  0.8488     -0.002113877022573929    
  0.8492500000000001     -0.0021130993075531707    
  0.8497     -0.0021123179951712534    
  0.85015     -0.0021115330824693357    
  0.8506     -0.0021107445664894364    
  0.85105     -0.00210995244427456    
  0.8515     -0.002109156712867946    
  0.85195     -0.0021083573693135987    
  0.8524     -0.0021075544106563676    
  0.85285     -0.0021067478339420326    
  0.8533000000000001     -0.002105937636216554    
  0.85375     -0.0021051238145270157    
  0.8542000000000001     -0.002104306365921127    
  0.85465     -0.002103485287447193    
  0.8551     -0.002102660576154769    
  0.85555     -0.002101832229093173    
  0.856     -0.002101000243313847    
  0.85645     -0.0021001646158678167    
  0.8569     -0.0020993253438078285    
  0.8573500000000001     -0.002098482424186518    
  0.8578     -0.0020976358540580192    
  0.8582500000000001     -0.002096785630477327    
  0.8587     -0.002095931750499491    
  0.8591500000000001     -0.0020950742111814774    
  0.8596     -0.00209421300958014    
  0.86005     -0.00209334814275354    
  0.8605     -0.002092479607761058    
  0.86095     -0.002091607401662171    
  0.8614     -0.0020907315215174666    
  0.86185     -0.0020898519643891555    
  0.8623000000000001     -0.0020889687273393104    
  0.86275     -0.0020880818074313773    
  0.8632     -0.002087191201729871    
  0.86365     -0.0020862969072997367    
  0.8641     -0.0020853989212076124    
  0.86455     -0.0020844972405205248    
  0.865     -0.002083591862306375    
  0.86545     -0.002082682783634368    
  0.8659     -0.0020817700015749036    
  0.8663500000000001     -0.002080853513198505    
  0.8668     -0.002079933315577362    
  0.8672500000000001     -0.002079009405784732    
  0.8677     -0.00207808178089465    
  0.86815     -0.0020771504379818173    
  0.8686     -0.0020762153741227946    
  0.86905     -0.002075276586394545    
  0.8695     -0.0020743340718753778    
  0.86995     -0.0020733878276443657    
  0.8704000000000001     -0.002072437850781886    
  0.87085     -0.002071484138369592    
  0.8713     -0.0020705266874897627    
  0.87175     -0.002069565495226147    
  0.8722     -0.002068600558663411    
  0.87265     -0.002067631874887288    
  0.8731     -0.002066659440985011    
  0.87355     -0.002065683254044548    
  0.874     -0.002064703311154978    
  0.8744500000000001     -0.0020637196094070304    
  0.8749     -0.002062732145892185    
  0.8753500000000001     -0.002061740917703239    
  0.8758     -0.0020607459219339347    
  0.87625     -0.002059747155679456    
  0.8767     -0.0020587446160365286    
  0.87715     -0.0020577383001023353    
  0.8776     -0.0020567282049756552    
  0.87805     -0.00205571432775678    
  0.8785000000000001     -0.0020546966655468346    
  0.87895     -0.002053675215448428    
  0.8794000000000001     -0.0020526499745655846    
  0.87985     -0.0020516209400028573    
  0.8803000000000001     -0.002050588108866963    
  0.88075     -0.002049551478265743    
  0.8812     -0.0020485110453079547    
  0.88165     -0.0020474668071036872    
  0.8821     -0.0020464187607645845    
  0.8825500000000001     -0.002045366903404136    
  0.883     -0.0020443112321362616    
  0.8834500000000001     -0.0020432517440763798    
  0.8839     -0.002042188436341963    
  0.88435     -0.002041121306051455    
  0.8848     -0.00204005035032416    
  0.88525     -0.0020389755662816728    
  0.8857     -0.002037896951046489    
  0.88615     -0.0020368145017427425    
  0.8866     -0.002035728215495497    
  0.88705     -0.002034638089432189    
  0.8875000000000001     -0.0020335441206807    
  0.88795     -0.002032446306371019    
  0.8884000000000001     -0.002031344643634539    
  0.88885     -0.0020302391296037614    
  0.8893     -0.002029129761413187    
  0.88975     -0.0020280165361982183    
  0.8902     -0.0020268994510963395    
  0.89065     -0.0020257785032462144    
  0.8911     -0.002024653689788339    
  0.8915500000000001     -0.0020235250078645267    
  0.892     -0.002022392454617869    
  0.89245     -0.0020212560271937324    
  0.8929     -0.0020201157227385386    
  0.89335     -0.0020189715384001383    
  0.8938     -0.0020178234713288112    
  0.89425     -0.0020166715186752393    
  0.8947     -0.0020155156775928246    
  0.89515     -0.0020143559452358434    
  0.8956000000000001     -0.0020131923187608897    
  0.89605     -0.0020120247953254455    
  0.8965000000000001     -0.002010853372089186    
  0.89695     -0.002009678046213298    
  0.8974     -0.0020084988148608013    
  0.89785     -0.0020073156751956173    
  0.8983     -0.002006128624384901    
  0.89875     -0.002004937659596112    
  0.8992     -0.002003742777999029    
  0.8996500000000001     -0.0020025439767650394    
  0.9001     -0.0020013412530672098    
  0.9005500000000001     -0.0020001346040808554    
  0.901     -0.001998924026982332    
  0.9014500000000001     -0.001997709518950258    
  0.9019     -0.001996491077164833    
  0.90235     -0.001995268698808131    
  0.9028     -0.0019940423810641122    
  0.90325     -0.0019928121211185285    
  0.9037000000000001     -0.0019915779161583935    
  0.90415     -0.0019903397633737607    
  0.9046000000000001     -0.001989097659955516    
  0.90505     -0.0019878516030964744    
  0.9055     -0.001986601589992004    
  0.90595     -0.0019853476178391116    
  0.9064     -0.0019840896838360933    
  0.90685     -0.0019828277851837023    
  0.9073     -0.0019815619190845235    
  0.9077500000000001     -0.001980292082743404    
  0.9082     -0.001979018273366398    
  0.9086500000000001     -0.00197774048816185    
  0.9091     -0.0019764587243403797    
  0.9095500000000001     -0.0019751729791144534    
  0.91     -0.0019738832496981606    
  0.91045     -0.001972589533307492    
  0.9109     -0.0019712918271614505    
  0.91135     -0.001969990128480037    
  0.9118     -0.0019686844344856402    
  0.91225     -0.0019673747424027582    
  0.9127000000000001     -0.001966061049457707    
  0.91315     -0.001964743352879328    
  0.9136     -0.0019634216498980034    
  0.91405     -0.0019620959377466413    
  0.9145     -0.0019607662136597176    
  0.91495     -0.001959432474874387    
  0.9154     -0.0019580947186301073    
  0.91585     -0.0019567529421669755    
  0.9163     -0.001955407142729404    
  0.9167500000000001     -0.0019540573175622494    
  0.9172     -0.0019527034639132829    
  0.9176500000000001     -0.0019513455790325096    
  0.9181     -0.0019499836601719195    
  0.91855     -0.0019486177045851122    
  0.919     -0.0019472477095294621    
  0.91945     -0.0019458736722627323    
  0.9199     -0.0019444955900467104    
  0.92035     -0.0019431134601441968    
  0.9208000000000001     -0.0019417272798200325    
  0.92125     -0.0019403370463427078    
  0.9217     -0.0019389427569816292    
  0.92215     -0.0019375444090090482    
  0.9226000000000001     -0.0019361419996999085    
  0.92305     -0.0019347355263307081    
  0.9235     -0.0019333249861810953    
  0.92395     -0.0019319103765319257    
  0.9244     -0.0019304916946679407    
  0.9248500000000001     -0.001929068937874659    
  0.9253     -0.0019276421034411656    
  0.9257500000000001     -0.0019262111886580863    
  0.9262     -0.0019247761908188915    
  0.92665     -0.0019233371072200356    
  0.9271     -0.001921893935159097    
  0.92755     -0.0019204466719370539    
  0.928     -0.0019189953148571054    
  0.92845     -0.0019175398612247402    
  0.9289000000000001     -0.0019160803083480005    
  0.92935     -0.001914616653537482    
  0.9298     -0.0019131488941061398    
  0.93025     -0.0019116770273696487    
  0.9307000000000001     -0.001910201050646057    
  0.93115     -0.0019087209612561745    
  0.9316     -0.0019072367565225595    
  0.93205     -0.0019057484337715314    
  0.9325     -0.0019042559903309497    
  0.9329500000000001     -0.0019027594235317968    
  0.9334     -0.0019012587307074558    
  0.9338500000000001     -0.0018997539091941545    
  0.9343     -0.0018982449563305775    
  0.93475     -0.0018967318694573937    
  0.9352     -0.0018952146459194213    
  0.9356500000000001     -0.001893693283062256    
  0.9361     -0.0018921677782361285    
  0.93655     -0.0018906381287921714    
  0.937     -0.0018891043320853201    
  0.93745     -0.001887566385472661    
  0.9379000000000001     -0.0018860242863145    
  0.93835     -0.0018844780319731969    
  0.9388000000000001     -0.0018829276198142342    
  0.93925     -0.001881373047206314    
  0.9397     -0.0018798143115199423    
  0.94015     -0.0018782514101286923    
  0.9406     -0.0018766843404096761    
  0.94105     -0.0018751130997419346    
  0.9415     -0.0018735376855073677    
  0.9419500000000001     -0.0018719580950913722    
  0.9424     -0.0018703743258813577    
  0.94285     -0.0018687863752678974    
  0.9433     -0.001867194240644951    
  0.9437500000000001     -0.0018655979194082406    
  0.9442     -0.0018639974089576239    
  0.94465     -0.0018623927066947488    
  0.9451     -0.0018607838100250518    
  0.94555     -0.00185917071635619    
  0.9460000000000001     -0.001857553423099595    
  0.94645     -0.0018559319276683223    
  0.9469000000000001     -0.0018543062274795213    
  0.94735     -0.0018526763199532004    
  0.9478     -0.0018510422025120044    
  0.94825     -0.001849403872581215    
  0.9487     -0.0018477613275903748    
  0.94915     -0.0018461145649706773    
  0.9496     -0.0018444635821571742    
  0.9500500000000001     -0.001842808376587679    
  0.9505     -0.0018411489457031416    
  0.95095     -0.0018394852869475092    
  0.9514     -0.001837817397767852    
  0.9518500000000001     -0.0018361452756143204    
  0.9523     -0.001834468917940188    
  0.95275     -0.0018327883222017394    
  0.9532     -0.0018311034858586456    
  0.95365     -0.0018294144063736723    
  0.9541000000000001     -0.0018277210812123468    
  0.95455     -0.0018260235078440545    
  0.9550000000000001     -0.0018243216837407206    
  0.95545     -0.0018226156063775867    
  0.9559     -0.0018209052732342107    
  0.95635     -0.0018191906817910525    
  0.9568000000000001     -0.001817471829533901    
  0.95725     -0.0018157487139511957    
  0.9577     -0.0018140213325338883    
  0.9581500000000001     -0.0018122896827774404    
  0.9586     -0.0018105537621798257    
  0.9590500000000001     -0.0018088135682421402    
  0.9595     -0.0018070690984694493    
  0.9599500000000001     -0.0018053203503697185    
  0.9604     -0.0018035673214544523    
  0.96085     -0.0018018100092382222    
  0.9613     -0.0018000484112393605    
  0.96175     -0.0017982825249791001    
  0.9622     -0.0017965123479826012    
  0.96265     -0.0017947378777781464    
  0.9631000000000001     -0.0017929591118970994    
  0.96355     -0.0017911760478749317    
  0.964     -0.0017893886832498762    
  0.96445     -0.001787597015564274    
  0.9649000000000001     -0.0017858010423639076    
  0.96535     -0.001784000761196794    
  0.9658     -0.0017821961696166816    
  0.96625     -0.0017803872651783736    
  0.9667     -0.001778574045442044    
  0.9671500000000001     -0.0017767565079703923    
  0.9676     -0.0017749346503302538    
  0.9680500000000001     -0.0017731084700916694    
  0.9685     -0.001771277964828441    
  0.96895     -0.001769443132117729    
  0.9694     -0.0017676039695404544    
  0.96985     -0.0017657604746812022    
  0.9703     -0.0017639126451278603    
  0.97075     -0.0017620604784726601    
  0.9712000000000001     -0.0017602039723106921    
  0.97165     -0.001758343124240988    
  0.9721     -0.0017564779318666596    
  0.97255     -0.0017546083927937745    
  0.9730000000000001     -0.0017527345046325776    
  0.97345     -0.0017508562649970055    
  0.9739     -0.0017489736715049636    
  0.97435     -0.0017470867217771885    
  0.9748     -0.0017451954134393294    
  0.9752500000000001     -0.001743299744119589    
  0.9757     -0.0017413997114514856    
  0.9761500000000001     -0.0017394953130712154    
  0.9766     -0.0017375865466188745    
  0.97705     -0.001735673409738292    
  0.9775     -0.0017337559000780989    
  0.9779500000000001     -0.0017318340152896877    
  0.9784     -0.0017299077530283508    
  0.97885     -0.0017279771109544595    
  0.9793000000000001     -0.0017260420867302312    
  0.97975     -0.0017241026780245167    
  0.9802000000000001     -0.0017221588825072076    
  0.98065     -0.0017202106978542048    
  0.9811000000000001     -0.00171825812174424    
  0.98155     -0.0017163011518605692    
  0.982     -0.0017143397858905979    
  0.98245     -0.0017123740215244376    
  0.9829     -0.0017104038564577095    
  0.9833500000000001     -0.0017084292883895041    
  0.9838     -0.001706450315022534    
  0.9842500000000001     -0.0017044669340643276    
  0.9847     -0.0017024791432256187    
  0.98515     -0.0017004869402218736    
  0.9856     -0.0016984903227725279    
  0.9860500000000001     -0.0016964892886007082    
  0.9865     -0.0016944838354340103    
  0.98695     -0.0016924739610036932    
  0.9874     -0.0016904596630462204    
  0.98785     -0.0016884409393009003    
  0.9883000000000001     -0.0016864177875116765    
  0.98875     -0.0016843902054276272    
  0.9892000000000001     -0.0016823581908001067    
  0.98965     -0.001680321741386409    
  0.9901     -0.0016782808549472283    
  0.99055     -0.0016762355292474357    
  0.991     -0.0016741857620564543    
  0.99145     -0.0016721315511481621    
  0.9919     -0.0016700728942999343    
  0.9923500000000001     -0.0016680097892940587    
  0.9928     -0.0016659422339166535    
  0.99325     -0.0016638702259588745    
  0.9937     -0.0016617937632156105    
  0.9941500000000001     -0.0016597128434863856    
  0.9946     -0.001657627464574582    
  0.99505     -0.0016555376242885222    
  0.9955     -0.0016534433204405952    
  0.99595     -0.0016513445508478941    
  0.9964000000000001     -0.0016492413133315648    
  0.99685     -0.0016471336057170688    
  0.9973000000000001     -0.0016450214258346557    
  0.99775     -0.0016429047715194045    
  0.9982     -0.001640783640609697    
  0.99865     -0.0016386580309491888    
  0.9991000000000001     -0.0016365279403861566    
  0.99955     -0.0016343933667729155    
  1.     -0.0016322543079664992   
