  0.10045000000000001     0.9927789487235221    
  0.1009     0.992779515583337    
  0.10135000000000001     0.9927800849840437    
  0.1018     0.9927806569257362    
  0.10225000000000001     0.9927812314085093    
  0.1027     0.9927818084324563    
  0.10315     0.9927823879976734    
  0.10360000000000001     0.9927829701042559    
  0.10405     0.9927835547522976    
  0.10450000000000001     0.9927841419418968    
  0.10495     0.9927847316731491    
  0.10540000000000001     0.9927853239461502    
  0.10585     0.9927859187609995    
  0.1063     0.9927865161177931    
  0.10675000000000001     0.9927871160166297    
  0.1072     0.9927877184576066    
  0.10765000000000001     0.9927883234408235    
  0.1081     0.9927889309663791    
  0.10855000000000001     0.9927895410343736    
  0.10900000000000001     0.9927901536449067    
  0.10945     0.9927907687980768    
  0.10990000000000001     0.992791386493987    
  0.11035     0.9927920067327363    
  0.11080000000000001     0.992792629514427    
  0.11125     0.9927932548391609    
  0.11170000000000001     0.9927938827070399    
  0.11215     0.9927945131181665    
  0.1126     0.9927951460726434    
  0.11305000000000001     0.9927957815705747    
  0.1135     0.9927964196120629    
  0.11395000000000001     0.9927970601972116    
  0.1144     0.9927977033261265    
  0.11485000000000001     0.9927983489989113    
  0.11530000000000001     0.9927989972156708    
  0.11575     0.9927996479765112    
  0.11620000000000001     0.9928003012815377    
  0.11665     0.9928009571308581    
  0.11710000000000001     0.9928016155245762    
  0.11755000000000002     0.992802276462801    
  0.11800000000000001     0.9928029399456386    
  0.11845     0.9928036059731961    
  0.1189     0.9928042745455841    
  0.11935000000000001     0.9928049456629087    
  0.1198     0.9928056193252783    
  0.12025000000000001     0.9928062955328041    
  0.1207     0.9928069742855931    
  0.12115000000000001     0.9928076555837566    
  0.12160000000000001     0.9928083394274042    
  0.12205     0.9928090258166475    
  0.12250000000000001     0.9928097147515957    
  0.12295     0.9928104062323606    
  0.12340000000000001     0.9928111002590543    
  0.12385000000000002     0.9928117968317884    
  0.12430000000000001     0.9928124959506752    
  0.12475     0.9928131976158263    
  0.1252     0.9928139018273567    
  0.12565     0.9928146085853786    
  0.12610000000000002     0.9928153178900065    
  0.12655     0.9928160297413534    
  0.127     0.9928167441395345    
  0.12745     0.9928174610846643    
  0.1279     0.9928181805768572    
  0.12835000000000002     0.9928189026162295    
  0.1288     0.9928196272028981    
  0.12925     0.9928203543369775    
  0.1297     0.9928210840185849    
  0.13015000000000002     0.9928218162478377    
  0.1306     0.9928225510248503    
  0.13105     0.9928232883497439    
  0.1315     0.9928240282226357    
  0.13195     0.9928247706436416    
  0.13240000000000002     0.9928255156128836    
  0.13285000000000002     0.9928262631304781    
  0.1333     0.9928270131965453    
  0.13375     0.9928277658112047    
  0.1342     0.9928285209745765    
  0.13465     0.9928292786867825    
  0.1351     0.9928300389479396    
  0.13555     0.992830801758172    
  0.136     0.9928315671175998    
  0.13645000000000002     0.9928323350263457    
  0.13690000000000002     0.9928331054845314    
  0.13735     0.9928338784922788    
  0.1378     0.9928346540497106    
  0.13825     0.99283543215695    
  0.13870000000000002     0.9928362128141205    
  0.13915     0.9928369960213467    
  0.1396     0.9928377817787507    
  0.14005     0.9928385700864588    
  0.1405     0.9928393609445938    
  0.14095000000000002     0.992840154353283    
  0.14140000000000003     0.9928409503126502    
  0.14185     0.9928417488228227    
  0.1423     0.9928425498839253    
  0.14275000000000002     0.992843353496083    
  0.1432     0.9928441596594265    
  0.14365     0.9928449683740797    
  0.1441     0.9928457796401702    
  0.14455     0.9928465934578273    
  0.14500000000000002     0.9928474098271783    
  0.14545000000000002     0.9928482287483507    
  0.1459     0.9928490502214744    
  0.14635     0.9928498742466774    
  0.1468     0.9928507008240908    
  0.14725000000000002     0.9928515299538427    
  0.1477     0.9928523616360633    
  0.14815     0.9928531958708835    
  0.1486     0.9928540326584325    
  0.14905000000000002     0.9928548719988437    
  0.14950000000000002     0.9928557138922465    
  0.14995     0.9928565583387735    
  0.1504     0.9928574053385559    
  0.15085     0.9928582548917257    
  0.15130000000000002     0.9928591069984174    
  0.15175     0.992859961658762    
  0.1522     0.9928608188728925    
  0.15265     0.9928616786409441    
  0.1531     0.9928625409630488    
  0.15355000000000002     0.9928634058393426    
  0.15400000000000003     0.9928642732699582    
  0.15445     0.9928651432550324    
  0.1549     0.9928660157946976    
  0.15535000000000002     0.992866890889091    
  0.1558     0.9928677685383487    
  0.15625     0.9928686487426053    
  0.1567     0.9928695315019984    
  0.15715     0.9928704168166635    
  0.15760000000000002     0.9928713046867381    
  0.15805000000000002     0.99287219511236    
  0.1585     0.9928730880936665    
  0.15895     0.9928739836307945    
  0.15940000000000001     0.9928748817238833    
  0.15985000000000002     0.99287578237307    
  0.1603     0.9928766855784947    
  0.16075     0.9928775913402963    
  0.1612     0.9928784996586144    
  0.16165000000000002     0.9928794105335876    
  0.16210000000000002     0.9928803239653571    
  0.16255000000000003     0.9928812399540617    
  0.163     0.9928821584998431    
  0.16345     0.9928830796028418    
  0.16390000000000002     0.9928840032632011    
  0.16435     0.9928849294810579    
  0.1648     0.9928858582565574    
  0.16525     0.9928867895898407    
  0.16570000000000001     0.9928877234810507    
  0.16615000000000002     0.9928886599303295    
  0.16660000000000003     0.9928895989378195    
  0.16705000000000003     0.9928905405036652    
  0.1675     0.9928914846280095    
  0.16795000000000002     0.9928924313109968    
  0.1684     0.9928933805527682    
  0.16885     0.9928943323534719    
  0.1693     0.9928952867132517    
  0.16975     0.9928962436322516    
  0.17020000000000002     0.992897203110617    
  0.17065000000000002     0.9928981651484943    
  0.17110000000000003     0.9928991297460282    
  0.17155     0.9929000969033652    
  0.17200000000000001     0.9929010666206521    
  0.17245     0.992902038898035    
  0.1729     0.99290301373566    
  0.17335     0.9929039911336756    
  0.1738     0.99290497109223    
  0.17425000000000002     0.9929059536114697    
  0.17470000000000002     0.992906938691543    
  0.17515000000000003     0.992907926332599    
  0.1756     0.9929089165347846    
  0.17605     0.9929099092982505    
  0.17650000000000002     0.9929109046231442    
  0.17695     0.9929119025096163    
  0.1774     0.9929129029578162    
  0.17785     0.9929139059678942    
  0.17830000000000001     0.9929149115399987    
  0.17875000000000002     0.9929159196742832    
  0.17920000000000003     0.9929169303708967    
  0.17965000000000003     0.99291794362999    
  0.1801     0.9929189594517152    
  0.18055000000000002     0.9929199778362231    
  0.181     0.9929209987836667    
  0.18145     0.9929220222941966    
  0.1819     0.992923048367966    
  0.18235     0.9929240770051285    
  0.18280000000000002     0.9929251082058359    
  0.18325000000000002     0.9929261419702408    
  0.18370000000000003     0.9929271782984972    
  0.18415     0.9929282171907592    
  0.18460000000000001     0.9929292586471805    
  0.18505000000000002     0.992930302667915    
  0.1855     0.9929313492531169    
  0.18595     0.9929323984029415    
  0.1864     0.9929334501175441    
  0.18685000000000002     0.9929345043970783    
  0.18730000000000002     0.9929355612417008    
  0.18775000000000003     0.9929366206515673    
  0.18820000000000003     0.9929376826268337    
  0.18865     0.9929387471676561    
  0.18910000000000002     0.9929398142741901    
  0.18955     0.9929408839465941    
  0.19     0.9929419561850243    
  0.19045     0.9929430309896379    
  0.19090000000000001     0.992944108360591    
  0.19135000000000002     0.9929451882980427    
  0.19180000000000003     0.9929462708021504    
  0.19225000000000003     0.9929473558730737    
  0.1927     0.9929484435109699    
  0.19315000000000002     0.9929495337159963    
  0.1936     0.9929506264883143    
  0.19405     0.9929517218280812    
  0.1945     0.992952819735457    
  0.19495     0.9929539202106015    
  0.19540000000000002     0.9929550232536737    
  0.19585000000000002     0.9929561288648354    
  0.19630000000000003     0.9929572370442459    
  0.19675     0.9929583477920642    
  0.19720000000000001     0.9929594611084531    
  0.19765000000000002     0.9929605769935728    
  0.1981     0.9929616954475857    
  0.19855     0.9929628164706508    
  0.199     0.9929639400629318    
  0.19945000000000002     0.9929650662245904    
  0.19990000000000002     0.9929661949557882    
  0.20035000000000003     0.9929673262566869    
  0.20080000000000003     0.9929684601274504    
  0.20125     0.992969596568241    
  0.20170000000000002     0.9929707355792214    
  0.20215     0.992971877160556    
  0.2026     0.9929730213124072    
  0.20305     0.9929741680349384    
  0.20350000000000001     0.9929753173283137    
  0.20395000000000002     0.992976469192699    
  0.20440000000000003     0.9929776236282554    
  0.20485000000000003     0.9929787806351493    
  0.2053     0.9929799402135465    
  0.20575000000000002     0.9929811023636097    
  0.20620000000000002     0.9929822670855049    
  0.20665     0.9929834343793982    
  0.2071     0.9929846042454551    
  0.20755     0.9929857766838402    
  0.20800000000000002     0.992986951694721    
  0.20845000000000002     0.9929881292782625    
  0.20890000000000003     0.9929893094346323    
  0.20935000000000004     0.992990492163996    
  0.20980000000000001     0.9929916774665208    
  0.21025000000000002     0.9929928653423742    
  0.2107     0.9929940557917223    
  0.21115     0.9929952488147331    
  0.2116     0.9929964444115752    
  0.21205000000000002     0.992997642582415    
  0.21250000000000002     0.9929988433274202    
  0.21295000000000003     0.993000046646761    
  0.21340000000000003     0.9930012525406045    
  0.21385     0.9930024610091198    
  0.21430000000000002     0.9930036720524742    
  0.21475     0.9930048856708391    
  0.2152     0.993006101864381    
  0.21565     0.9930073206332706    
  0.21610000000000001     0.9930085419776784    
  0.21655000000000002     0.9930097658977733    
  0.21700000000000003     0.9930109923937253    
  0.21745000000000003     0.9930122214657036    
  0.2179     0.9930134531138795    
  0.21835000000000002     0.9930146873384234    
  0.21880000000000002     0.9930159241395055    
  0.21925     0.9930171635172973    
  0.2197     0.9930184054719687    
  0.22015     0.9930196500036921    
  0.22060000000000002     0.9930208971126373    
  0.22105000000000002     0.9930221467989785    
  0.22150000000000003     0.993023399062885    
  0.22195000000000004     0.9930246539045285    
  0.22240000000000001     0.9930259113240836    
  0.22285000000000002     0.9930271713217208    
  0.2233     0.9930284338976102    
  0.22375     0.9930296990519298    
  0.2242     0.9930309667848471    
  0.22465000000000002     0.9930322370965383    
  0.22510000000000002     0.9930335099871743    
  0.22555000000000003     0.9930347854569307    
  0.226     0.9930360635059778    
  0.22645     0.9930373441344917    
  0.22690000000000002     0.9930386273426457    
  0.22735000000000002     0.9930399131306128    
  0.22780000000000003     0.9930412014985683    
  0.22825     0.9930424924466843    
  0.22870000000000001     0.9930437859751367    
  0.22915000000000002     0.9930450820840997    
  0.22960000000000003     0.9930463807737472    
  0.23005     0.993047682044256    
  0.2305     0.9930489858957982    
  0.23095000000000002     0.9930502923285514    
  0.23140000000000002     0.99305160134269    
  0.23185000000000003     0.993052912938388    
  0.2323     0.9930542271158229    
  0.23275     0.9930555438751694    
  0.23320000000000002     0.9930568632166038    
  0.23365000000000002     0.9930581851403013    
  0.23410000000000003     0.9930595096464389    
  0.23455     0.9930608367351915    
  0.23500000000000001     0.9930621664067372    
  0.23545000000000002     0.9930634986612512    
  0.23590000000000003     0.9930648334989108    
  0.23635     0.9930661709198921    
  0.2368     0.9930675109243734    
  0.23725000000000002     0.9930688535125305    
  0.23770000000000002     0.9930701986845405    
  0.23815000000000003     0.9930715464405822    
  0.2386     0.9930728967808309    
  0.23905     0.9930742497054659    
  0.23950000000000002     0.993075605214664    
  0.23995000000000002     0.9930769633086032    
  0.24040000000000003     0.9930783239874617    
  0.24085     0.9930796872514168    
  0.24130000000000001     0.9930810531006481    
  0.24175000000000002     0.9930824215353327    
  0.24220000000000003     0.9930837925556488    
  0.24265000000000003     0.9930851661617757    
  0.2431     0.9930865423538919    
  0.24355000000000002     0.9930879211321764    
  0.24400000000000002     0.993089302496807    
  0.24445000000000003     0.9930906864479645    
  0.2449     0.9930920729858266    
  0.24535     0.9930934621105727    
  0.24580000000000002     0.9930948538223823    
  0.24625000000000002     0.9930962481214352    
  0.24670000000000003     0.9930976450079093    
  0.24715     0.9930990444819872    
  0.24760000000000001     0.9931004465438455    
  0.24805000000000002     0.9931018511936667    
  0.24850000000000003     0.9931032584316282    
  0.24895000000000003     0.9931046682579117    
  0.2494     0.9931060806726973    
  0.24985000000000002     0.993107495676165    
  0.2503     0.9931089132684947    
  0.25075000000000003     0.9931103334498674    
  0.2512     0.9931117562204619    
  0.25165000000000004     0.9931131815804621    
  0.2521     0.9931146095300463    
  0.25255000000000005     0.9931160400693948    
  0.253     0.9931174731986897    
  0.25345     0.9931189089181124    
  0.2539     0.9931203472278431    
  0.25435     0.9931217881280624    
  0.2548     0.9931232316189524    
  0.25525000000000003     0.9931246777006953    
  0.25570000000000004     0.9931261263734698    
  0.25615     0.9931275776374596    
  0.25660000000000005     0.9931290314928438    
  0.25705     0.9931304879398068    
  0.2575     0.99313194697853    
  0.25795     0.9931334086091927    
  0.2584     0.9931348728319789    
  0.25885     0.9931363396470689    
  0.25930000000000003     0.9931378090546461    
  0.25975000000000004     0.9931392810548909    
  0.2602     0.9931407556479872    
  0.26065000000000005     0.9931422328341153    
  0.2611     0.9931437126134597    
  0.26155000000000006     0.9931451949861994    
  0.262     0.9931466799525199    
  0.26245     0.9931481675126024    
  0.2629     0.9931496576666285    
  0.26335000000000003     0.9931511504147816    
  0.26380000000000003     0.9931526457572435    
  0.26425     0.9931541436941982    
  0.26470000000000005     0.9931556442258265    
  0.26515     0.9931571473523112    
  0.26560000000000006     0.9931586530738372    
  0.26605     0.9931601613905848    
  0.2665     0.9931616723027381    
  0.26695     0.993163185810479    
  0.2674     0.993164701913992    
  0.26785000000000003     0.9931662206134584    
  0.2683     0.9931677419090624    
  0.26875000000000004     0.9931692658009864    
  0.2692     0.9931707922894126    
  0.26965000000000006     0.9931723213745256    
  0.2701     0.9931738530565084    
  0.27055     0.9931753873355433    
  0.271     0.9931769242118146    
  0.27145     0.9931784636855034    
  0.27190000000000003     0.9931800057567949    
  0.27235     0.9931815504258721    
  0.27280000000000004     0.993183097692917    
  0.27325     0.9931846475581148    
  0.27370000000000005     0.9931862000216476    
  0.27415     0.9931877550836985    
  0.2746     0.9931893127444515    
  0.27505     0.9931908730040908    
  0.2755     0.9931924358627975    
  0.27595000000000003     0.9931940013207567    
  0.27640000000000003     0.9931955693781512    
  0.27685000000000004     0.9931971400351651    
  0.2773     0.9931987132919813    
  0.27775000000000005     0.9932002891487839    
  0.2782     0.9932018676057545    
  0.27865     0.9932034486630783    
  0.2791     0.9932050323209392    
  0.27955     0.9932066185795186    
  0.28     0.9932082074390016    
  0.28045000000000003     0.9932097988995712    
  0.28090000000000004     0.9932113929614104    
  0.28135     0.9932129896247042    
  0.28180000000000005     0.993214588889633    
  0.28225     0.9932161907563828    
  0.28270000000000006     0.993217795225138    
  0.28315     0.9932194022960785    
  0.2836     0.99322101196939    
  0.28405     0.9932226242452541    
  0.28450000000000003     0.9932242391238568    
  0.28495000000000004     0.993225856605381    
  0.2854     0.9932274766900078    
  0.28585000000000005     0.9932290993779216    
  0.2863     0.9932307246693068    
  0.28675000000000006     0.9932323525643452    
  0.2872     0.9932339830632206    
  0.28765     0.9932356161661153    
  0.2881     0.9932372518732145    
  0.28855000000000003     0.9932388901847006    
  0.28900000000000003     0.9932405311007557    
  0.28945     0.9932421746215627    
  0.28990000000000005     0.9932438207473067    
  0.29035     0.9932454694781682    
  0.29080000000000006     0.9932471208143319    
  0.29125     0.9932487747559802    
  0.2917     0.9932504313032955    
  0.29215     0.9932520904564617    
  0.2926     0.993253752215661    
  0.29305000000000003     0.9932554165810759    
  0.2935     0.9932570835528887    
  0.29395000000000004     0.993258753131284    
  0.2944     0.9932604253164421    
  0.29485000000000006     0.9932621001085465    
  0.2953     0.9932637775077793    
  0.29575     0.9932654575143245    
  0.2962     0.9932671401283628    
  0.29665     0.9932688253500761    
  0.29710000000000003     0.9932705131796482    
  0.29755000000000004     0.9932722036172603    
  0.29800000000000004     0.9932738966630945    
  0.29845     0.9932755923173329    
  0.29890000000000005     0.9932772905801588    
  0.29935     0.993278991451753    
  0.2998     0.9932806949322959    
  0.30025     0.9932824010219721    
  0.3007     0.9932841097209605    
  0.30115000000000003     0.993285821029444    
  0.30160000000000003     0.9932875349476057    
  0.30205000000000004     0.9932892514756246    
  0.3025     0.9932909706136832    
  0.30295000000000005     0.9932926923619622    
  0.3034     0.9932944167206432    
  0.30385000000000006     0.9932961436899068    
  0.3043     0.9932978732699348    
  0.30475     0.9932996054609088    
  0.3052     0.9933013402630075    
  0.30565000000000003     0.9933030776764129    
  0.30610000000000004     0.9933048177013052    
  0.30655     0.9933065603378655    
  0.30700000000000005     0.9933083055862729    
  0.30745     0.9933100534467108    
  0.30790000000000006     0.9933118039193554    
  0.30835     0.9933135570043896    
  0.3088     0.9933153127019918    
  0.30925     0.9933170710123438    
  0.30970000000000003     0.9933188319356239    
  0.31015000000000004     0.9933205954720115    
  0.3106     0.9933223616216871    
  0.31105000000000005     0.993324130384831    
  0.3115     0.9933259017616201    
  0.31195000000000006     0.9933276757522349    
  0.3124     0.9933294523568555    
  0.31285     0.9933312315756586    
  0.3133     0.9933330134088254    
  0.31375000000000003     0.9933347978565329    
  0.31420000000000003     0.99333658491896    
  0.31465     0.993338374596286    
  0.31510000000000005     0.9933401668886876    
  0.31555     0.9933419617963453    
  0.31600000000000006     0.9933437593194356    
  0.31645     0.9933455594581375    
  0.3169     0.9933473622126259    
  0.31735     0.9933491675830812    
  0.3178     0.9933509755696799    
  0.31825000000000003     0.993352786172601    
  0.31870000000000004     0.9933545993920185    
  0.31915000000000004     0.9933564152281131    
  0.3196     0.9933582336810582    
  0.32005000000000006     0.9933600547510324    
  0.3205     0.9933618784382119    
  0.32095     0.9933637047427744    
  0.3214     0.9933655336648923    
  0.32185     0.9933673652047468    
  0.32230000000000003     0.9933691993625107    
  0.32275000000000004     0.9933710361383605    
  0.32320000000000004     0.9933728755324716    
  0.32365     0.9933747175450192    
  0.32410000000000005     0.9933765621761803    
  0.32455     0.9933784094261271    
  0.32500000000000007     0.9933802592950367    
  0.32545     0.9933821117830843    
  0.3259     0.9933839668904421    
  0.32635000000000003     0.9933858246172853    
  0.32680000000000003     0.9933876849637893    
  0.32725000000000004     0.9933895479301278    
  0.3277     0.9933914135164733    
  0.32815000000000005     0.9933932817230007    
  0.3286     0.9933951525498836    
  0.32905000000000006     0.9933970259972935    
  0.3295     0.9933989020654059    
  0.32995     0.9934007807543921    
  0.3304     0.9934026620644258    
  0.33085000000000003     0.9934045459956777    
  0.33130000000000004     0.9934064325483221    
  0.33175000000000004     0.9934083217225296    
  0.33220000000000005     0.9934102135184728    
  0.33265     0.993412107936323    
  0.3331     0.9934140049762523    
  0.33355     0.9934159046384311    
  0.334     0.9934178069230306    
  0.33445     0.9934197118302226    
  0.33490000000000003     0.9934216193601761    
  0.33535000000000004     0.9934235295130635    
  0.33580000000000004     0.9934254422890529    
  0.33625000000000005     0.9934273576883141    
  0.33670000000000005     0.9934292757110179    
  0.33715     0.9934311963573349    
  0.3376     0.9934331196274315    
  0.33805     0.9934350455214789    
  0.3385     0.9934369740396445    
  0.33895000000000003     0.9934389051820991    
  0.33940000000000003     0.9934408389490091    
  0.33985000000000004     0.9934427753405414    
  0.34030000000000005     0.9934447143568661    
  0.34075000000000005     0.9934466559981504    
  0.3412     0.9934486002645602    
  0.34165     0.993450547156264    
  0.3421     0.9934524966734286    
  0.34255     0.9934544488162194    
  0.343     0.9934564035848035    
  0.34345000000000003     0.9934583609793474    
  0.34390000000000004     0.9934603210000164    
  0.34435000000000004     0.9934622836469762    
  0.34480000000000005     0.9934642489203913    
  0.34525000000000006     0.9934662168204271    
  0.3457     0.9934681873472506    
  0.34615     0.9934701605010218    
  0.3466     0.993472136281909    
  0.34705     0.9934741146900733    
  0.34750000000000003     0.9934760957256807    
  0.34795000000000004     0.9934780793888937    
  0.34840000000000004     0.9934800656798729    
  0.34885000000000005     0.9934820545987861    
  0.34930000000000005     0.9934840461457919    
  0.34975     0.9934860403210533    
  0.3502     0.9934880371247332    
  0.35065     0.9934900365569924    
  0.3511     0.9934920386179931    
  0.35155000000000003     0.9934940433078954    
  0.35200000000000004     0.9934960506268609    
  0.35245000000000004     0.9934980605750496    
  0.35290000000000005     0.9935000731526225    
  0.35335000000000005     0.993502088359738    
  0.3538     0.993504106196557    
  0.35425     0.9935061266632377    
  0.3547     0.99350814975994    
  0.35515     0.9935101754868225    
  0.3556     0.993512203844042    
  0.35605000000000003     0.9935142348317588    
  0.35650000000000004     0.9935162684501289    
  0.35695000000000005     0.9935183046993106    
  0.35740000000000005     0.9935203435794606    
  0.35785     0.9935223850907358    
  0.3583     0.9935244292332917    
  0.35875     0.9935264760072852    
  0.3592     0.9935285254128734    
  0.35965     0.9935305774502079    
  0.36010000000000003     0.9935326321194476    
  0.36055000000000004     0.993534689420744    
  0.36100000000000004     0.9935367493542551    
  0.36145000000000005     0.9935388119201317    
  0.3619     0.9935408771185286    
  0.36235000000000006     0.9935429449496007    
  0.3628     0.993545015413498    
  0.36325     0.9935470885103755    
  0.3637     0.9935491642403846    
  0.36415000000000003     0.9935512426036777    
  0.36460000000000004     0.9935533236004048    
  0.36505000000000004     0.9935554072307191    
  0.36550000000000005     0.9935574934947704    
  0.36595000000000005     0.9935595823927096    
  0.36640000000000006     0.993561673924687    
  0.36685     0.9935637680908515    
  0.3673     0.993565864891352    
  0.36775     0.9935679643263395    
  0.3682     0.993570066395961    
  0.36865000000000003     0.9935721711003653    
  0.36910000000000004     0.9935742784397004    
  0.36955000000000005     0.9935763884141123    
  0.37000000000000005     0.9935785010237506    
  0.37045000000000006     0.993580616268761    
  0.3709     0.9935827341492878    
  0.37135     0.9935848546654792    
  0.3718     0.9935869778174802    
  0.37225     0.9935891036054361    
  0.37270000000000003     0.9935912320294891    
  0.37315000000000004     0.9935933630897877    
  0.37360000000000004     0.9935954967864733    
  0.37405000000000005     0.9935976331196896    
  0.37450000000000006     0.99359977208958    
  0.37495     0.9936019136962858    
  0.3754     0.9936040579399517    
  0.37585     0.9936062048207168    
  0.3763     0.9936083543387262    
  0.37675000000000003     0.9936105064941172    
  0.37720000000000004     0.9936126612870319    
  0.37765000000000004     0.9936148187176097    
  0.37810000000000005     0.993616978785991    
  0.37855000000000005     0.9936191414923161    
  0.379     0.9936213068367219    
  0.37945     0.9936234748193471    
  0.3799     0.9936256454403295    
  0.38035     0.9936278186998089    
  0.3808     0.9936299945979196    
  0.38125000000000003     0.993632173134799    
  0.38170000000000004     0.9936343543105843    
  0.38215000000000005     0.9936365381254098    
  0.38260000000000005     0.993638724579412    
  0.38305     0.9936409136727242    
  0.38350000000000006     0.9936431054054816    
  0.38395     0.9936452997778189    
  0.3844     0.9936474967898686    
  0.38485     0.9936496964417627    
  0.38530000000000003     0.993651898733636    
  0.38575000000000004     0.9936541036656189    
  0.38620000000000004     0.9936563112378427    
  0.38665000000000005     0.9936585214504392    
  0.38710000000000006     0.9936607343035391    
  0.38755000000000006     0.9936629497972715    
  0.388     0.9936651679317665    
  0.38845     0.9936673887071544    
  0.3889     0.9936696121235626    
  0.38935000000000003     0.9936718381811193    
  0.38980000000000004     0.9936740668799517    
  0.39025000000000004     0.9936762982201885    
  0.39070000000000005     0.9936785322019545    
  0.39115000000000005     0.9936807688253777    
  0.39160000000000006     0.9936830080905816    
  0.39205     0.9936852499976934    
  0.3925     0.9936874945468366    
  0.39295     0.9936897417381345    
  0.3934     0.9936919915717135    
  0.39385000000000003     0.9936942440476944    
  0.39430000000000004     0.9936964991661998    
  0.39475000000000005     0.9936987569273517    
  0.39520000000000005     0.9937010173312735    
  0.39565000000000006     0.9937032803780839    
  0.3961     0.993705546067904    
  0.39655     0.9937078144008532    
  0.397     0.9937100853770529    
  0.39745     0.9937123589966212    
  0.39790000000000003     0.9937146352596747    
  0.39835000000000004     0.9937169141663325    
  0.39880000000000004     0.9937191957167117    
  0.39925000000000005     0.9937214799109296    
  0.39970000000000006     0.9937237667490999    
  0.40015     0.9937260562313415    
  0.40060000000000007     0.9937283483577672    
  0.40105     0.9937306431284918    
  0.4015     0.9937329405436296    
  0.40195000000000003     0.9937352406032929    
  0.40240000000000004     0.9937375433075963    
  0.40285000000000004     0.9937398486566507    
  0.40330000000000005     0.9937421566505673    
  0.40375000000000005     0.9937444672894578    
  0.4042     0.9937467805734328    
  0.40465000000000007     0.9937490965026023    
  0.4051     0.9937514150770747    
  0.40555     0.9937537362969587    
  0.406     0.9937560601623638    
  0.40645000000000003     0.9937583866733964    
  0.40690000000000004     0.9937607158301638    
  0.40735000000000005     0.993763047632772    
  0.40780000000000005     0.9937653820813273    
  0.40825     0.9937677191759333    
  0.40870000000000006     0.9937700589166962    
  0.40915     0.9937724013037199    
  0.4096     0.9937747463371068    
  0.41005     0.9937770940169584    
  0.41050000000000003     0.993779444343381    
  0.41095000000000004     0.9937817973164715    
  0.41140000000000004     0.9937841529363329    
  0.41185000000000005     0.9937865112030653    
  0.41230000000000006     0.9937888721167683    
  0.41275000000000006     0.99379123567754    
  0.4132     0.9937936018854797    
  0.41365     0.9937959707406853    
  0.4141     0.9937983422432516    
  0.41455000000000003     0.9938007163932784    
  0.41500000000000004     0.9938030931908581    
  0.41545000000000004     0.9938054726360877    
  0.41590000000000005     0.9938078547290615    
  0.41635000000000005     0.9938102394698731    
  0.41680000000000006     0.9938126268586158    
  0.41725     0.9938150168953821    
  0.4177     0.9938174095802627    
  0.41815     0.9938198049133508    
  0.4186     0.9938222028947354    
  0.41905000000000003     0.9938246035245065    
  0.41950000000000004     0.9938270068027543    
  0.41995000000000005     0.9938294127295659    
  0.42040000000000005     0.9938318213050296    
  0.42085000000000006     0.9938342325292326    
  0.4213     0.9938366464022623    
  0.42175000000000007     0.993839062924202    
  0.4222     0.9938414820951387    
  0.42265     0.993843903915158    
  0.42310000000000003     0.9938463283843402    
  0.42355000000000004     0.9938487555027694    
  0.42400000000000004     0.9938511852705301    
  0.42445000000000005     0.993853617687702    
  0.42490000000000006     0.9938560527543648    
  0.42535     0.9938584904706014    
  0.42580000000000007     0.9938609308364893    
  0.42625     0.9938633738521083    
  0.4267     0.9938658195175352    
  0.42715000000000003     0.9938682678328485    
  0.42760000000000004     0.9938707187981243    
  0.42805000000000004     0.9938731724134381    
  0.42850000000000005     0.9938756286788653    
  0.42895000000000005     0.9938780875944799    
  0.4294     0.9938805491603572    
  0.42985000000000007     0.993883013376567    
  0.4303     0.9938854802431845    
  0.43075     0.9938879497602792    
  0.4312     0.9938904219279225    
  0.43165000000000003     0.9938928967461849    
  0.43210000000000004     0.9938953742151337    
  0.43255000000000005     0.9938978543348389    
  0.43300000000000005     0.9939003371053684    
  0.43345     0.9939028225267879    
  0.43390000000000006     0.9939053105991627    
  0.43435     0.9939078013225613    
  0.4348     0.9939102946970452    
  0.43525     0.9939127907226795    
  0.43570000000000003     0.993915289399528    
  0.43615000000000004     0.9939177907276504    
  0.43660000000000004     0.9939202947071111    
  0.43705000000000005     0.9939228013379688    
  0.43750000000000006     0.993925310620284    
  0.43795000000000006     0.9939278225541168    
  0.4384     0.9939303371395228    
  0.43885     0.9939328543765624    
  0.4393     0.9939353742652893    
  0.43975000000000003     0.9939378968057624    
  0.44020000000000004     0.9939404219980348    
  0.44065000000000004     0.9939429498421619    
  0.44110000000000005     0.993945480338196    
  0.44155000000000005     0.9939480134861904    
  0.44200000000000006     0.9939505492861977    
  0.44245     0.9939530877382676    
  0.44290000000000007     0.9939556288424496    
  0.44335     0.9939581725987952    
  0.44380000000000003     0.9939607190073507    
  0.44425000000000003     0.993963268068166    
  0.44470000000000004     0.9939658197812855    
  0.44515000000000005     0.9939683741467572    
  0.44560000000000005     0.9939709311646245    
  0.44605000000000006     0.9939734908349335    
  0.4465     0.9939760531577262    
  0.44695000000000007     0.9939786181330458    
  0.4474     0.9939811857609337    
  0.44785     0.9939837560414311    
  0.44830000000000003     0.9939863289745758    
  0.44875000000000004     0.9939889045604113    
  0.44920000000000004     0.9939914827989722    
  0.44965000000000005     0.9939940636902967    
  0.45010000000000006     0.9939966472344222    
  0.45055     0.9939992334313835    
  0.45100000000000007     0.9940018222812153    
  0.45145     0.9940044137839525    
  0.4519     0.9940070079396259    
  0.45235000000000003     0.99400960474827    
  0.45280000000000004     0.9940122042099135    
  0.45325000000000004     0.994014806324589    
  0.45370000000000005     0.9940174110923244    
  0.45415000000000005     0.9940200185131488    
  0.4546     0.9940226285870879    
  0.45505000000000007     0.9940252413141717    
  0.4555     0.9940278566944234    
  0.4559500000000001     0.9940304747278688    
  0.45640000000000003     0.9940330954145307    
  0.45685000000000003     0.9940357187544329    
  0.45730000000000004     0.9940383447475978    
  0.45775000000000005     0.9940409733940453    
  0.45820000000000005     0.9940436046937962    
  0.45865     0.9940462386468694    
  0.45910000000000006     0.9940488752532842    
  0.45955     0.9940515145130564    
  0.4600000000000001     0.9940541564262033    
  0.46045     0.9940568009927402    
  0.46090000000000003     0.994059448212681    
  0.46135000000000004     0.9940620980860393    
  0.46180000000000004     0.994064750612829    
  0.46225000000000005     0.994067405793059    
  0.4627     0.9940700636267427    
  0.46315000000000006     0.9940727241138884    
  0.4636     0.994075387254504    
  0.4640500000000001     0.9940780530485988    
  0.4645     0.9940807214961782    
  0.46495000000000003     0.9940833925972494    
  0.46540000000000004     0.9940860663518153    
  0.46585000000000004     0.9940887427598792    
  0.46630000000000005     0.994091421821447    
  0.46675     0.9940941035365176    
  0.46720000000000006     0.9940967879050921    
  0.46765     0.9940994749271725    
  0.46810000000000007     0.9941021646027532    
  0.46855     0.9941048569318358    
  0.46900000000000003     0.9941075519144156    
  0.46945000000000003     0.9941102495504883    
  0.46990000000000004     0.994112949840048    
  0.47035000000000005     0.9941156527830886    
  0.47080000000000005     0.9941183583796023    
  0.47125000000000006     0.9941210666295828    
  0.4717     0.9941237775330184    
  0.47215000000000007     0.9941264910898981    
  0.4726     0.9941292073002129    
  0.4730500000000001     0.9941319261639474    
  0.47350000000000003     0.9941346476810893    
  0.47395000000000004     0.994137371851624    
  0.47440000000000004     0.9941400986755357    
  0.47485000000000005     0.9941428281528069    
  0.47530000000000006     0.99414556028342    
  0.47575     0.9941482950673561    
  0.47620000000000007     0.994151032504595    
  0.47665     0.9941537725951166    
  0.4771000000000001     0.9941565153388969    
  0.47755000000000003     0.9941592607359142    
  0.47800000000000004     0.9941620087861431    
  0.47845000000000004     0.9941647594895586    
  0.47890000000000005     0.994167512846134    
  0.47935000000000005     0.9941702688558414    
  0.4798     0.9941730275186527    
  0.48025000000000007     0.9941757888345379    
  0.4807     0.9941785528034658    
  0.4811500000000001     0.9941813194254042    
  0.48160000000000003     0.9941840887003204    
  0.48205000000000003     0.9941868606281788    
  0.48250000000000004     0.9941896352089463    
  0.48295000000000005     0.9941924124425837    
  0.48340000000000005     0.9941951923290555    
  0.48385     0.9941979748683223    
  0.48430000000000006     0.9942007600603426    
  0.48475     0.9942035479050784    
  0.4852000000000001     0.994206338402484    
  0.48565     0.9942091315525189    
  0.48610000000000003     0.9942119273551371    
  0.48655000000000004     0.9942147258102931    
  0.48700000000000004     0.9942175269179411    
  0.48745000000000005     0.994220330678031    
  0.4879     0.9942231370905157    
  0.48835000000000006     0.9942259461553442    
  0.4888     0.9942287578724648    
  0.4892500000000001     0.9942315722418247    
  0.4897     0.99423438926337    
  0.49015000000000003     0.994237208937047    
  0.49060000000000004     0.994240031262797    
  0.49105000000000004     0.9942428562405656    
  0.49150000000000005     0.9942456838702919    
  0.49195000000000005     0.9942485141519174    
  0.49240000000000006     0.9942513470853804    
  0.49285     0.9942541826706183    
  0.49330000000000007     0.9942570209075687    
  0.49375     0.9942598617961667    
  0.4942000000000001     0.9942627053363463    
  0.49465000000000003     0.9942655515280409    
  0.49510000000000004     0.9942684003711817    
  0.49555000000000005     0.9942712518656985    
  0.49600000000000005     0.9942741060115221    
  0.49645000000000006     0.9942769628085801    
  0.4969     0.9942798222567986    
  0.49735000000000007     0.9942826843561047    
  0.4978     0.9942855491064204    
  0.4982500000000001     0.9942884165076703    
  0.49870000000000003     0.9942912865597763    
  0.49915000000000004     0.9942941592626587    
  0.49960000000000004     0.9942970346162365    
  0.5000500000000001     0.9942999126204286    
  0.5005000000000001     0.9943027932751503    
  0.50095     0.9943056765803178    
  0.5014000000000001     0.9943085625358454    
  0.50185     0.9943114511416467    
  0.5023000000000001     0.9943143423976328    
  0.50275     0.9943172363037132    
  0.5032000000000001     0.9943201328597979    
  0.50365     0.9943230320657956    
  0.5041     0.9943259339216105    
  0.50455     0.99432883842715    
  0.505     0.9943317455823164    
  0.5054500000000001     0.9943346553870134    
  0.5059     0.9943375678411414    
  0.5063500000000001     0.9943404829446003    
  0.5068     0.9943434006972899    
  0.50725     0.9943463210991061    
  0.5077     0.9943492441499464    
  0.5081500000000001     0.9943521698497033    
  0.5086     0.9943550981982718    
  0.50905     0.9943580291955432    
  0.5095000000000001     0.9943609628414085    
  0.50995     0.9943638991357568    
  0.5104000000000001     0.9943668380784765    
  0.51085     0.9943697796694537    
  0.5113000000000001     0.9943727239085727    
  0.51175     0.9943756707957179    
  0.5122     0.9943786203307727    
  0.51265     0.9943815725136171    
  0.5131000000000001     0.9943845273441314    
  0.5135500000000001     0.9943874848221936    
  0.514     0.994390444947681    
  0.5144500000000001     0.9943934077204688    
  0.5149     0.9943963731404324    
  0.5153500000000001     0.9943993412074424    
  0.5158     0.994402311921371    
  0.5162500000000001     0.9944052852820899    
  0.5167     0.9944082612894656    
  0.51715     0.9944112399433657    
  0.5176000000000001     0.9944142212436561    
  0.51805     0.9944172051902014    
  0.5185000000000001     0.994420191782865    
  0.51895     0.994423181021507    
  0.5194000000000001     0.9944261729059878    
  0.51985     0.9944291674361667    
  0.5203     0.9944321646119011    
  0.52075     0.9944351644330459    
  0.5212000000000001     0.9944381668994553    
  0.5216500000000001     0.994441172010982    
  0.5221     0.994444179767479    
  0.5225500000000001     0.9944471901687942    
  0.523     0.9944502032147766    
  0.5234500000000001     0.9944532189052744    
  0.5239     0.994456237240132    
  0.5243500000000001     0.9944592582191933    
  0.5248     0.9944622818423013    
  0.52525     0.9944653081092978    
  0.5257000000000001     0.9944683370200198    
  0.52615     0.9944713685743084    
  0.5266000000000001     0.9944744027719983    
  0.52705     0.9944774396129255    
  0.5275000000000001     0.9944804790969237    
  0.52795     0.9944835212238239    
  0.5284     0.9944865659934579    
  0.52885     0.9944896134056542    
  0.5293000000000001     0.9944926634602399    
  0.52975     0.9944957161570428    
  0.5302     0.994498771495885    
  0.5306500000000001     0.99450182947659    
  0.5311     0.9945048900989814    
  0.5315500000000001     0.9945079533628755    
  0.532     0.9945110192680937    
  0.5324500000000001     0.9945140878144507    
  0.5329     0.9945171590017643    
  0.53335     0.9945202328298453    
  0.5338     0.9945233092985079    
  0.5342500000000001     0.9945263884075608    
  0.5347000000000001     0.9945294701568137    
  0.53515     0.9945325545460763    
  0.5356000000000001     0.9945356415751495    
  0.53605     0.9945387312438417    
  0.5365     0.9945418235519542    
  0.53695     0.994544918499288    
  0.5374000000000001     0.9945480160856428    
  0.53785     0.9945511163108162    
  0.5383     0.9945542191746038    
  0.5387500000000001     0.9945573246768019    
  0.5392     0.9945604328172022    
  0.5396500000000001     0.9945635435955962    
  0.5401     0.9945666570117737    
  0.5405500000000001     0.9945697730655249    
  0.541     0.994572891756633    
  0.54145     0.9945760130848853    
  0.5419     0.9945791370500646    
  0.5423500000000001     0.9945822636519508    
  0.5428000000000001     0.9945853928903259    
  0.54325     0.9945885247649684    
  0.5437000000000001     0.994591659275653    
  0.54415     0.9945947964221564    
  0.5446000000000001     0.9945979362042512    
  0.54505     0.9946010786217097    
  0.5455000000000001     0.9946042236743012    
  0.54595     0.9946073713617952    
  0.5464     0.9946105216839556    
  0.5468500000000001     0.9946136746405518    
  0.5473     0.9946168302313421    
  0.5477500000000001     0.9946199884560918    
  0.5482     0.9946231493145592    
  0.5486500000000001     0.9946263128065032    
  0.5491     0.9946294789316797    
  0.54955     0.994632647689843    
  0.55     0.9946358190807476    
  0.5504500000000001     0.9946389931041439    
  0.5509000000000001     0.9946421697597803    
  0.55135     0.9946453490474074    
  0.5518000000000001     0.9946485309667693    
  0.55225     0.9946517155176111    
  0.5527000000000001     0.9946549026996758    
  0.55315     0.9946580925127035    
  0.5536000000000001     0.994661284956433    
  0.55405     0.9946644800306025    
  0.5545     0.9946676777349486    
  0.55495     0.9946708780692032    
  0.5554000000000001     0.9946740810331004    
  0.5558500000000001     0.9946772866263685    
  0.5563     0.9946804948487369    
  0.5567500000000001     0.9946837056999334    
  0.5572     0.994686919179682    
  0.55765     0.9946901352877047    
  0.5581     0.9946933540237255    
  0.5585500000000001     0.9946965753874631    
  0.559     0.9946997993786337    
  0.55945     0.9947030259969551    
  0.5599000000000001     0.9947062552421404    
  0.56035     0.994709487113902    
  0.5608000000000001     0.9947127216119519    
  0.56125     0.9947159587359983    
  0.5617000000000001     0.9947191984857467    
  0.56215     0.9947224408609032    
  0.5626000000000001     0.9947256858611705    
  0.56305     0.9947289334862512    
  0.5635000000000001     0.9947321837358428    
  0.5639500000000001     0.9947354366096437    
  0.5644000000000001     0.9947386921073517    
  0.5648500000000001     0.9947419502286571    
  0.5653     0.9947452109732564    
  0.5657500000000001     0.9947484743408358    
  0.5662     0.9947517403310844    
  0.5666500000000001     0.9947550089436912    
  0.5671     0.9947582801783371    
  0.5675500000000001     0.9947615540347076    
  0.5680000000000001     0.994764830512483    
  0.5684500000000001     0.9947681096113398    
  0.5689000000000001     0.9947713913309586    
  0.56935     0.9947746756710121    
  0.5698000000000001     0.9947779626311737    
  0.57025     0.9947812522111146    
  0.5707000000000001     0.9947845444105051    
  0.57115     0.9947878392290108    
  0.5716000000000001     0.9947911366662994    
  0.5720500000000001     0.9947944367220329    
  0.5725000000000001     0.9947977393958738    
  0.5729500000000001     0.9948010446874793    
  0.5734000000000001     0.9948043525965093    
  0.5738500000000001     0.9948076631226201    
  0.5743     0.994810976265464    
  0.5747500000000001     0.9948142920246938    
  0.5752     0.9948176103999573    
  0.5756500000000001     0.9948209313909041    
  0.5761000000000001     0.9948242549971802    
  0.5765500000000001     0.9948275812184288    
  0.5770000000000001     0.9948309100542927    
  0.5774500000000001     0.99483424150441    
  0.5779000000000001     0.9948375755684197    
  0.57835     0.9948409122459589    
  0.5788000000000001     0.9948442515366589    
  0.57925     0.9948475934401536    
  0.5797000000000001     0.9948509379560728    
  0.58015     0.9948542850840438    
  0.5806000000000001     0.9948576348236906    
  0.5810500000000001     0.9948609871746414    
  0.5815000000000001     0.9948643421365138    
  0.5819500000000001     0.9948676997089294    
  0.5824     0.9948710598915061    
  0.5828500000000001     0.994874422683858    
  0.5833     0.9948777880856015    
  0.5837500000000001     0.9948811560963438    
  0.5842     0.9948845267156989    
  0.5846500000000001     0.9948878999432718    
  0.5851000000000001     0.994891275778667    
  0.5855500000000001     0.99489465422149    
  0.5860000000000001     0.9948980352713408    
  0.58645     0.9949014189278189    
  0.5869000000000001     0.9949048051905194    
  0.58735     0.9949081940590399    
  0.5878000000000001     0.9949115855329709    
  0.58825     0.9949149796119052    
  0.5887000000000001     0.9949183762954299    
  0.5891500000000001     0.994921775583132    
  0.5896000000000001     0.9949251774745953    
  0.5900500000000001     0.9949285819694021    
  0.5905     0.9949319890671324    
  0.5909500000000001     0.9949353987673655    
  0.5914     0.9949388110696754    
  0.5918500000000001     0.9949422259736364    
  0.5923     0.9949456434788204    
  0.5927500000000001     0.9949490635847966    
  0.5932000000000001     0.9949524862911312    
  0.5936500000000001     0.99495591159739    
  0.5941000000000001     0.9949593395031364    
  0.5945500000000001     0.9949627700079308    
  0.5950000000000001     0.9949662031113302    
  0.59545     0.994969638812892    
  0.5959000000000001     0.9949730771121714    
  0.59635     0.9949765180087191    
  0.5968000000000001     0.9949799615020849    
  0.5972500000000001     0.9949834075918162    
  0.5977000000000001     0.9949868562774591    
  0.5981500000000001     0.9949903075585558    
  0.5986     0.9949937614346482    
  0.5990500000000001     0.9949972179052738    
  0.5995     0.9950006769699697    
  0.5999500000000001     0.99500413862827    
  0.6004     0.9950076028797065    
  0.6008500000000001     0.9950110697238093    
  0.6013000000000001     0.9950145391601064    
  0.6017500000000001     0.99501801118812    
  0.6022000000000001     0.9950214858073769    
  0.6026500000000001     0.9950249630173962    
  0.6031000000000001     0.9950284428176952    
  0.60355     0.9950319252077932    
  0.6040000000000001     0.995035410187201    
  0.60445     0.9950388977554302    
  0.6049000000000001     0.9950423879119934    
  0.60535     0.9950458806563939    
  0.6058000000000001     0.9950493759881378    
  0.6062500000000001     0.9950528739067279    
  0.6067000000000001     0.9950563744116647    
  0.6071500000000001     0.995059877502444    
  0.6076     0.9950633831785635    
  0.6080500000000001     0.9950668914395155    
  0.6085     0.9950704022847907    
  0.6089500000000001     0.9950739157138773    
  0.6094     0.9950774317262621    
  0.6098500000000001     0.9950809503214287    
  0.6103000000000001     0.9950844714988581    
  0.6107500000000001     0.9950879952580292    
  0.6112000000000001     0.9950915215984215    
  0.61165     0.9950950505195056    
  0.6121000000000001     0.9950985820207559    
  0.61255     0.995102116101642    
  0.6130000000000001     0.9951056527616281    
  0.61345     0.9951091920001843    
  0.6139000000000001     0.9951127338167685    
  0.6143500000000001     0.9951162782108429    
  0.6148000000000001     0.9951198251818653    
  0.6152500000000001     0.9951233747292907    
  0.6157000000000001     0.9951269268525713    
  0.6161500000000001     0.9951304815511594    
  0.6166     0.9951340388245005    
  0.6170500000000001     0.9951375986720425    
  0.6175     0.995141161093227    
  0.6179500000000001     0.9951447260874966    
  0.6184000000000001     0.9951482936542874    
  0.6188500000000001     0.9951518637930368    
  0.6193000000000001     0.9951554365031785    
  0.61975     0.9951590117841422    
  0.6202000000000001     0.9951625896353569    
  0.62065     0.9951661700562489    
  0.6211000000000001     0.9951697530462418    
  0.62155     0.9951733386047568    
  0.6220000000000001     0.9951769267312117    
  0.6224500000000001     0.9951805174250242    
  0.6229000000000001     0.9951841106856071    
  0.6233500000000001     0.99518770651237    
  0.6238000000000001     0.9951913049047247    
  0.6242500000000001     0.9951949058620753    
  0.6247     0.995198509383826    
  0.6251500000000001     0.9952021154693771    
  0.6256     0.995205724118129    
  0.6260500000000001     0.9952093353294755    
  0.6265000000000001     0.9952129491028125    
  0.6269500000000001     0.9952165654375291    
  0.6274000000000001     0.9952201843330151    
  0.6278500000000001     0.9952238057886555    
  0.6283000000000001     0.9952274298038345    
  0.6287500000000001     0.9952310563779324    
  0.6292000000000001     0.9952346855103256    
  0.62965     0.9952383172003925    
  0.6301000000000001     0.9952419514475062    
  0.63055     0.995245588251036    
  0.6310000000000001     0.9952492276103497    
  0.6314500000000001     0.9952528695248128    
  0.6319000000000001     0.995256513993789    
  0.6323500000000001     0.9952601610166381    
  0.6328     0.9952638105927163    
  0.6332500000000001     0.9952674627213801    
  0.6337     0.9952711174019805    
  0.6341500000000001     0.9952747746338693    
  0.6346     0.9952784344163907    
  0.6350500000000001     0.9952820967488911    
  0.6355000000000001     0.9952857616307126    
  0.6359500000000001     0.9952894290611929    
  0.6364000000000001     0.9952930990396689    
  0.6368500000000001     0.995296771565475    
  0.6373000000000001     0.9953004466379426    
  0.63775     0.9953041242563991    
  0.6382000000000001     0.9953078044201711    
  0.63865     0.9953114871285822    
  0.6391000000000001     0.9953151723809528    
  0.6395500000000001     0.9953188601765994    
  0.6400000000000001     0.9953225505148372    
  0.6404500000000001     0.9953262433949801    
  0.6409     0.9953299388163379    
  0.6413500000000001     0.9953336367782162    
  0.6418     0.9953373372799206    
  0.6422500000000001     0.9953410403207511    
  0.6427     0.9953447459000083    
  0.6431500000000001     0.995348454016987    
  0.6436000000000001     0.9953521646709823    
  0.6440500000000001     0.9953558778612834    
  0.6445000000000001     0.9953595935871786    
  0.6449500000000001     0.9953633118479532    
  0.6454000000000001     0.99536703264289    
  0.64585     0.9953707559712671    
  0.6463000000000001     0.9953744818323624    
  0.64675     0.9953782102254518    
  0.6472000000000001     0.9953819411498028    
  0.6476500000000001     0.9953856746046871    
  0.6481000000000001     0.9953894105893693    
  0.6485500000000001     0.9953931491031133    
  0.6490000000000001     0.995396890145178    
  0.6494500000000001     0.9954006337148209    
  0.6499000000000001     0.995404379811299    
  0.6503500000000001     0.995408128433859    
  0.6508     0.9954118795817555    
  0.6512500000000001     0.9954156332542315    
  0.6517000000000001     0.9954193894505305    
  0.6521500000000001     0.9954231481698941    
  0.6526000000000001     0.995426909411558    
  0.6530500000000001     0.9954306731747582    
  0.6535000000000001     0.9954344394587268    
  0.65395     0.9954382082626934    
  0.6544000000000001     0.995441979585882    
  0.65485     0.9954457534275192    
  0.6553000000000001     0.9954495297868216    
  0.65575     0.9954533086630086    
  0.6562000000000001     0.9954570900552966    
  0.6566500000000001     0.9954608739628943    
  0.6571000000000001     0.9954646603850124    
  0.6575500000000001     0.9954684493208568    
  0.6580000000000001     0.99547224076963    
  0.6584500000000001     0.995476034730533    
  0.6589     0.9954798312027628    
  0.6593500000000001     0.995483630185513    
  0.6598     0.9954874316779759    
  0.6602500000000001     0.995491235679339    
  0.6607000000000001     0.9954950421887887    
  0.6611500000000001     0.9954988512055072    
  0.6616000000000001     0.9955026627286747    
  0.66205     0.995506476757468    
  0.6625000000000001     0.9955102932910591    
  0.66295     0.9955141123286196    
  0.6634000000000001     0.9955179338693185    
  0.66385     0.9955217579123202    
  0.6643000000000001     0.9955255844567852    
  0.6647500000000001     0.9955294135018723    
  0.6652000000000001     0.9955332450467398    
  0.6656500000000001     0.9955370790905382    
  0.6661000000000001     0.9955409156324179    
  0.6665500000000001     0.9955447546715266    
  0.667     0.9955485962070066    
  0.6674500000000001     0.9955524402379994    
  0.6679     0.9955562867636425    
  0.6683500000000001     0.9955601357830717    
  0.6688000000000001     0.9955639872954178    
  0.6692500000000001     0.995567841299809    
  0.6697000000000001     0.9955716977953717    
  0.6701500000000001     0.9955755567812279    
  0.6706000000000001     0.995579418256497    
  0.6710500000000001     0.9955832822202964    
  0.6715000000000001     0.9955871486717383    
  0.67195     0.9955910176099325    
  0.6724000000000001     0.9955948890339892    
  0.6728500000000001     0.9955987629430084    
  0.6733000000000001     0.9956026393360937    
  0.6737500000000001     0.9956065182123415    
  0.6742000000000001     0.9956103995708474    
  0.6746500000000001     0.9956142834107035    
  0.6751     0.9956181697309974    
  0.6755500000000001     0.9956220585308151    
  0.676     0.9956259498092395    
  0.6764500000000001     0.995629843565347    
  0.6769000000000001     0.9956337397982167    
  0.6773500000000001     0.9956376385069204    
  0.6778000000000001     0.9956415396905272    
  0.6782500000000001     0.9956454433481039    
  0.6787000000000001     0.995649349478716    
  0.6791500000000001     0.9956532580814208    
  0.6796000000000001     0.9956571691552774    
  0.68005     0.9956610826993373    
  0.6805000000000001     0.9956649987126532    
  0.68095     0.9956689171942721    
  0.6814000000000001     0.9956728381432378    
  0.6818500000000001     0.9956767615585935    
  0.6823000000000001     0.9956806874393749    
  0.6827500000000001     0.9956846157846169    
  0.6832     0.9956885465933518    
  0.6836500000000001     0.9956924798646071    
  0.6841     0.9956964155974081    
  0.6845500000000001     0.9957003537907778    
  0.685     0.9957042944437319    
  0.6854500000000001     0.9957082375552884    
  0.6859000000000001     0.9957121831244579    
  0.6863500000000001     0.99571613115025    
  0.6868000000000001     0.9957200816316696    
  0.6872500000000001     0.9957240345677194    
  0.6877000000000001     0.9957279899573978    
  0.68815     0.995731947799701    
  0.6886000000000001     0.995735908093621    
  0.68905     0.9957398708381482    
  0.6895000000000001     0.9957438360322658    
  0.6899500000000001     0.99574780367496    
  0.6904000000000001     0.9957517737652068    
  0.6908500000000001     0.9957557463019834    
  0.6913     0.9957597212842626    
  0.6917500000000001     0.9957636987110123    
  0.6922000000000001     0.9957676785812002    
  0.6926500000000001     0.9957716608937884    
  0.6931     0.9957756456477342    
  0.6935500000000001     0.9957796328419961    
  0.6940000000000001     0.9957836224755268    
  0.6944500000000001     0.9957876145472725    
  0.6949000000000001     0.9957916090561819    
  0.6953500000000001     0.9957956060011958    
  0.6958000000000001     0.9957996053812544    
  0.69625     0.9958036071952924    
  0.6967000000000001     0.9958076114422428    
  0.69715     0.9958116181210341    
  0.6976000000000001     0.9958156272305921    
  0.6980500000000001     0.9958196387698388    
  0.6985000000000001     0.9958236527376927    
  0.6989500000000001     0.9958276691330684    
  0.6994     0.995831687954879    
  0.6998500000000001     0.9958357092020323    
  0.7003000000000001     0.9958397328734343    
  0.7007500000000001     0.9958437589679844    
  0.7012     0.9958477874845827    
  0.7016500000000001     0.9958518184221221    
  0.7021000000000001     0.9958558517794955    
  0.7025500000000001     0.9958598875555882    
  0.7030000000000001     0.9958639257492885    
  0.7034500000000001     0.9958679663594739    
  0.7039000000000001     0.9958720093850224    
  0.70435     0.9958760548248079    
  0.7048000000000001     0.9958801026777012    
  0.7052500000000002     0.9958841529425682    
  0.7057000000000001     0.9958882056182737    
  0.70615     0.9958922607036762    
  0.7066000000000001     0.9958963181976315    
  0.7070500000000001     0.9959003780989946    
  0.7075000000000001     0.995904440406612    
  0.7079500000000001     0.9959085051193318    
  0.7084000000000001     0.9959125722359949    
  0.7088500000000001     0.9959166417554406    
  0.7093     0.9959207136765029    
  0.7097500000000001     0.9959247879980151    
  0.7102     0.9959288647188038    
  0.7106500000000001     0.9959329438376929    
  0.7111000000000001     0.9959370253535059    
  0.7115500000000001     0.9959411092650572    
  0.7120000000000001     0.9959451955711616    
  0.71245     0.9959492842706292    
  0.7129000000000001     0.9959533753622658    
  0.7133500000000002     0.9959574688448765    
  0.7138000000000001     0.9959615647172577    
  0.71425     0.9959656629782073    
  0.7147000000000001     0.9959697636265161    
  0.7151500000000001     0.9959738666609723    
  0.7156000000000001     0.995977972080363    
  0.7160500000000001     0.9959820798834669    
  0.7165000000000001     0.9959861900690616    
  0.7169500000000001     0.9959903026359227    
  0.7174     0.9959944175828193    
  0.7178500000000001     0.9959985349085181    
  0.7183     0.996002654611782    
  0.7187500000000001     0.9960067766913699    
  0.7192000000000001     0.9960109011460393    
  0.7196500000000001     0.9960150279745383    
  0.7201000000000001     0.9960191571756192    
  0.72055     0.9960232887480239    
  0.7210000000000001     0.9960274226904946    
  0.7214500000000001     0.9960315590017674    
  0.7219000000000001     0.9960356976805768    
  0.72235     0.9960398387256506    
  0.7228000000000001     0.996043982135717    
  0.7232500000000001     0.9960481279094948    
  0.7237000000000001     0.9960522760457078    
  0.7241500000000001     0.9960564265430673    
  0.7246000000000001     0.9960605794002831    
  0.7250500000000001     0.996064734616066    
  0.7255     0.9960688921891174    
  0.7259500000000001     0.9960730521181376    
  0.7264000000000002     0.9960772144018215    
  0.7268500000000001     0.9960813790388625    
  0.7273000000000001     0.996085546027949    
  0.7277500000000001     0.9960897153677647    
  0.7282000000000001     0.996093887056992    
  0.7286500000000001     0.9960980610943075    
  0.7291000000000001     0.9961022374783826    
  0.7295500000000001     0.9961064162078896    
  0.7300000000000001     0.9961105972814913    
  0.73045     0.9961147806978516    
  0.7309000000000001     0.9961189664556285    
  0.7313500000000001     0.9961231545534744    
  0.7318000000000001     0.9961273449900419    
  0.7322500000000001     0.9961315377639762    
  0.7327000000000001     0.9961357328739187    
  0.7331500000000001     0.9961399303185099    
  0.7336     0.9961441300963851    
  0.7340500000000001     0.9961483322061752    
  0.7345000000000002     0.9961525366465052    
  0.7349500000000001     0.9961567434160012    
  0.7354     0.9961609525132809    
  0.7358500000000001     0.9961651639369609    
  0.7363000000000001     0.996169377685652    
  0.7367500000000001     0.996173593757961    
  0.7372000000000001     0.9961778121524951    
  0.7376500000000001     0.9961820328678518    
  0.7381000000000001     0.9961862559026267    
  0.73855     0.9961904812554123    
  0.7390000000000001     0.996194708924798    
  0.73945     0.9961989389093665    
  0.7399000000000001     0.9962031712076995    
  0.7403500000000001     0.9962074058183716    
  0.7408000000000001     0.9962116427399567    
  0.7412500000000001     0.9962158819710218    
  0.7417     0.9962201235101331    
  0.7421500000000001     0.99622436735585    
  0.7426000000000001     0.99622861350673    
  0.7430500000000001     0.9962328619613239    
  0.7435     0.9962371127181815    
  0.7439500000000001     0.9962413657758475    
  0.7444000000000001     0.9962456211328613    
  0.7448500000000001     0.9962498787877603    
  0.7453000000000001     0.996254138739078    
  0.7457500000000001     0.9962584009853408    
  0.7462000000000001     0.9962626655250757    
  0.74665     0.9962669323568007    
  0.7471000000000001     0.9962712014790336    
  0.7475500000000002     0.9962754728902874    
  0.7480000000000001     0.9962797465890686    
  0.7484500000000001     0.9962840225738843    
  0.7489000000000001     0.9962883008432316    
  0.7493500000000001     0.9962925813956085    
  0.7498000000000001     0.9962968642295071    
  0.7502500000000001     0.9963011493434161    
  0.7507000000000001     0.9963054367358176    
  0.7511500000000001     0.9963097264051932    
  0.7516     0.9963140183500181    
  0.7520500000000001     0.996318312568763    
  0.7525000000000001     0.9963226090598982    
  0.7529500000000001     0.9963269078218853    
  0.7534000000000001     0.9963312088531826    
  0.7538500000000001     0.9963355121522484    
  0.7543000000000001     0.9963398177175316    
  0.75475     0.9963441255474791    
  0.7552000000000001     0.9963484356405364    
  0.7556500000000002     0.9963527479951398    
  0.7561000000000001     0.9963570626097245    
  0.7565500000000001     0.9963613794827214    
  0.7570000000000001     0.9963656986125565    
  0.7574500000000001     0.9963700199976524    
  0.7579000000000001     0.9963743436364256    
  0.7583500000000001     0.9963786695272916    
  0.7588000000000001     0.9963829976686592    
  0.7592500000000001     0.9963873280589336    
  0.7597     0.9963916606965166    
  0.7601500000000001     0.9963959955798056    
  0.7606     0.996400332707192    
  0.7610500000000001     0.9964046720770662    
  0.7615000000000001     0.9964090136878121    
  0.7619500000000001     0.9964133575378088    
  0.7624000000000001     0.9964177036254339    
  0.76285     0.996422051949059    
  0.7633000000000001     0.9964264025070488    
  0.7637500000000002     0.9964307552977688    
  0.7642000000000001     0.9964351103195792    
  0.76465     0.9964394675708338    
  0.7651000000000001     0.9964438270498817    
  0.7655500000000001     0.9964481887550702    
  0.7660000000000001     0.9964525526847419    
  0.7664500000000001     0.9964569188372343    
  0.7669000000000001     0.9964612872108789    
  0.7673500000000001     0.9964656578040071    
  0.7678     0.996470030614943    
  0.7682500000000001     0.9964744056420067    
  0.7687000000000002     0.9964787828835148    
  0.7691500000000001     0.9964831623377792    
  0.7696000000000001     0.9964875440031077    
  0.7700500000000001     0.996491927877803    
  0.7705000000000001     0.9964963139601645    
  0.7709500000000001     0.9965007022484873    
  0.7714000000000001     0.9965050927410599    
  0.7718500000000001     0.99650948543617    
  0.7723000000000001     0.9965138803320989    
  0.77275     0.9965182774271228    
  0.7732000000000001     0.9965226767195154    
  0.7736500000000001     0.9965270782075446    
  0.7741000000000001     0.9965314818894753    
  0.7745500000000001     0.996535887763567    
  0.7750000000000001     0.9965402958280747    
  0.7754500000000001     0.9965447060812491    
  0.7759     0.996549118521338    
  0.7763500000000001     0.9965535331465831    
  0.7768000000000002     0.996557949955222    
  0.7772500000000001     0.9965623689454868    
  0.7777000000000001     0.996566790115609    
  0.7781500000000001     0.9965712134638111    
  0.7786000000000001     0.9965756389883138    
  0.7790500000000001     0.9965800666873319    
  0.7795000000000001     0.9965844965590787    
  0.7799500000000001     0.9965889286017596    
  0.7804000000000001     0.9965933628135774    
  0.78085     0.9965977991927298    
  0.7813000000000001     0.9966022377374095    
  0.7817500000000001     0.9966066784458056    
  0.7822000000000001     0.9966111213161035    
  0.7826500000000001     0.9966155663464831    
  0.7831000000000001     0.9966200135351194    
  0.7835500000000001     0.9966244628801828    
  0.784     0.9966289143798415    
  0.7844500000000001     0.9966333680322553    
  0.7849000000000002     0.996637823835584    
  0.7853500000000001     0.9966422817879781    
  0.7858     0.9966467418875888    
  0.7862500000000001     0.9966512041325593    
  0.7867000000000001     0.9966556685210278    
  0.7871500000000001     0.9966601350511295    
  0.7876000000000001     0.9966646037209963    
  0.7880500000000001     0.9966690745287525    
  0.7885000000000001     0.9966735474725203    
  0.78895     0.9966780225504154    
  0.7894000000000001     0.996682499760551    
  0.7898500000000002     0.996686979101034    
  0.7903000000000001     0.9966914605699673    
  0.7907500000000001     0.9966959441654505    
  0.7912     0.9967004298855761    
  0.79165     0.9967049177284347    
  0.7921     0.9967094076921095    
  0.79255     0.9967138997746817    
  0.793     0.996718393974225    
  0.79345     0.9967228902888143    
  0.7939     0.9967273887165125    
  0.79435     0.9967318892553807    
  0.7948000000000001     0.9967363919034784    
  0.79525     0.996740896658856    
  0.7957     0.9967454035195631    
  0.79615     0.9967499124836413    
  0.7966     0.9967544235491296    
  0.79705     0.9967589367140619    
  0.7975     0.9967634519764663    
  0.79795     0.9967679693343696    
  0.7984     0.9967724887857897    
  0.7988500000000001     0.9967770103287424    
  0.7993     0.9967815339612373    
  0.79975     0.9967860596812812    
  0.8002     0.996790587486877    
  0.80065     0.9967951173760158    
  0.8011     0.9967996493466955    
  0.80155     0.9968041833968987    
  0.802     0.9968087195246088    
  0.80245     0.9968132577278046    
  0.8029000000000001     0.9968177980044577    
  0.80335     0.9968223403525369    
  0.8038000000000001     0.9968268847700054    
  0.80425     0.9968314312548215    
  0.8047     0.9968359798049402    
  0.80515     0.996840530418309    
  0.8056     0.9968450830928732    
  0.80605     0.9968496378265729    
  0.8065     0.9968541946173418    
  0.8069500000000001     0.9968587534631117    
  0.8074     0.9968633143618071    
  0.8078500000000001     0.9968678773113485    
  0.8083     0.9968724423096513    
  0.80875     0.996877009354626    
  0.8092     0.996881578444181    
  0.80965     0.9968861495762152    
  0.8101     0.9968907227486286    
  0.81055     0.9968952979593082    
  0.811     0.996899875206145    
  0.81145     0.9969044544870193    
  0.8119000000000001     0.9969090357998094    
  0.81235     0.9969136191423877    
  0.8128     0.9969182045126205    
  0.81325     0.9969227919083721    
  0.8137     0.9969273813275004    
  0.81415     0.9969319727678578    
  0.8146     0.9969365662272912    
  0.81505     0.9969411617036481    
  0.8155     0.9969457591947636    
  0.8159500000000001     0.996950358698472    
  0.8164     0.9969549602126035    
  0.81685     0.9969595637349804    
  0.8173     0.996964169263423    
  0.81775     0.996968776795744    
  0.8182     0.9969733863297535    
  0.81865     0.9969779978632562    
  0.8191     0.9969826113940508    
  0.81955     0.9969872269199334    
  0.8200000000000001     0.996991844438691    
  0.82045     0.9969964639481088    
  0.8209     0.9970010854459688    
  0.82135     0.9970057089300438    
  0.8218     0.9970103343981052    
  0.82225     0.9970149618479172    
  0.8227     0.9970195912772384    
  0.82315     0.9970242226838255    
  0.8236     0.9970288560654286    
  0.8240500000000001     0.9970334914197916    
  0.8245     0.9970381287446562    
  0.8249500000000001     0.9970427680377572    
  0.8254     0.9970474092968241    
  0.82585     0.9970520525195826    
  0.8263     0.9970566977037533    
  0.82675     0.9970613448470493    
  0.8272     0.9970659939471845    
  0.82765     0.9970706450018624    
  0.8281000000000001     0.9970752980087819    
  0.82855     0.9970799529656402    
  0.829     0.9970846098701265    
  0.82945     0.9970892687199258    
  0.8299     0.9970939295127195    
  0.83035     0.997098592246182    
  0.8308     0.9971032569179843    
  0.83125     0.9971079235257891    
  0.8317     0.9971125920672588    
  0.8321500000000001     0.997117262540047    
  0.8326     0.9971219349418057    
  0.8330500000000001     0.9971266092701776    
  0.8335     0.9971312855228028    
  0.83395     0.9971359636973169    
  0.8344     0.9971406437913494    
  0.83485     0.9971453258025231    
  0.8353     0.9971500097284618    
  0.83575     0.9971546955667757    
  0.8362     0.9971593833150748    
  0.83665     0.9971640729709654    
  0.8371000000000001     0.997168764532044    
  0.83755     0.9971734579959071    
  0.838     0.9971781533601428    
  0.83845     0.9971828506223344    
  0.8389     0.9971875497800601    
  0.83935     0.9971922508308957    
  0.8398     0.9971969537724075    
  0.84025     0.9972016586021585    
  0.8407     0.997206365317709    
  0.8411500000000001     0.9972110739166107    
  0.8416     0.9972157843964108    
  0.84205     0.9972204967546541    
  0.8425     0.9972252109888767    
  0.84295     0.997229927096611    
  0.8434     0.9972346450753838    
  0.84385     0.9972393649227183    
  0.8443     0.9972440866361314    
  0.84475     0.9972488102131342    
  0.8452000000000001     0.9972535356512333    
  0.84565     0.9972582629479299    
  0.8461000000000001     0.997262992100721    
  0.84655     0.9972677231070965    
  0.847     0.9972724559645425    
  0.84745     0.9972771906705399    
  0.8479     0.9972819272225635    
  0.84835     0.9972866656180852    
  0.8488     0.9972914058545672    
  0.8492500000000001     0.9972961479294703    
  0.8497     0.9973008918402497    
  0.85015     0.997305637584354    
  0.8506     0.9973103851592274    
  0.85105     0.9973151345623086    
  0.8515     0.9973198857910307    
  0.85195     0.9973246388428221    
  0.8524     0.9973293937151061    
  0.85285     0.9973341504053013    
  0.8533000000000001     0.997338908910818    
  0.85375     0.9973436692290647    
  0.8542000000000001     0.9973484313574442    
  0.85465     0.9973531952933515    
  0.8551     0.9973579610341791    
  0.85555     0.9973627285773121    
  0.856     0.9973674979201337    
  0.85645     0.9973722690600161    
  0.8569     0.9973770419943316    
  0.8573500000000001     0.9973818167204456    
  0.8578     0.9973865932357145    
  0.8582500000000001     0.9973913715374978    
  0.8587     0.9973961516231402    
  0.8591500000000001     0.997400933489986    
  0.8596     0.9974057171353767    
  0.86005     0.997410502556642    
  0.8605     0.9974152897511107    
  0.86095     0.9974200787161052    
  0.8614     0.9974248694489426    
  0.86185     0.9974296619469345    
  0.8623000000000001     0.9974344562073877    
  0.86275     0.9974392522276029    
  0.8632     0.9974440500048766    
  0.86365     0.9974488495364966    
  0.8641     0.9974536508197499    
  0.86455     0.9974584538519172    
  0.865     0.9974632586302693    
  0.86545     0.9974680651520779    
  0.8659     0.9974728734146056    
  0.8663500000000001     0.99747768341511    
  0.8668     0.997482495150844    
  0.8672500000000001     0.9974873086190559    
  0.8677     0.9974921238169867    
  0.86815     0.9974969407418719    
  0.8686     0.9975017593909457    
  0.86905     0.9975065797614298    
  0.8695     0.9975114018505479    
  0.86995     0.9975162256555136    
  0.8704000000000001     0.9975210511735364    
  0.87085     0.9975258784018207    
  0.8713     0.9975307073375645    
  0.87175     0.9975355379779609    
  0.8722     0.9975403703201985    
  0.87265     0.997545204361459    
  0.8731     0.99755004009892    
  0.87355     0.9975548775297525    
  0.874     0.9975597166511223    
  0.8744500000000001     0.99756455746019    
  0.8749     0.9975693999541116    
  0.8753500000000001     0.9975742441300371    
  0.8758     0.9975790899851091    
  0.87625     0.9975839375164665    
  0.8767     0.9975887867212438    
  0.87715     0.9975936375965685    
  0.8776     0.9975984901395611    
  0.87805     0.9976033443473407    
  0.8785000000000001     0.9976082002170182    
  0.87895     0.9976130577456992    
  0.8794000000000001     0.9976179169304845    
  0.87985     0.9976227777684682    
  0.8803000000000001     0.9976276402567406    
  0.88075     0.9976325043923852    
  0.8812     0.9976373701724804    
  0.88165     0.9976422375940998    
  0.8821     0.9976471066543086    
  0.8825500000000001     0.9976519773501714    
  0.883     0.9976568496787432    
  0.8834500000000001     0.9976617236370753    
  0.8839     0.997666599222213    
  0.88435     0.9976714764311962    
  0.8848     0.9976763552610587    
  0.88525     0.9976812357088292    
  0.8857     0.9976861177715316    
  0.88615     0.9976910014461842    
  0.8866     0.9976958867297967    
  0.88705     0.9977007736193786    
  0.8875000000000001     0.9977056621119285    
  0.88795     0.9977105522044439    
  0.8884000000000001     0.9977154438939138    
  0.88885     0.9977203371773226    
  0.8893     0.997725232051649    
  0.88975     0.9977301285138656    
  0.8902     0.9977350265609419    
  0.89065     0.9977399261898394    
  0.8911     0.9977448273975131    
  0.8915500000000001     0.9977497301809162    
  0.892     0.9977546345369932    
  0.89245     0.9977595404626831    
  0.8929     0.9977644479549217    
  0.89335     0.9977693570106356    
  0.8938     0.9977742676267514    
  0.89425     0.9977791798001823    
  0.8947     0.9977840935278427    
  0.89515     0.9977890088066375    
  0.8956000000000001     0.9977939256334687    
  0.89605     0.9977988440052306    
  0.8965000000000001     0.997803763918814    
  0.89695     0.9978086853711001    
  0.8974     0.9978136083589698    
  0.89785     0.9978185328792935    
  0.8983     0.9978234589289401    
  0.89875     0.9978283865047693    
  0.8992     0.9978333156036389    
  0.8996500000000001     0.9978382462223965    
  0.9001     0.997843178357888    
  0.9005500000000001     0.9978481120069524    
  0.901     0.9978530471664229    
  0.9014500000000001     0.9978579838331262    
  0.9019     0.9978629220038845    
  0.90235     0.9978678616755146    
  0.9028     0.9978728028448274    
  0.90325     0.9978777455086266    
  0.9037000000000001     0.9978826896637142    
  0.90415     0.9978876353068806    
  0.9046000000000001     0.997892582434915    
  0.90505     0.9978975310446014    
  0.9055     0.9979024811327135    
  0.90595     0.9979074326960252    
  0.9064     0.9979123857312997    
  0.90685     0.9979173402352997    
  0.9073     0.9979222962047744    
  0.9077500000000001     0.9979272536364762    
  0.9082     0.9979322125271474    
  0.9086500000000001     0.9979371728735232    
  0.9091     0.9979421346723365    
  0.9095500000000001     0.9979470979203136    
  0.91     0.9979520626141711    
  0.91045     0.9979570287506261    
  0.9109     0.9979619963263865    
  0.91135     0.9979669653381558    
  0.9118     0.9979719357826307    
  0.91225     0.9979769076565012    
  0.9127000000000001     0.9979818809564555    
  0.91315     0.9979868556791727    
  0.9136     0.9979918318213263    
  0.91405     0.9979968093795872    
  0.9145     0.9980017883506167    
  0.91495     0.9980067687310712    
  0.9154     0.9980117505176052    
  0.91585     0.998016733706862    
  0.9163     0.9980217182954818    
  0.9167500000000001     0.9980267042801015    
  0.9172     0.9980316916573473    
  0.9176500000000001     0.9980366804238425    
  0.9181     0.9980416705762056    
  0.91855     0.9980466621110458    
  0.919     0.9980516550249723    
  0.91945     0.9980566493145802    
  0.9199     0.9980616449764702    
  0.92035     0.9980666420072256    
  0.9208000000000001     0.9980716404034328    
  0.92125     0.9980766401616665    
  0.9217     0.998081641278499    
  0.92215     0.9980866437504956    
  0.9226000000000001     0.9980916475742166    
  0.92305     0.9980966527462171    
  0.9235     0.998101659263044    
  0.92395     0.9981066671212402    
  0.9244     0.9981116763173439    
  0.9248500000000001     0.9981166868478846    
  0.9253     0.998121698709388    
  0.9257500000000001     0.998126711898374    
  0.9262     0.998131726411357    
  0.92665     0.998136742244846    
  0.9271     0.9981417593953407    
  0.92755     0.9981467778593403    
  0.928     0.9981517976333345    
  0.92845     0.9981568187138091    
  0.9289000000000001     0.9981618410972415    
  0.92935     0.9981668647801075    
  0.9298     0.9981718897588747    
  0.93025     0.9981769160300039    
  0.9307000000000001     0.9981819435899526    
  0.93115     0.9981869724351706    
  0.9316     0.9981920025621029    
  0.93205     0.9981970339671881    
  0.9325     0.9982020666468596    
  0.9329500000000001     0.9982071005975457    
  0.9334     0.9982121358156674    
  0.9338500000000001     0.9982171722976392    
  0.9343     0.998222210039874    
  0.93475     0.9982272490387728    
  0.9352     0.9982322892907378    
  0.9356500000000001     0.9982373307921576    
  0.9361     0.9982423735394236    
  0.93655     0.9982474175289127    
  0.937     0.9982524627570037    
  0.93745     0.9982575092200644    
  0.9379000000000001     0.998262556914459    
  0.93835     0.9982676058365457    
  0.9388000000000001     0.9982726559826766    
  0.93925     0.998277707349198    
  0.9397     0.9982827599324513    
  0.94015     0.9982878137287691    
  0.9406     0.9982928687344828    
  0.94105     0.9982979249459163    
  0.9415     0.9983029823593856    
  0.9419500000000001     0.9983080409712013    
  0.9424     0.9983131007776719    
  0.94285     0.9983181617750951    
  0.9433     0.9983232239597675    
  0.9437500000000001     0.9983282873279746    
  0.9442     0.9983333518760019    
  0.94465     0.9983384176001247    
  0.9451     0.9983434844966151    
  0.94555     0.9983485525617378    
  0.9460000000000001     0.9983536217917541    
  0.94645     0.9983586921829135    
  0.9469000000000001     0.9983637637314687    
  0.94735     0.9983688364336587    
  0.9478     0.9983739102857202    
  0.94825     0.9983789852838847    
  0.9487     0.998384061424376    
  0.94915     0.9983891387034141    
  0.9496     0.9983942171172103    
  0.9500500000000001     0.9983992966619744    
  0.9505     0.9984043773339046    
  0.95095     0.9984094591292004    
  0.9514     0.9984145420440482    
  0.9518500000000001     0.9984196260746342    
  0.9523     0.9984247112171345    
  0.95275     0.9984297974677248    
  0.9532     0.998434884822569    
  0.95365     0.9984399732778289    
  0.9541000000000001     0.9984450628296595    
  0.95455     0.9984501534742096    
  0.9550000000000001     0.9984552452076235    
  0.95545     0.9984603380260384    
  0.9559     0.9984654319255868    
  0.95635     0.9984705269023927    
  0.9568000000000001     0.998475622952578    
  0.95725     0.9984807200722567    
  0.9577     0.998485818257538    
  0.9581500000000001     0.9984909175045238    
  0.9586     0.9984960178093105    
  0.9590500000000001     0.99850111916799    
  0.9595     0.9985062215766488    
  0.9599500000000001     0.9985113250313649    
  0.9604     0.9985164295282132    
  0.96085     0.9985215350632589    
  0.9613     0.9985266416325687    
  0.96175     0.9985317492321943    
  0.9622     0.9985368578581905    
  0.96265     0.9985419675065994    
  0.9631000000000001     0.9985470781734609    
  0.96355     0.9985521898548055    
  0.964     0.9985573025466655    
  0.96445     0.9985624162450585    
  0.9649000000000001     0.9985675309460026    
  0.96535     0.9985726466455054    
  0.9658     0.998577763339573    
  0.96625     0.9985828810242031    
  0.9667     0.9985879996953879    
  0.9671500000000001     0.9985931193491147    
  0.9676     0.9985982399813642    
  0.9680500000000001     0.9986033615881111    
  0.9685     0.9986084841653254    
  0.96895     0.9986136077089708    
  0.9694     0.9986187322150044    
  0.96985     0.998623857679379    
  0.9703     0.9986289840980407    
  0.97075     0.9986341114669298    
  0.9712000000000001     0.9986392397819801    
  0.97165     0.9986443690391209    
  0.9721     0.9986494992342765    
  0.97255     0.998654630363362    
  0.9730000000000001     0.9986597624222912    
  0.97345     0.9986648954069668    
  0.9739     0.9986700293132927    
  0.97435     0.9986751641371594    
  0.9748     0.9986802998744567    
  0.9752500000000001     0.9986854365210674    
  0.9757     0.9986905740728677    
  0.9761500000000001     0.9986957125257299    
  0.9766     0.9987008518755189    
  0.97705     0.998705992118093    
  0.9775     0.9987111332493064    
  0.9779500000000001     0.9987162752650068    
  0.9784     0.9987214181610369    
  0.97885     0.9987265619332342    
  0.9793000000000001     0.9987317065774258    
  0.97975     0.9987368520894411    
  0.9802000000000001     0.9987419984650958    
  0.98065     0.998747145700204    
  0.9811000000000001     0.9987522937905752    
  0.98155     0.9987574427320083    
  0.982     0.9987625925203025    
  0.98245     0.9987677431512445    
  0.9829     0.9987728946206215    
  0.9833500000000001     0.9987780469242116    
  0.9838     0.9987832000577875    
  0.9842500000000001     0.9987883540171176    
  0.9847     0.998793508797962    
  0.98515     0.9987986643960771    
  0.9856     0.9988038208072144    
  0.9860500000000001     0.998808978027116    
  0.9865     0.9988141360515221    
  0.98695     0.9988192948761635    
  0.9874     0.9988244544967707    
  0.98785     0.9988296149090615    
  0.9883000000000001     0.9988347761087548    
  0.98875     0.9988399380915582    
  0.9892000000000001     0.9988451008531767    
  0.98965     0.9988502643893086    
  0.9901     0.9988554286956468    
  0.99055     0.9988605937678797    
  0.991     0.9988657596016856    
  0.99145     0.9988709261927426    
  0.9919     0.99887609353672    
  0.9923500000000001     0.9988812616292824    
  0.9928     0.9988864304660865    
  0.99325     0.9988916000427873    
  0.9937     0.99889677035503    
  0.9941500000000001     0.9989019413984587    
  0.9946     0.9989071131687058    
  0.99505     0.9989122856614032    
  0.9955     0.9989174588721756    
  0.99595     0.9989226327966403    
  0.9964000000000001     0.9989278074304107    
  0.99685     0.998932982769094    
  0.9973000000000001     0.9989381588082927    
  0.99775     0.9989433355435999    
  0.9982     0.9989485129706094    
  0.99865     0.9989536910849043    
  0.9991000000000001     0.998958869882063    
  0.99955     0.9989640493576577    
  1.     0.9989692295072585   
