  0.10045000000000001     -0.0387086411220206    
  0.1009     -0.03888048895876922    
  0.10135000000000001     -0.03905231574867322    
  0.1018     -0.03922412139522096    
  0.10225000000000001     -0.03939590580186662    
  0.1027     -0.039567668872032134    
  0.10315     -0.03973941050909695    
  0.10360000000000001     -0.03991113061641194    
  0.10405     -0.040082829097286665    
  0.10450000000000001     -0.040254505854998984    
  0.10495     -0.040426160792784764    
  0.10540000000000001     -0.04059779381384987    
  0.10585     -0.040769404821357    
  0.1063     -0.04094099371843839    
  0.10675000000000001     -0.04111256040818818    
  0.1072     -0.04128410479365632    
  0.10765000000000001     -0.041455626777865164    
  0.1081     -0.04162712626379539    
  0.10855000000000001     -0.04179860315438916    
  0.10900000000000001     -0.0419700573525531    
  0.10945     -0.04214148876115296    
  0.10990000000000001     -0.042312897283020276    
  0.11035     -0.042484282820947135    
  0.11080000000000001     -0.042655645277686054    
  0.11125     -0.04282698455595109    
  0.11170000000000001     -0.042998300558418794    
  0.11215     -0.04316959318772663    
  0.1126     -0.043340862346473004    
  0.11305000000000001     -0.04351210793721931    
  0.1135     -0.04368332986248139    
  0.11395000000000001     -0.04385452802474185    
  0.1144     -0.0440257023264433    
  0.11485000000000001     -0.04419685266998461    
  0.11530000000000001     -0.044367978957729544    
  0.11575     -0.04453908109199615    
  0.11620000000000001     -0.04471015897506633    
  0.11665     -0.044881212509183414    
  0.11710000000000001     -0.04505224159654573    
  0.11755000000000002     -0.04522324613931241    
  0.11800000000000001     -0.045394226039602095    
  0.11845     -0.045565181199492905    
  0.1189     -0.04573611152102087    
  0.11935000000000001     -0.045907016906181305    
  0.1198     -0.04607789725692792    
  0.12025000000000001     -0.04624875247517472    
  0.1207     -0.04641958246278751    
  0.12115000000000001     -0.046590387121597396    
  0.12160000000000001     -0.046761166353391094    
  0.12205     -0.04693192005991131    
  0.12250000000000001     -0.04710264814285902    
  0.12295     -0.04727335050389337    
  0.12340000000000001     -0.047444027044631694    
  0.12385000000000002     -0.0476146776666451    
  0.12430000000000001     -0.047785302271466615    
  0.12475     -0.04795590076058083    
  0.1252     -0.048126473035432014    
  0.12565     -0.04829701899741887    
  0.12610000000000002     -0.048467538547900056    
  0.12655     -0.04863803158818688    
  0.127     -0.04880849801954922    
  0.12745     -0.04897893774320838    
  0.1279     -0.04914935066034685    
  0.12835000000000002     -0.04931973667209902    
  0.1288     -0.049490095679558865    
  0.12925     -0.04966042758376686    
  0.1297     -0.04983073228572708    
  0.13015000000000002     -0.05000100968639732    
  0.1306     -0.050171259686686426    
  0.13105     -0.05034148218745749    
  0.1315     -0.05051167708953541    
  0.13195     -0.05068184429369042    
  0.13240000000000002     -0.05085198370065079    
  0.13285000000000002     -0.05102209521110014    
  0.1333     -0.05119217872567492    
  0.13375     -0.05136223414495981    
  0.1342     -0.05153226136950299    
  0.13465     -0.051702260299799255    
  0.1351     -0.051872230836295455    
  0.13555     -0.05204217287939745    
  0.136     -0.0522120863294591    
  0.13645000000000002     -0.05238197108678564    
  0.13690000000000002     -0.05255182705164175    
  0.13735     -0.05272165412423708    
  0.1378     -0.05289145220473959    
  0.13825     -0.053061221193262356    
  0.13870000000000002     -0.05323096098987737    
  0.13915     -0.05340067149460306    
  0.1396     -0.05357035260741258    
  0.14005     -0.053740004228229825    
  0.1405     -0.053909626256929986    
  0.14095000000000002     -0.054079218593338384    
  0.14140000000000003     -0.05424878113723083    
  0.14185     -0.05441831378833659    
  0.1423     -0.05458781644633231    
  0.14275000000000002     -0.05475728901084867    
  0.1432     -0.05492673138146367    
  0.14365     -0.05509614345770418    
  0.1441     -0.055265525139053126    
  0.14455     -0.05543487632493921    
  0.14500000000000002     -0.055604196914738266    
  0.14545000000000002     -0.055773486807779084    
  0.1459     -0.0559427459033421    
  0.14635     -0.05611197410064946    
  0.1468     -0.056281171298880446    
  0.14725000000000002     -0.05645033739715966    
  0.1477     -0.05661947229455701    
  0.14815     -0.05678857589009663    
  0.1486     -0.0569576480827522    
  0.14905000000000002     -0.05712668877143746    
  0.14950000000000002     -0.057295697855020124    
  0.14995     -0.05746467523231519    
  0.1504     -0.0576336208020858    
  0.15085     -0.05780253446303923    
  0.15130000000000002     -0.05797141611383666    
  0.15175     -0.058140265653081155    
  0.1522     -0.05830908297932352    
  0.15265     -0.05847786799106383    
  0.1531     -0.058646620586745656    
  0.15355000000000002     -0.05881534066476408    
  0.15400000000000003     -0.058984028123457065    
  0.15445     -0.05915268286110971    
  0.1549     -0.05932130477595265    
  0.15535000000000002     -0.05948989376616456    
  0.1558     -0.05965844972986544    
  0.15625     -0.059826972565129845    
  0.1567     -0.05999546216996569    
  0.15715     -0.06016391844234    
  0.15760000000000002     -0.06033234128015162    
  0.15805000000000002     -0.06050073058125269    
  0.1585     -0.06066908624344224    
  0.15895     -0.0608374081644537    
  0.15940000000000001     -0.06100569624197707    
  0.15985000000000002     -0.06117395037363977    
  0.1603     -0.06134217045701296    
  0.16075     -0.061510356389615314    
  0.1612     -0.06167850806890933    
  0.16165000000000002     -0.061846625392298266    
  0.16210000000000002     -0.062014708257133094    
  0.16255000000000003     -0.06218275656070424    
  0.163     -0.06235077020024735    
  0.16345     -0.06251874907294278    
  0.16390000000000002     -0.06268669307591263    
  0.16435     -0.06285460210622042    
  0.1648     -0.06302247606087218    
  0.16525     -0.06319031483682105    
  0.16570000000000001     -0.06335811833095482    
  0.16615000000000002     -0.06352588644011602    
  0.16660000000000003     -0.06369361906107146    
  0.16705000000000003     -0.0638613160905469    
  0.1675     -0.06402897742519882    
  0.16795000000000002     -0.06419660296163235    
  0.1684     -0.06436419259638959    
  0.16885     -0.06453174622595272    
  0.1693     -0.06469926374675078    
  0.16975     -0.06486674505514836    
  0.17020000000000002     -0.06503419004745553    
  0.17065000000000002     -0.06520159861991756    
  0.17110000000000003     -0.06536897066872334    
  0.17155     -0.06553630609000369    
  0.17200000000000001     -0.0657036047798276    
  0.17245     -0.06587086663420083    
  0.1729     -0.06603809154907905    
  0.17335     -0.06620527942034359    
  0.1738     -0.06637243014382685    
  0.17425000000000002     -0.0665395436152962    
  0.17470000000000002     -0.06670661973045793    
  0.17515000000000003     -0.0668736583849561    
  0.1756     -0.0670406594743786    
  0.17605     -0.06720762289424874    
  0.17650000000000002     -0.06737454854002481    
  0.17695     -0.06754143630711114    
  0.1774     -0.06770828609084599    
  0.17785     -0.06787509778650623    
  0.17830000000000001     -0.06804187128930453    
  0.17875000000000002     -0.06820860649439546    
  0.17920000000000003     -0.06837530329686867    
  0.17965000000000003     -0.06854196159175407    
  0.1801     -0.06870858127401488    
  0.18055000000000002     -0.06887516223855188    
  0.181     -0.06904170438020775    
  0.18145     -0.06920820759375337    
  0.1819     -0.06937467177390742    
  0.18235     -0.06954109681531645    
  0.18280000000000002     -0.06970748261256537    
  0.18325000000000002     -0.06987382906017715    
  0.18370000000000003     -0.07004013605260895    
  0.18415     -0.07020640348425511    
  0.18460000000000001     -0.07037263124944644    
  0.18505000000000002     -0.07053881924244507    
  0.1855     -0.07070496735745418    
  0.18595     -0.07087107548860735    
  0.1864     -0.07103714352997516    
  0.18685000000000002     -0.07120317137556646    
  0.18730000000000002     -0.07136915891932072    
  0.18775000000000003     -0.0715351060551121    
  0.18820000000000003     -0.07170101267674923    
  0.18865     -0.07186687867797896    
  0.18910000000000002     -0.07203270395247724    
  0.18955     -0.07219848839385766    
  0.19     -0.07236423189566471    
  0.19045     -0.07252993435137686    
  0.19090000000000001     -0.07269559565441223    
  0.19135000000000002     -0.07286121569811256    
  0.19180000000000003     -0.07302679437575899    
  0.19225000000000003     -0.07319233158056664    
  0.1927     -0.07335782720567553    
  0.19315000000000002     -0.07352328114416731    
  0.1936     -0.07368869328905207    
  0.19405     -0.0738540635332756    
  0.1945     -0.07401939176970844    
  0.19495     -0.07418467789116533    
  0.19540000000000002     -0.07434992179037751    
  0.19585000000000002     -0.07451512336002172    
  0.19630000000000003     -0.0746802824927003    
  0.19675     -0.07484539908094641    
  0.19720000000000001     -0.07501047301722347    
  0.19765000000000002     -0.07517550419393444    
  0.1981     -0.0753404925034005    
  0.19855     -0.07550543783788488    
  0.199     -0.07567034008957432    
  0.19945000000000002     -0.07583519915058895    
  0.19990000000000002     -0.07600001491297849    
  0.20035000000000003     -0.07616478726872411    
  0.20080000000000003     -0.07632951610973664    
  0.20125     -0.07649420132785496    
  0.20170000000000002     -0.07665884281484847    
  0.20215     -0.07682344046241649    
  0.2026     -0.07698799416219058    
  0.20305     -0.0771525038057269    
  0.20350000000000001     -0.07731696928451072    
  0.20395000000000002     -0.07748139048996075    
  0.20440000000000003     -0.07764576731342065    
  0.20485000000000003     -0.07781009964616378    
  0.2053     -0.07797438737939098    
  0.20575000000000002     -0.07813863040423372    
  0.20620000000000002     -0.0783028286117522    
  0.20665     -0.0784669818929285    
  0.2071     -0.07863109013867942    
  0.20755     -0.07879515323984607    
  0.20800000000000002     -0.07895917108719593    
  0.20845000000000002     -0.07912314357142514    
  0.20890000000000003     -0.07928707058316299    
  0.20935000000000004     -0.07945095201295134    
  0.20980000000000001     -0.07961478775127406    
  0.21025000000000002     -0.07977857768853308    
  0.2107     -0.07994232171506047    
  0.21115     -0.0801060197211139    
  0.2116     -0.08026967159687269    
  0.21205000000000002     -0.08043327723245085    
  0.21250000000000002     -0.08059683651788198    
  0.21295000000000003     -0.08076034934312716    
  0.21340000000000003     -0.08092381559807149    
  0.21385     -0.08108723517252672    
  0.21430000000000002     -0.08125060795623418    
  0.21475     -0.0814139338388557    
  0.2152     -0.08157721270997412    
  0.21565     -0.08174044445910629    
  0.21610000000000001     -0.08190362897568894    
  0.21655000000000002     -0.08206676614908019    
  0.21700000000000003     -0.08222985586856738    
  0.21745000000000003     -0.08239289802336351    
  0.2179     -0.08255589250259712    
  0.21835000000000002     -0.08271883919532673    
  0.21880000000000002     -0.08288173799053607    
  0.21925     -0.08304458877713111    
  0.2197     -0.08320739144393655    
  0.22015     -0.08337014587970543    
  0.22060000000000002     -0.08353285197311616    
  0.22105000000000002     -0.08369550961276212    
  0.22150000000000003     -0.08385811868716021    
  0.22195000000000004     -0.08402067908476155    
  0.22240000000000001     -0.08418319069392478    
  0.22285000000000002     -0.08434565340294226    
  0.2233     -0.08450806710001828    
  0.22375     -0.08467043167328901    
  0.2242     -0.08483274701080323    
  0.22465000000000002     -0.08499501300054253    
  0.22510000000000002     -0.0851572295303991    
  0.22555000000000003     -0.08531939648819077    
  0.226     -0.08548151376165695    
  0.22645     -0.08564358123845746    
  0.22690000000000002     -0.08580559880617213    
  0.22735000000000002     -0.08596756635230893    
  0.22780000000000003     -0.08612948376428256    
  0.22825     -0.08629135092943716    
  0.22870000000000001     -0.08645316773503703    
  0.22915000000000002     -0.08661493406826111    
  0.22960000000000003     -0.08677664981621809    
  0.23005     -0.08693831486592356    
  0.2305     -0.08709992910432575    
  0.23095000000000002     -0.08726149241828222    
  0.23140000000000002     -0.08742300469457287    
  0.23185000000000003     -0.08758446581990299    
  0.2323     -0.08774587568088406    
  0.23275     -0.08790723416405696    
  0.23320000000000002     -0.08806854115588068    
  0.23365000000000002     -0.08822979654272531    
  0.23410000000000003     -0.08839100021088253    
  0.23455     -0.08855215204657069    
  0.23500000000000001     -0.0887132519359101    
  0.23545000000000002     -0.088874299764956    
  0.23590000000000003     -0.0890352954196646    
  0.23635     -0.08919623878592871    
  0.2368     -0.08935712974953493    
  0.23725000000000002     -0.08951796819620984    
  0.23770000000000002     -0.08967875401158482    
  0.23815000000000003     -0.08983948708120923    
  0.2386     -0.09000016729054897    
  0.23905     -0.09016079452499409    
  0.23950000000000002     -0.09032136866983932    
  0.23995000000000002     -0.09048188961030386    
  0.24040000000000003     -0.09064235723151967    
  0.24085     -0.09080277141853672    
  0.24130000000000001     -0.09096313205631797    
  0.24175000000000002     -0.09112343902974543    
  0.24220000000000003     -0.0912836922236139    
  0.24265000000000003     -0.09144389152263692    
  0.2431     -0.09160403681143485    
  0.24355000000000002     -0.09176412797455595    
  0.24400000000000002     -0.0919241648964512    
  0.24445000000000003     -0.09208414746149018    
  0.2449     -0.09224407555396454    
  0.24535     -0.09240394905807206    
  0.24580000000000002     -0.09256376785792224    
  0.24625000000000002     -0.09272353183754732    
  0.24670000000000003     -0.09288324088088933    
  0.24715     -0.09304289487179994    
  0.24760000000000001     -0.09320249369405471    
  0.24805000000000002     -0.09336203723133207    
  0.24850000000000003     -0.0935215253672268    
  0.24895000000000003     -0.0936809579852508    
  0.2494     -0.09384033496882979    
  0.24985000000000002     -0.09399965620129187    
  0.2503     -0.09415892156588615    
  0.25075000000000003     -0.09431813094577454    
  0.2512     -0.09447728422402853    
  0.25165000000000004     -0.09463638128363573    
  0.2521     -0.09479542200748844    
  0.25255000000000005     -0.09495440627839787    
  0.253     -0.09511333397908013    
  0.25345     -0.09527220499217062    
  0.2539     -0.09543101920021103    
  0.25435     -0.09558977648566133    
  0.2548     -0.09574847673088026    
  0.25525000000000003     -0.09590711981814638    
  0.25570000000000004     -0.09606570562964713    
  0.25615     -0.09622423404747896    
  0.25660000000000005     -0.09638270495364998    
  0.25705     -0.0965411182300834    
  0.2575     -0.09669947375860376    
  0.25795     -0.09685777142095144    
  0.2584     -0.09701601109877334    
  0.25885     -0.09717419267362921    
  0.25930000000000003     -0.09733231602698764    
  0.25975000000000004     -0.09749038104022094    
  0.2602     -0.09764838759462004    
  0.26065000000000005     -0.09780633557137929    
  0.2611     -0.09796422485160343    
  0.26155000000000006     -0.09812205531630311    
  0.262     -0.09827982684640359    
  0.26245     -0.09843753932273126    
  0.2629     -0.09859519262603142    
  0.26335000000000003     -0.09875278663694063    
  0.26380000000000003     -0.09891032123601659    
  0.26425     -0.09906779630372622    
  0.26470000000000005     -0.09922521172043418    
  0.26515     -0.09938256736642148    
  0.26560000000000006     -0.09953986312186612    
  0.26605     -0.09969709886686665    
  0.2665     -0.09985427448142044    
  0.26695     -0.10001138984543366    
  0.2674     -0.10016844483871462    
  0.26785000000000003     -0.10032543934098682    
  0.2683     -0.1004823732318734    
  0.26875000000000004     -0.10063924639090337    
  0.2692     -0.10079605869752092    
  0.26965000000000006     -0.10095281003106395    
  0.2701     -0.10110950027078686    
  0.27055     -0.10126612929584136    
  0.271     -0.10142269698528714    
  0.27145     -0.10157920321808835    
  0.27190000000000003     -0.10173564787312224    
  0.27235     -0.10189203082916008    
  0.27280000000000004     -0.10204835196488553    
  0.27325     -0.10220461115888194    
  0.27370000000000005     -0.10236080828963567    
  0.27415     -0.10251694323554857    
  0.2746     -0.1026730158749141    
  0.27505     -0.10282902608593854    
  0.2755     -0.10298497374672201    
  0.27595000000000003     -0.10314085873528094    
  0.27640000000000003     -0.1032966809295255    
  0.27685000000000004     -0.10345244020727609    
  0.2773     -0.10360813644625269    
  0.27775000000000005     -0.10376376952407822    
  0.2782     -0.10391933931827692    
  0.27865     -0.10407484570628102    
  0.2791     -0.1042302885654245    
  0.27955     -0.10438566777294053    
  0.28     -0.10454098320596071    
  0.28045000000000003     -0.10469623474153425    
  0.28090000000000004     -0.10485142225659326    
  0.28135     -0.10500654562798803    
  0.28180000000000005     -0.10516160473245843    
  0.28225     -0.10531659944665671    
  0.28270000000000006     -0.10547152964712143    
  0.28315     -0.10562639521031124    
  0.2836     -0.10578119601257192    
  0.28405     -0.10593593193015427    
  0.28450000000000003     -0.10609060283921262    
  0.28495000000000004     -0.10624520861579956    
  0.2854     -0.10639974913586417    
  0.28585000000000005     -0.10655422427527055    
  0.2863     -0.10670863390975946    
  0.28675000000000006     -0.10686297791499207    
  0.2872     -0.10701725616652129    
  0.28765     -0.10717146853979813    
  0.2881     -0.10732561491018111    
  0.28855000000000003     -0.10747969515291647    
  0.28900000000000003     -0.10763370914315999    
  0.28945     -0.10778765675595833    
  0.28990000000000005     -0.1079415378662667    
  0.29035     -0.10809535234892814    
  0.29080000000000006     -0.10824910007869727    
  0.29125     -0.10840278093021502    
  0.2917     -0.10855639477802272    
  0.29215     -0.10870994149656661    
  0.2926     -0.1088634209601863    
  0.29305000000000003     -0.1090168330431189    
  0.2935     -0.10917017761950028    
  0.29395000000000004     -0.10932345456336913    
  0.2944     -0.10947666374864874    
  0.29485000000000006     -0.10962980504917368    
  0.2953     -0.10978287833866468    
  0.29575     -0.1099358834907438    
  0.2962     -0.11008882037893783    
  0.29665     -0.11024168887665209    
  0.29710000000000003     -0.11039448885720415    
  0.29755000000000004     -0.11054722019380439    
  0.29800000000000004     -0.11069988275955234    
  0.29845     -0.11085247642745666    
  0.29890000000000005     -0.11100500107040806    
  0.29935     -0.1111574565611977    
  0.2998     -0.11130984277251459    
  0.30025     -0.11146215957694684    
  0.3007     -0.1116144068469719    
  0.30115000000000003     -0.11176658445495578    
  0.30160000000000003     -0.11191869227318056    
  0.30205000000000004     -0.11207073017380086    
  0.3025     -0.11222269802887634    
  0.30295000000000005     -0.1123745957103637    
  0.3034     -0.11252642309010528    
  0.30385000000000006     -0.11267818003984632    
  0.3043     -0.11282986643121996    
  0.30475     -0.11298148213575768    
  0.3052     -0.11313302702488127    
  0.30565000000000003     -0.1132845009699066    
  0.30610000000000004     -0.11343590384204962    
  0.30655     -0.11358723551240471    
  0.30700000000000005     -0.11373849585197772    
  0.30745     -0.11388968473165567    
  0.30790000000000006     -0.11404080202221574    
  0.30835     -0.11419184759433817    
  0.3088     -0.11434282131858967    
  0.30925     -0.11449372306543477    
  0.30970000000000003     -0.11464455270521907    
  0.31015000000000004     -0.11479531010819093    
  0.3106     -0.11494599514448764    
  0.31105000000000005     -0.11509660768413284    
  0.3115     -0.11524714759705289    
  0.31195000000000006     -0.11539761475305364    
  0.3124     -0.11554800902184273    
  0.31285     -0.11569833027301271    
  0.3133     -0.11584857837604426    
  0.31375000000000003     -0.11599875320031999    
  0.31420000000000003     -0.1161488546151008    
  0.31465     -0.11629888248954903    
  0.31510000000000005     -0.11644883669270677    
  0.31555     -0.11659871709351513    
  0.31600000000000006     -0.11674852356080334    
  0.31645     -0.11689825596328866    
  0.3169     -0.11704791416957447    
  0.31735     -0.11719749804816851    
  0.3178     -0.11734700746744554    
  0.31825000000000003     -0.11749644229568983    
  0.31870000000000004     -0.11764580240106672    
  0.31915000000000004     -0.11779508765162483    
  0.3196     -0.11794429791531916    
  0.32005000000000006     -0.1180934330599713    
  0.3205     -0.11824249295330648    
  0.32095     -0.11839147746293702    
  0.3214     -0.11854038645635676    
  0.32185     -0.11868921980095382    
  0.32230000000000003     -0.1188379773639974    
  0.32275000000000004     -0.11898665901266205    
  0.32320000000000004     -0.11913526461398612    
  0.32365     -0.11928379403490981    
  0.32410000000000005     -0.11943224714225678    
  0.32455     -0.11958062380274471    
  0.32500000000000007     -0.1197289238829647    
  0.32545     -0.11987714724941015    
  0.3259     -0.12002529376845067    
  0.32635000000000003     -0.12017336330634258    
  0.32680000000000003     -0.12032135572924066    
  0.32725000000000004     -0.12046927090317208    
  0.3277     -0.12061710869405659    
  0.32815000000000005     -0.1207648689676959    
  0.3286     -0.12091255158978984    
  0.32905000000000006     -0.12106015642590794    
  0.3295     -0.12120768334151479    
  0.32995     -0.12135513220195644    
  0.3304     -0.12150250287246891    
  0.33085000000000003     -0.12164979521817008    
  0.33130000000000004     -0.12179700910405868    
  0.33175000000000004     -0.12194414439503341    
  0.33220000000000005     -0.1220912009558616    
  0.33265     -0.12223817865119771    
  0.3331     -0.12238507734558832    
  0.33355     -0.12253189690346031    
  0.334     -0.12267863718912526    
  0.33445     -0.12282529806677446    
  0.33490000000000003     -0.12297187940049065    
  0.33535000000000004     -0.12311838105423314    
  0.33580000000000004     -0.12326480289185186    
  0.33625000000000005     -0.12341114477707221    
  0.33670000000000005     -0.12355740657350892    
  0.33715     -0.12370358814465847    
  0.3376     -0.12384968935389809    
  0.33805     -0.12399571006449    
  0.3385     -0.12414165013958059    
  0.33895000000000003     -0.1242875094421966    
  0.33940000000000003     -0.12443328783524886    
  0.33985000000000004     -0.12457898518152552    
  0.34030000000000005     -0.12472460134370392    
  0.34075000000000005     -0.1248701361843376    
  0.3412     -0.125015589565863    
  0.34165     -0.12516096135060545    
  0.3421     -0.12530625140076446    
  0.34255     -0.125451459578419    
  0.343     -0.1255965857455308    
  0.34345000000000003     -0.12574162976395445    
  0.34390000000000004     -0.12588659149540374    
  0.34435000000000004     -0.12603147080149446    
  0.34480000000000005     -0.126176267543711    
  0.34525000000000006     -0.12632098158342092    
  0.3457     -0.1264656127818725    
  0.34615     -0.12661016100019176    
  0.3466     -0.12675462609939117    
  0.34705     -0.12689900794035822    
  0.34750000000000003     -0.12704330638385888    
  0.34795000000000004     -0.1271875212905472    
  0.34840000000000004     -0.1273316525209406    
  0.34885000000000005     -0.1274756999354534    
  0.34930000000000005     -0.1276196633943723    
  0.34975     -0.12776354275785975    
  0.3502     -0.12790733788595757    
  0.35065     -0.1280510486385962    
  0.3511     -0.12819467487556777    
  0.35155000000000003     -0.12833821645655885    
  0.35200000000000004     -0.12848167324112542    
  0.35245000000000004     -0.1286250450887076    
  0.35290000000000005     -0.12876833185861516    
  0.35335000000000005     -0.12891153341004608    
  0.3538     -0.1290546496020654    
  0.35425     -0.12919768029362427    
  0.3547     -0.12934062534355037    
  0.35515     -0.1294834846105466    
  0.3556     -0.12962625795319122    
  0.35605000000000003     -0.12976894522993834    
  0.35650000000000004     -0.12991154629912813    
  0.35695000000000005     -0.13005406101896866    
  0.35740000000000005     -0.13019648924754992    
  0.35785     -0.13033883084283626    
  0.3583     -0.13048108566266547    
  0.35875     -0.13062325356475574    
  0.3592     -0.13076533440670626    
  0.35965     -0.1309073280459763    
  0.36010000000000003     -0.13104923433991478    
  0.36055000000000004     -0.1311910531457439    
  0.36100000000000004     -0.13133278432056017    
  0.36145000000000005     -0.13147442772133155    
  0.3619     -0.13161598320490905    
  0.36235000000000006     -0.13175745062801064    
  0.3628     -0.1318988298472343    
  0.36325     -0.13204012071905205    
  0.3637     -0.13218132309981226    
  0.36415000000000003     -0.13232243684573358    
  0.36460000000000004     -0.13246346181291155    
  0.36505000000000004     -0.13260439785731507    
  0.36550000000000005     -0.13274524483479055    
  0.36595000000000005     -0.13288600260105185    
  0.36640000000000006     -0.13302667101169838    
  0.36685     -0.13316724992218382    
  0.3673     -0.1333077391878557    
  0.36775     -0.13344813866392424    
  0.3682     -0.1335884482054704    
  0.36865000000000003     -0.13372866766746178    
  0.36910000000000004     -0.13386879690472825    
  0.36955000000000005     -0.13400883577196365    
  0.37000000000000005     -0.13414878412375747    
  0.37045000000000006     -0.13428864181455924    
  0.3709     -0.13442840869868455    
  0.37135     -0.13456808463033332    
  0.3718     -0.13470766946357504    
  0.37225     -0.13484716305233804    
  0.37270000000000003     -0.13498656525044508    
  0.37315000000000004     -0.13512587591157488    
  0.37360000000000004     -0.13526509488928126    
  0.37405000000000005     -0.13540422203698627    
  0.37450000000000006     -0.13554325720799582    
  0.37495     -0.1356822002554733    
  0.3754     -0.13582105103245715    
  0.37585     -0.13595980939186306    
  0.3763     -0.13609847518646756    
  0.37675000000000003     -0.1362370482689287    
  0.37720000000000004     -0.13637552849175968    
  0.37765000000000004     -0.13651391570736704    
  0.37810000000000005     -0.13665220976799786    
  0.37855000000000005     -0.13679041052580052    
  0.379     -0.13692851783277246    
  0.37945     -0.13706653154078519    
  0.3799     -0.1372044515015871    
  0.38035     -0.13734227756678358    
  0.3808     -0.13748000958786583    
  0.38125000000000003     -0.1376176474161794    
  0.38170000000000004     -0.1377551909029493    
  0.38215000000000005     -0.13789263989925976    
  0.38260000000000005     -0.13802999425607307    
  0.38305     -0.13816725382422027    
  0.38350000000000006     -0.1383044184543917    
  0.38395     -0.13844148799715766    
  0.3844     -0.13857846230294957    
  0.38485     -0.13871534122206447    
  0.38530000000000003     -0.13885212460467572    
  0.38575000000000004     -0.13898881230082705    
  0.38620000000000004     -0.13912540416041047    
  0.38665000000000005     -0.13926190003320968    
  0.38710000000000006     -0.13939829976886578    
  0.38755000000000006     -0.13953460321688213    
  0.388     -0.13967081022663552    
  0.38845     -0.13980692064737188    
  0.3889     -0.1399429343281987    
  0.38935000000000003     -0.14007885111809307    
  0.38980000000000004     -0.14021467086590306    
  0.39025000000000004     -0.14035039342033087    
  0.39070000000000005     -0.14048601862996113    
  0.39115000000000005     -0.140621546343234    
  0.39160000000000006     -0.14075697640845786    
  0.39205     -0.1408923086738077    
  0.3925     -0.14102754298733194    
  0.39295     -0.14116267919693543    
  0.3934     -0.14129771715038952    
  0.39385000000000003     -0.14143265669533317    
  0.39430000000000004     -0.14156749767927598    
  0.39475000000000005     -0.14170223994957942    
  0.39520000000000005     -0.14183688335348485    
  0.39565000000000006     -0.1419714277380961    
  0.3961     -0.14210587295036978    
  0.39655     -0.14224021883714422    
  0.397     -0.14237446524511296    
  0.39745     -0.14250861202083392    
  0.39790000000000003     -0.14264265901073056    
  0.39835000000000004     -0.14277660606109127    
  0.39880000000000004     -0.14291045301806762    
  0.39925000000000005     -0.14304419972768295    
  0.39970000000000006     -0.14317784603581216    
  0.40015     -0.1433113917882005    
  0.40060000000000007     -0.14344483683045917    
  0.40105     -0.14357818100805564    
  0.4015     -0.14371142416632562    
  0.40195000000000003     -0.14384456615047228    
  0.40240000000000004     -0.1439776068055542    
  0.40285000000000004     -0.14411054597650047    
  0.40330000000000005     -0.1442433835080927    
  0.40375000000000005     -0.14437611924498925    
  0.4042     -0.1445087530316939    
  0.40465000000000007     -0.14464128471258852    
  0.4051     -0.14477371413191156    
  0.40555     -0.1449060411337647    
  0.406     -0.14503826556210758    
  0.40645000000000003     -0.14517038726077108    
  0.40690000000000004     -0.14530240607343245    
  0.40735000000000005     -0.14543432184365332    
  0.40780000000000005     -0.14556613441483182    
  0.40825     -0.14569784363024949    
  0.40870000000000006     -0.14582944933303207    
  0.40915     -0.14596095136617704    
  0.4096     -0.1460923495725455    
  0.41005     -0.1462236437948498    
  0.41050000000000003     -0.146354833875673    
  0.41095000000000004     -0.14648591965744612    
  0.41140000000000004     -0.14661690098246988    
  0.41185000000000005     -0.14674777769290945    
  0.41230000000000006     -0.14687854963078775    
  0.41275000000000006     -0.14700921663797636    
  0.4132     -0.14713977855622956    
  0.41365     -0.14727023522713742    
  0.4141     -0.14740058649216273    
  0.41455000000000003     -0.14753083219263233    
  0.41500000000000004     -0.14766097216972693    
  0.41545000000000004     -0.14779100626447783    
  0.41590000000000005     -0.14792093431779615    
  0.41635000000000005     -0.14805075617044058    
  0.41680000000000006     -0.1481804716630199    
  0.41725     -0.14831008063601744    
  0.4177     -0.1484395829297739    
  0.41815     -0.14856897838448538    
  0.4186     -0.14869826684019982    
  0.41905000000000003     -0.14882744813683468    
  0.41950000000000004     -0.14895652211416152    
  0.41995000000000005     -0.14908548861180637    
  0.42040000000000005     -0.14921434746926773    
  0.42085000000000006     -0.14934309852588645    
  0.4213     -0.14947174162086344    
  0.42175000000000007     -0.14960027659326702    
  0.4222     -0.14972870328201288    
  0.42265     -0.14985702152588673    
  0.42310000000000003     -0.14998523116351642    
  0.42355000000000004     -0.15011333203340066    
  0.42400000000000004     -0.15024132397388856    
  0.42445000000000005     -0.15036920682318686    
  0.42490000000000006     -0.1504969804193615    
  0.42535     -0.15062464460033784    
  0.42580000000000007     -0.1507521992038902    
  0.42625     -0.1508796440676542    
  0.4267     -0.15100697902912738    
  0.42715000000000003     -0.15113420392565763    
  0.42760000000000004     -0.1512613185944458    
  0.42805000000000004     -0.15138832287255047    
  0.42850000000000005     -0.15151521659690806    
  0.42895000000000005     -0.15164199960427188    
  0.4294     -0.15176867173128208    
  0.42985000000000007     -0.15189523281442774    
  0.4303     -0.15202168269004201    
  0.43075     -0.1521480211943213    
  0.4312     -0.15227424816333435    
  0.43165000000000003     -0.15240036343297456    
  0.43210000000000004     -0.15252636683900797    
  0.43255000000000005     -0.15265225821706288    
  0.43300000000000005     -0.15277803740260051    
  0.43345     -0.15290370423095026    
  0.43390000000000006     -0.15302925853731175    
  0.43435     -0.15315470015670432    
  0.4348     -0.1532800289240301    
  0.43525     -0.15340524467404085    
  0.43570000000000003     -0.15353034724132766    
  0.43615000000000004     -0.1536553364603578    
  0.43660000000000004     -0.15378021216543775    
  0.43705000000000005     -0.15390497419073393    
  0.43750000000000006     -0.1540296223702562    
  0.43795000000000006     -0.15415415653788997    
  0.4384     -0.15427857652735932    
  0.43885     -0.1544028821722374    
  0.4393     -0.15452707330596147    
  0.43975000000000003     -0.15465114976181255    
  0.44020000000000004     -0.1547751113729468    
  0.44065000000000004     -0.15489895797233738    
  0.44110000000000005     -0.15502268939284988    
  0.44155000000000005     -0.15514630546716607    
  0.44200000000000006     -0.15526980602785873    
  0.44245     -0.1553931909073122    
  0.44290000000000007     -0.1555164599378014    
  0.44335     -0.1556396129514346    
  0.44380000000000003     -0.15576264978015958    
  0.44425000000000003     -0.15588557025581468    
  0.44470000000000004     -0.156008374210052    
  0.44515000000000005     -0.15613106147439512    
  0.44560000000000005     -0.15625363188021532    
  0.44605000000000006     -0.15637608525873922    
  0.4465     -0.15649842144103976    
  0.44695000000000007     -0.15662064025804978    
  0.4474     -0.1567427415405388    
  0.44785     -0.15686472511915386    
  0.44830000000000003     -0.1569865908243581    
  0.44875000000000004     -0.15710833848649886    
  0.44920000000000004     -0.15722996793575614    
  0.44965000000000005     -0.15735147900216417    
  0.45010000000000006     -0.1574728715156093    
  0.45055     -0.15759414530583632    
  0.45100000000000007     -0.15771530020242486    
  0.45145     -0.15783633603482108    
  0.4519     -0.15795725263231336    
  0.45235000000000003     -0.1580780498240411    
  0.45280000000000004     -0.15819872743899882    
  0.45325000000000004     -0.1583192853060213    
  0.45370000000000005     -0.15843972325381062    
  0.45415000000000005     -0.15856004111089306    
  0.4546     -0.15868023870567416    
  0.45505000000000007     -0.15880031586639215    
  0.4555     -0.15892027242113554    
  0.4559500000000001     -0.1590401081978444    
  0.45640000000000003     -0.15915982302431217    
  0.45685000000000003     -0.15927941672817872    
  0.45730000000000004     -0.1593988891369405    
  0.45775000000000005     -0.1595182400779264    
  0.45820000000000005     -0.15963746937833068    
  0.45865     -0.15975657686519526    
  0.45910000000000006     -0.15987556236539674    
  0.45955     -0.15999442570566827    
  0.4600000000000001     -0.16011316671260625    
  0.46045     -0.1602317852126449    
  0.46090000000000003     -0.16035028103205468    
  0.46135000000000004     -0.1604686539969769    
  0.46180000000000004     -0.16058690393338165    
  0.46225000000000005     -0.16070503066709965    
  0.4627     -0.16082303402381093    
  0.46315000000000006     -0.16094091382903336    
  0.4636     -0.16105866990814222    
  0.4640500000000001     -0.16117630208635486    
  0.4645     -0.16129381018875388    
  0.46495000000000003     -0.161411194040232    
  0.46540000000000004     -0.16152845346556827    
  0.46585000000000004     -0.16164558828936654    
  0.46630000000000005     -0.16176259833609058    
  0.46675     -0.16187948343004865    
  0.46720000000000006     -0.16199624339538782    
  0.46765     -0.16211287805611166    
  0.46810000000000007     -0.16222938723606933    
  0.46855     -0.16234577075896064    
  0.46900000000000003     -0.16246202844831922    
  0.46945000000000003     -0.16257816012754292    
  0.46990000000000004     -0.16269416561985264    
  0.47035000000000005     -0.16281004474835764    
  0.47080000000000005     -0.1629257973359625    
  0.47125000000000006     -0.16304142320545575    
  0.4717     -0.1631569221794597    
  0.47215000000000007     -0.16327229408044716    
  0.4726     -0.16338753873072442    
  0.4730500000000001     -0.16350265595245517    
  0.47350000000000003     -0.16361764556765102    
  0.47395000000000004     -0.16373250739816567    
  0.47440000000000004     -0.1638472412657006    
  0.47485000000000005     -0.16396184699180036    
  0.47530000000000006     -0.1640763243978508    
  0.47575     -0.1641906733050919    
  0.47620000000000007     -0.16430489353462183    
  0.47665     -0.16441898490735393    
  0.4771000000000001     -0.16453294724405693    
  0.47755000000000003     -0.16464678036537253    
  0.47800000000000004     -0.1647604840917406    
  0.47845000000000004     -0.16487405824348653    
  0.47890000000000005     -0.1649875026407723    
  0.47935000000000005     -0.16510081710358152    
  0.4798     -0.1652140014517671    
  0.48025000000000007     -0.16532705550502746    
  0.4807     -0.16543997908288194    
  0.4811500000000001     -0.16555277200472437    
  0.48160000000000003     -0.1656654340897672    
  0.48205000000000003     -0.16577796515709092    
  0.48250000000000004     -0.16589036502560642    
  0.48295000000000005     -0.16600263351407213    
  0.48340000000000005     -0.1661147704410941    
  0.48385     -0.16622677562511065    
  0.48430000000000006     -0.1663386488844157    
  0.48475     -0.16645039003714684    
  0.4852000000000001     -0.16656199890128348    
  0.48565     -0.1666734752946602    
  0.48610000000000003     -0.1667848190349179    
  0.48655000000000004     -0.16689602993959296    
  0.48700000000000004     -0.1670071078260253    
  0.48745000000000005     -0.16711805251142386    
  0.4879     -0.16722886381282487    
  0.48835000000000006     -0.16733954154711    
  0.4888     -0.1674500855310294    
  0.4892500000000001     -0.1675604955811359    
  0.4897     -0.16767077151384402    
  0.49015000000000003     -0.16778091314543028    
  0.49060000000000004     -0.16789092029197997    
  0.49105000000000004     -0.16800079276945065    
  0.49150000000000005     -0.16811053039362472    
  0.49195000000000005     -0.16822013298013663    
  0.49240000000000006     -0.16832960034446123    
  0.49285     -0.16843893230191065    
  0.49330000000000007     -0.16854812866765662    
  0.49375     -0.16865718925669138    
  0.4942000000000001     -0.16876611388386842    
  0.49465000000000003     -0.1688749023638671    
  0.49510000000000004     -0.1689835545112291    
  0.49555000000000005     -0.16909207014032196    
  0.49600000000000005     -0.16920044906535234    
  0.49645000000000006     -0.16930869110039118    
  0.4969     -0.16941679605933552    
  0.49735000000000007     -0.16952476375592326    
  0.4978     -0.16963259400374173    
  0.4982500000000001     -0.16974028661621926    
  0.49870000000000003     -0.1698478414066261    
  0.49915000000000004     -0.16995525818806456    
  0.49960000000000004     -0.1700625367734914    
  0.5000500000000001     -0.17016967697569774    
  0.5005000000000001     -0.1702766786073213    
  0.50095     -0.17038354148084373    
  0.5014000000000001     -0.17049026540857207    
  0.50185     -0.17059685020267404    
  0.5023000000000001     -0.17070329567515635    
  0.50275     -0.17080960163785655    
  0.5032000000000001     -0.17091576790245916    
  0.50365     -0.17102179428048633    
  0.5041     -0.17112768058332048    
  0.50455     -0.17123342662215185    
  0.505     -0.17133903220803803    
  0.5054500000000001     -0.17144449715187018    
  0.5059     -0.17154982126438262    
  0.5063500000000001     -0.17165500435614006    
  0.5068     -0.17176004623756025    
  0.50725     -0.17186494671889402    
  0.5077     -0.17196970561024233    
  0.5081500000000001     -0.17207432272154122    
  0.5086     -0.17217879786256104    
  0.50905     -0.17228313084291932    
  0.5095000000000001     -0.17238732147208002    
  0.50995     -0.1724913695593333    
  0.5104000000000001     -0.17259527491381904    
  0.51085     -0.17269903734452932    
  0.5113000000000001     -0.17280265666026168    
  0.51175     -0.17290613266969015    
  0.5122     -0.17300946518131005    
  0.51265     -0.17311265400346662    
  0.5131000000000001     -0.17321569894433744    
  0.5135500000000001     -0.17331859981193706    
  0.514     -0.17342135641413095    
  0.5144500000000001     -0.17352396855861812    
  0.5149     -0.17362643605293743    
  0.5153500000000001     -0.17372875870447302    
  0.5158     -0.1738309363204467    
  0.5162500000000001     -0.1739329687079157    
  0.5167     -0.17403485567376797    
  0.51715     -0.1741365970247646    
  0.5176000000000001     -0.17423819256746906    
  0.51805     -0.17433964210830216    
  0.5185000000000001     -0.17444094545353142    
  0.51895     -0.17454210240924145    
  0.5194000000000001     -0.17464311278137867    
  0.51985     -0.1747439763757135    
  0.5203     -0.1748446929978687    
  0.52075     -0.17494526245329403    
  0.5212000000000001     -0.175045684547284    
  0.5216500000000001     -0.17514595908498154    
  0.5221     -0.17524608587135468    
  0.5225500000000001     -0.1753460647112122    
  0.523     -0.17544589540920474    
  0.5234500000000001     -0.17554557776983065    
  0.5239     -0.17564511159741925    
  0.5243500000000001     -0.1757444966961346    
  0.5248     -0.1758437328699831    
  0.52525     -0.17594281992281607    
  0.5257000000000001     -0.1760417576583257    
  0.52615     -0.17614054588002429    
  0.5266000000000001     -0.17623918439127662    
  0.52705     -0.17633767299529143    
  0.5275000000000001     -0.1764360114951083    
  0.52795     -0.1765341996936105    
  0.5284     -0.17663223739350345    
  0.52885     -0.1767301243973638    
  0.5293000000000001     -0.17682786050757376    
  0.52975     -0.17692544552637315    
  0.5302     -0.17702287925583132    
  0.5306500000000001     -0.17712016149786905    
  0.5311     -0.17721729205422704    
  0.5315500000000001     -0.1773142707264952    
  0.532     -0.17741109731610494    
  0.5324500000000001     -0.17750777162432374    
  0.5329     -0.17760429345225243    
  0.53335     -0.17770066260083173    
  0.5338     -0.17779687887084272    
  0.5342500000000001     -0.17789294206290573    
  0.5347000000000001     -0.17798885197748385    
  0.53515     -0.17808460841486934    
  0.5356000000000001     -0.17818021117518926    
  0.53605     -0.17827566005842843    
  0.5365     -0.1783709548643864    
  0.53695     -0.17846609539271652    
  0.5374000000000001     -0.17856108144290792    
  0.53785     -0.17865591281428225    
  0.5383     -0.1787505893060018    
  0.5387500000000001     -0.1788451107170715    
  0.5392     -0.17893947684632797    
  0.5396500000000001     -0.1790336874924531    
  0.5401     -0.1791277424539507    
  0.5405500000000001     -0.1792216415291909    
  0.541     -0.17931538451634435    
  0.54145     -0.1794089712134594    
  0.5419     -0.17950240141839602    
  0.5423500000000001     -0.17959567492885517    
  0.5428000000000001     -0.17968879154239203    
  0.54325     -0.1797817510563697    
  0.5437000000000001     -0.17987455326802215    
  0.54415     -0.1799671979744038    
  0.5446000000000001     -0.18005968497240146    
  0.54505     -0.18015201405875383    
  0.5455000000000001     -0.18024418503003006    
  0.54595     -0.18033619768264078    
  0.5464     -0.18042805181282554    
  0.5468500000000001     -0.18051974721667505    
  0.5473     -0.18061128369010623    
  0.5477500000000001     -0.1807026610288742    
  0.5482     -0.18079387902858854    
  0.5486500000000001     -0.1808849374846719    
  0.5491     -0.18097583619240803    
  0.54955     -0.18106657494689307    
  0.55     -0.18115715354308498    
  0.5504500000000001     -0.18124757177577133    
  0.5509000000000001     -0.18133782943956875    
  0.55135     -0.18142792632894042    
  0.5518000000000001     -0.181517862238182    
  0.55225     -0.18160763696143875    
  0.5527000000000001     -0.18169725029268388    
  0.55315     -0.181786702025714    
  0.5536000000000001     -0.18187599195419335    
  0.55405     -0.1819651198716087    
  0.5545     -0.18205408557127967    
  0.55495     -0.1821428888463734    
  0.5554000000000001     -0.1822315294898873    
  0.5558500000000001     -0.18232000729465606    
  0.5563     -0.18240832205336185    
  0.5567500000000001     -0.18249647355851337    
  0.5572     -0.1825844616024623    
  0.55765     -0.18267228597740331    
  0.5581     -0.18275994647535257    
  0.5585500000000001     -0.18284744288818058    
  0.559     -0.18293477500758729    
  0.55945     -0.18302194262511098    
  0.5599000000000001     -0.1831089455321384    
  0.56035     -0.18319578351986954    
  0.5608000000000001     -0.1832824563793643    
  0.56125     -0.18336896390151172    
  0.5617000000000001     -0.18345530587704156    
  0.56215     -0.18354148209652082    
  0.5626000000000001     -0.1836274923503504    
  0.56305     -0.18371333642877227    
  0.5635000000000001     -0.18379901412185953    
  0.5639500000000001     -0.18388452521954152    
  0.5644000000000001     -0.18396986951156535    
  0.5648500000000001     -0.18405504678752269    
  0.5653     -0.1841400568368488    
  0.5657500000000001     -0.18422489944879658    
  0.5662     -0.18430957441249698    
  0.5666500000000001     -0.18439408151687378    
  0.5671     -0.18447842055071956    
  0.5675500000000001     -0.18456259130265085    
  0.5680000000000001     -0.1846465935611179    
  0.5684500000000001     -0.18473042711442803    
  0.5689000000000001     -0.18481409175070326    
  0.56935     -0.18489758725792044    
  0.5698000000000001     -0.18498091342389206    
  0.57025     -0.18506407003626757    
  0.5707000000000001     -0.18514705688252092    
  0.57115     -0.18522987374998348    
  0.5716000000000001     -0.18531252042581373    
  0.5720500000000001     -0.18539499669700674    
  0.5725000000000001     -0.18547730235041435    
  0.5729500000000001     -0.18555943717270537    
  0.5734000000000001     -0.18564140095039028    
  0.5738500000000001     -0.185723193469817    
  0.5743     -0.18580481451719305    
  0.5747500000000001     -0.18588626387852109    
  0.5752     -0.18596754133969376    
  0.5756500000000001     -0.18604864668641063    
  0.5761000000000001     -0.1861295797042003    
  0.5765500000000001     -0.18621034017845803    
  0.5770000000000001     -0.18629092789440366    
  0.5774500000000001     -0.18637134263709285    
  0.5779000000000001     -0.18645158419141614    
  0.57835     -0.18653165234212632    
  0.5788000000000001     -0.1866115468737811    
  0.57925     -0.18669126757079593    
  0.5797000000000001     -0.18677081421742936    
  0.58015     -0.1868501865977653    
  0.5806000000000001     -0.18692938449573984    
  0.5810500000000001     -0.1870084076951092    
  0.5815000000000001     -0.18708725597948855    
  0.5819500000000001     -0.18716592913231603    
  0.5824     -0.1872444269368855    
  0.5828500000000001     -0.1873227491763055    
  0.5833     -0.18740089563354162    
  0.5837500000000001     -0.18747886609139935    
  0.5842     -0.18755666033251275    
  0.5846500000000001     -0.1876342781393665    
  0.5851000000000001     -0.18771171929427016    
  0.5855500000000001     -0.18778898357939142    
  0.5860000000000001     -0.18786607077670597    
  0.58645     -0.18794298066806808    
  0.5869000000000001     -0.18801971303513854    
  0.58735     -0.18809626765943313    
  0.5878000000000001     -0.18817264432231912    
  0.58825     -0.18824884280496734    
  0.5887000000000001     -0.18832486288841105    
  0.5891500000000001     -0.18840070435354006    
  0.5896000000000001     -0.18847636698105333    
  0.5900500000000001     -0.18855185055148793    
  0.5905     -0.18862715484525155    
  0.5909500000000001     -0.18870227964256914    
  0.5914     -0.1887772247235008    
  0.5918500000000001     -0.18885198986797283    
  0.5923     -0.18892657485571163    
  0.5927500000000001     -0.18900097946632144    
  0.5932000000000001     -0.18907520347922233    
  0.5936500000000001     -0.18914924667369162    
  0.5941000000000001     -0.18922310882882026    
  0.5945500000000001     -0.1892967897235832    
  0.5950000000000001     -0.189370289136746    
  0.59545     -0.18944360684694778    
  0.5959000000000001     -0.1895167426326479    
  0.59635     -0.18958969627217476    
  0.5968000000000001     -0.1896624675436669    
  0.5972500000000001     -0.1897350562251075    
  0.5977000000000001     -0.18980746209433597    
  0.5981500000000001     -0.18987968492903007    
  0.5986     -0.1899517245066967    
  0.5990500000000001     -0.19002358060467817    
  0.5995     -0.1900952530001853    
  0.5999500000000001     -0.19016674147024204    
  0.6004     -0.1902380457917214    
  0.6008500000000001     -0.19030916574135362    
  0.6013000000000001     -0.1903801010956878    
  0.6017500000000001     -0.1904508516311279    
  0.6022000000000001     -0.190521417123906    
  0.6026500000000001     -0.19059179735010442    
  0.6031000000000001     -0.1906619920856558    
  0.60355     -0.1907320011063121    
  0.6040000000000001     -0.1908018241876812    
  0.60445     -0.19087146110522238    
  0.6049000000000001     -0.19094091163421462    
  0.60535     -0.19101017554979008    
  0.6058000000000001     -0.19107925262692313    
  0.6062500000000001     -0.1911481426404216    
  0.6067000000000001     -0.19121684536495256    
  0.6071500000000001     -0.19128536057501144    
  0.6076     -0.19135368804493177    
  0.6080500000000001     -0.1914218275489058    
  0.6085     -0.1914897788609548    
  0.6089500000000001     -0.1915575417549442    
  0.6094     -0.19162511600458176    
  0.6098500000000001     -0.1916925013834313    
  0.6103000000000001     -0.191759697664888    
  0.6107500000000001     -0.19182670462217682    
  0.6112000000000001     -0.19189352202838356    
  0.61165     -0.19196014965643404    
  0.6121000000000001     -0.19202658727909933    
  0.61255     -0.19209283466897503    
  0.6130000000000001     -0.19215889159853153    
  0.61345     -0.1922247578400605    
  0.6139000000000001     -0.19229043316569724    
  0.6143500000000001     -0.1923559173474246    
  0.6148000000000001     -0.1924212101570809    
  0.6152500000000001     -0.19248631136632013    
  0.6157000000000001     -0.1925512207466649    
  0.6161500000000001     -0.19261593806946653    
  0.6166     -0.1926804631059357    
  0.6170500000000001     -0.19274479562711852    
  0.6175     -0.19280893540389848    
  0.6179500000000001     -0.19287288220700924    
  0.6184000000000001     -0.19293663580703777    
  0.6188500000000001     -0.19300019597439783    
  0.6193000000000001     -0.1930635624793656    
  0.61975     -0.19312673509204573    
  0.6202000000000001     -0.19318971358240927    
  0.62065     -0.19325249772023273    
  0.6211000000000001     -0.19331508727519067    
  0.62155     -0.19337748201675733    
  0.6220000000000001     -0.19343968171427892    
  0.6224500000000001     -0.1935016861369235    
  0.6229000000000001     -0.1935634950537338    
  0.6233500000000001     -0.19362510823357773    
  0.6238000000000001     -0.19368652544518125    
  0.6242500000000001     -0.1937477464570968    
  0.6247     -0.1938087710377394    
  0.6251500000000001     -0.19386959895537165    
  0.6256     -0.1939302299780837    
  0.6260500000000001     -0.19399066387383482    
  0.6265000000000001     -0.194050900410422    
  0.6269500000000001     -0.19411093935547263    
  0.6274000000000001     -0.19417078047648564    
  0.6278500000000001     -0.19423042354079487    
  0.6283000000000001     -0.19428986831557996    
  0.6287500000000001     -0.19434911456786638    
  0.6292000000000001     -0.19440816206453637    
  0.62965     -0.19446701057230675    
  0.6301000000000001     -0.19452565985774484    
  0.63055     -0.1945841096872783    
  0.6310000000000001     -0.19464235982716036    
  0.6314500000000001     -0.19470041004350863    
  0.6319000000000001     -0.19475826010227815    
  0.6323500000000001     -0.1948159097692808    
  0.6328     -0.19487335881017773    
  0.6332500000000001     -0.19493060699047124    
  0.6337     -0.19498765407550428    
  0.6341500000000001     -0.19504449983048358    
  0.6346     -0.19510114402046771    
  0.6350500000000001     -0.19515758641032738    
  0.6355000000000001     -0.1952138267648413    
  0.6359500000000001     -0.19526986484858994    
  0.6364000000000001     -0.1953257004260224    
  0.6368500000000001     -0.19538133326142432    
  0.6373000000000001     -0.1954367631189456    
  0.63775     -0.1954919897625875    
  0.6382000000000001     -0.1955470129561805    
  0.63865     -0.1956018324634176    
  0.6391000000000001     -0.19565644804784676    
  0.6395500000000001     -0.19571085947285713    
  0.6400000000000001     -0.19576506650169495    
  0.6404500000000001     -0.1958190688974543    
  0.6409     -0.19587286642307059    
  0.6413500000000001     -0.19592645884134696    
  0.6418     -0.19597984591492532    
  0.6422500000000001     -0.19603302740629938    
  0.6427     -0.19608600307781365    
  0.6431500000000001     -0.19613877269167931    
  0.6436000000000001     -0.19619133600993963    
  0.6440500000000001     -0.19624369279449216    
  0.6445000000000001     -0.19629584280709744    
  0.6449500000000001     -0.1963477858093435    
  0.6454000000000001     -0.19639952156271195    
  0.64585     -0.19645104982849262    
  0.6463000000000001     -0.19650237036785612    
  0.64675     -0.19655348294181527    
  0.6472000000000001     -0.19660438731123606    
  0.6476500000000001     -0.19665508323684205    
  0.6481000000000001     -0.19670557047920523    
  0.6485500000000001     -0.196755848798741    
  0.6490000000000001     -0.19680591795574243    
  0.6494500000000001     -0.1968557777103394    
  0.6499000000000001     -0.19690542782249618    
  0.6503500000000001     -0.19695486805208262    
  0.6508     -0.19700409815878991    
  0.6512500000000001     -0.1970531179021516    
  0.6517000000000001     -0.19710192704158408    
  0.6521500000000001     -0.197150525336323    
  0.6526000000000001     -0.19719891254550018    
  0.6530500000000001     -0.1972470884280708    
  0.6535000000000001     -0.19729505274287196    
  0.65395     -0.1973428052485595    
  0.6544000000000001     -0.1973903457036867    
  0.65485     -0.19743767386661973    
  0.6553000000000001     -0.19748478949561127    
  0.65575     -0.19753169234876938    
  0.6562000000000001     -0.19757838218403562    
  0.6566500000000001     -0.1976248587592308    
  0.6571000000000001     -0.19767112183201946    
  0.6575500000000001     -0.19771717115992848    
  0.6580000000000001     -0.1977630065003371    
  0.6584500000000001     -0.1978086276104844    
  0.6589     -0.19785403424746328    
  0.6593500000000001     -0.19789922616822533    
  0.6598     -0.19794420312958647    
  0.6602500000000001     -0.19798896488821885    
  0.6607000000000001     -0.19803351120064128    
  0.6611500000000001     -0.19807784182323687    
  0.6616000000000001     -0.1981219565122526    
  0.66205     -0.19816585502378745    
  0.6625000000000001     -0.19820953711380368    
  0.66295     -0.19825300253811448    
  0.6634000000000001     -0.19829625105239923    
  0.66385     -0.19833928241220675    
  0.6643000000000001     -0.19838209637291604    
  0.6647500000000001     -0.1984246926897979    
  0.6652000000000001     -0.19846707111795964    
  0.6656500000000001     -0.19850923141237495    
  0.6661000000000001     -0.19855117332789415    
  0.6665500000000001     -0.1985928966191971    
  0.667     -0.19863440104085767    
  0.6674500000000001     -0.19867568634728783    
  0.6679     -0.1987167522927597    
  0.6683500000000001     -0.19875759863142825    
  0.6688000000000001     -0.19879822511728742    
  0.6692500000000001     -0.19883863150419875    
  0.6697000000000001     -0.19887881754589976    
  0.6701500000000001     -0.1989187829959737    
  0.6706000000000001     -0.19895852760786087    
  0.6710500000000001     -0.1989980511348946    
  0.6715000000000001     -0.19903735333024108    
  0.67195     -0.199076433946937    
  0.6724000000000001     -0.19911529273788772    
  0.6728500000000001     -0.19915392945586755    
  0.6733000000000001     -0.19919234385349155    
  0.6737500000000001     -0.19923053568326649    
  0.6742000000000001     -0.19926850469754068    
  0.6746500000000001     -0.1993062506485397    
  0.6751     -0.19934377328835193    
  0.6755500000000001     -0.19938107236893127    
  0.676     -0.1994181476420933    
  0.6764500000000001     -0.19945499885950954    
  0.6769000000000001     -0.1994916257727476    
  0.6773500000000001     -0.19952802813320536    
  0.6778000000000001     -0.19956420569216404    
  0.6782500000000001     -0.19960015820077545    
  0.6787000000000001     -0.19963588541003793    
  0.6791500000000001     -0.1996713870708461    
  0.6796000000000001     -0.19970666293394237    
  0.68005     -0.19974171274992866    
  0.6805000000000001     -0.1997765362692946    
  0.68095     -0.199811133242386    
  0.6814000000000001     -0.19984550341941226    
  0.6818500000000001     -0.19987964655047394    
  0.6823000000000001     -0.19991356238549615    
  0.6827500000000001     -0.19994725067432145    
  0.6832     -0.19998071116662966    
  0.6836500000000001     -0.2000139436119786    
  0.6841     -0.2000469477598048    
  0.6845500000000001     -0.2000797233593942    
  0.685     -0.20011227015992214    
  0.6854500000000001     -0.20014458791042272    
  0.6859000000000001     -0.20017667635980035    
  0.6863500000000001     -0.20020853525683388    
  0.6868000000000001     -0.20024016435017383    
  0.6872500000000001     -0.2002715633883478    
  0.6877000000000001     -0.20030273211973237    
  0.68815     -0.20033367029259777    
  0.6886000000000001     -0.2003643776550848    
  0.68905     -0.20039485395519255    
  0.6895000000000001     -0.20042509894080004    
  0.6899500000000001     -0.20045511235965993    
  0.6904000000000001     -0.20048489395940078    
  0.6908500000000001     -0.20051444348752057    
  0.6913     -0.20054376069139082    
  0.6917500000000001     -0.2005728453182492    
  0.6922000000000001     -0.20060169711521927    
  0.6926500000000001     -0.20063031582930652    
  0.6931     -0.20065870120735835    
  0.6935500000000001     -0.200686852996128    
  0.6940000000000001     -0.20071477094223059    
  0.6944500000000001     -0.20074245479216474    
  0.6949000000000001     -0.2007699042922917    
  0.6953500000000001     -0.2007971191888684    
  0.6958000000000001     -0.20082409922800057    
  0.69625     -0.20085084415569776    
  0.6967000000000001     -0.20087735371782894    
  0.69715     -0.20090362766014258    
  0.6976000000000001     -0.2009296657282704    
  0.6980500000000001     -0.2009554676677221    
  0.6985000000000001     -0.20098103322386945    
  0.6989500000000001     -0.20100636214198503    
  0.6994     -0.2010314541672075    
  0.6998500000000001     -0.20105630904455635    
  0.7003000000000001     -0.2010809265189283    
  0.7007500000000001     -0.20110530633509444    
  0.7012     -0.20112944823773032    
  0.7016500000000001     -0.2011533519713566    
  0.7021000000000001     -0.2011770172803889    
  0.7025500000000001     -0.20120044390913933    
  0.7030000000000001     -0.2012236316017749    
  0.7034500000000001     -0.20124658010237192    
  0.7039000000000001     -0.2012692891548443    
  0.70435     -0.2012917585030297    
  0.7048000000000001     -0.2013139878906369    
  0.7052500000000002     -0.20133597706124692    
  0.7057000000000001     -0.20135772575833216    
  0.70615     -0.20137923372524213    
  0.7066000000000001     -0.20140050070521562    
  0.7070500000000001     -0.20142152644137615    
  0.7075000000000001     -0.20144231067671528    
  0.7079500000000001     -0.20146285315412688    
  0.7084000000000001     -0.2014831536163938    
  0.7088500000000001     -0.20150321180615396    
  0.7093     -0.20152302746596057    
  0.7097500000000001     -0.20154260033823987    
  0.7102     -0.2015619301652846    
  0.7106500000000001     -0.20158101668933243    
  0.7111000000000001     -0.2015998596524334    
  0.7115500000000001     -0.20161845879658408    
  0.7120000000000001     -0.20163681386363475    
  0.71245     -0.20165492459532736    
  0.7129000000000001     -0.20167279073329952    
  0.7133500000000002     -0.20169041201906213    
  0.7138000000000001     -0.20170778819404972    
  0.71425     -0.20172491899954734    
  0.7147000000000001     -0.20174180417674603    
  0.7151500000000001     -0.201758443466715    
  0.7156000000000001     -0.2017748366104288    
  0.7160500000000001     -0.20179098334874884    
  0.7165000000000001     -0.20180688342241    
  0.7169500000000001     -0.20182253657205784    
  0.7174     -0.20183794253822462    
  0.7178500000000001     -0.20185310106132795    
  0.7183     -0.20186801188167805    
  0.7187500000000001     -0.20188267473947274    
  0.7192000000000001     -0.20189708937482978    
  0.7196500000000001     -0.20191125552771205    
  0.7201000000000001     -0.20192517293802426    
  0.72055     -0.20193884134552395    
  0.7210000000000001     -0.2019522604898955    
  0.7214500000000001     -0.20196543011068802    
  0.7219000000000001     -0.2019783499473737    
  0.72235     -0.20199101973930605    
  0.7228000000000001     -0.2020034392257158    
  0.7232500000000001     -0.2020156081457609    
  0.7237000000000001     -0.20202752623847042    
  0.7241500000000001     -0.20203919324279568    
  0.7246000000000001     -0.20205060889754975    
  0.7250500000000001     -0.20206177294148467    
  0.7255     -0.20207268511321194    
  0.7259500000000001     -0.2020833451512526    
  0.7264000000000002     -0.20209375279403383    
  0.7268500000000001     -0.20210390777987974    
  0.7273000000000001     -0.20211380984700966    
  0.7277500000000001     -0.20212345873353849    
  0.7282000000000001     -0.2021328541774873    
  0.7286500000000001     -0.20214199591677545    
  0.7291000000000001     -0.20215088368921844    
  0.7295500000000001     -0.20215951723253084    
  0.7300000000000001     -0.20216789628433887    
  0.73045     -0.20217602058217082    
  0.7309000000000001     -0.20218388986344274    
  0.7313500000000001     -0.2021915038654795    
  0.7318000000000001     -0.20219886232550455    
  0.7322500000000001     -0.20220596498065604    
  0.7327000000000001     -0.20221281156797385    
  0.7331500000000001     -0.20221940182438206    
  0.7336     -0.20222573548673425    
  0.7340500000000001     -0.2022318122917678    
  0.7345000000000002     -0.20223763197614353    
  0.7349500000000001     -0.20224319427641524    
  0.7354     -0.20224849892903993    
  0.7358500000000001     -0.20225354567038756    
  0.7363000000000001     -0.20225833423674475    
  0.7367500000000001     -0.20226286436427604    
  0.7372000000000001     -0.2022671357890869    
  0.7376500000000001     -0.20227114824715905    
  0.7381000000000001     -0.20227490147440483    
  0.73855     -0.2022783952066393    
  0.7390000000000001     -0.20228162917958128    
  0.73945     -0.20228460312885874    
  0.7399000000000001     -0.20228731679001646    
  0.7403500000000001     -0.20228976989850844    
  0.7408000000000001     -0.20229196218969472    
  0.7412500000000001     -0.20229389339884246    
  0.7417     -0.20229556326113862    
  0.7421500000000001     -0.20229697151168763    
  0.7426000000000001     -0.20229811788547894    
  0.7430500000000001     -0.2022990021174418    
  0.7435     -0.20229962394241022    
  0.7439500000000001     -0.2022999830951418    
  0.7444000000000001     -0.20230007931026997    
  0.7448500000000001     -0.20229991232239344    
  0.7453000000000001     -0.2022994818659832    
  0.7457500000000001     -0.20229878767545864    
  0.7462000000000001     -0.202297829485132    
  0.74665     -0.20229660702924326    
  0.7471000000000001     -0.20229512004193909    
  0.7475500000000002     -0.20229336825728703    
  0.7480000000000001     -0.2022913514092818    
  0.7484500000000001     -0.20228906923181728    
  0.7489000000000001     -0.20228652145872195    
  0.7493500000000001     -0.20228370782373986    
  0.7498000000000001     -0.20228062806051916    
  0.7502500000000001     -0.20227728190263847    
  0.7507000000000001     -0.20227366908361463    
  0.7511500000000001     -0.20226978933683973    
  0.7516     -0.20226564239568037    
  0.7520500000000001     -0.20226122799337776    
  0.7525000000000001     -0.20225654586312009    
  0.7529500000000001     -0.20225159573802376    
  0.7534000000000001     -0.2022463773510873    
  0.7538500000000001     -0.20224089043528878    
  0.7543000000000001     -0.20223513472348958    
  0.75475     -0.20222910994848728    
  0.7552000000000001     -0.20222281584300578    
  0.7556500000000002     -0.20221625213969097    
  0.7561000000000001     -0.20220941857111713    
  0.7565500000000001     -0.2022023148697751    
  0.7570000000000001     -0.20219494076809053    
  0.7574500000000001     -0.20218729599841972    
  0.7579000000000001     -0.2021793802930354    
  0.7583500000000001     -0.2021711933841413    
  0.7588000000000001     -0.20216273500387058    
  0.7592500000000001     -0.2021540048842908    
  0.7597     -0.20214500275738717    
  0.7601500000000001     -0.2021357283550779    
  0.7606     -0.2021261814092189    
  0.7610500000000001     -0.20211636165158256    
  0.7615000000000001     -0.20210626881389332    
  0.7619500000000001     -0.20209590262777316    
  0.7624000000000001     -0.2020852628248164    
  0.76285     -0.20207434913651637    
  0.7633000000000001     -0.20206316129431906    
  0.7637500000000002     -0.2020516990295986    
  0.7642000000000001     -0.2020399620736598    
  0.76465     -0.2020279501577431    
  0.7651000000000001     -0.20201566301301485    
  0.7655500000000001     -0.20200310037060124    
  0.7660000000000001     -0.2019902619615453    
  0.7664500000000001     -0.2019771475168222    
  0.7669000000000001     -0.2019637567673546    
  0.7673500000000001     -0.20195008944400475    
  0.7678     -0.20193614527755827    
  0.7682500000000001     -0.2019219239987539    
  0.7687000000000002     -0.20190742533826217    
  0.7691500000000001     -0.20189264902669024    
  0.7696000000000001     -0.20187759479458395    
  0.7700500000000001     -0.20186226237245072    
  0.7705000000000001     -0.2018466514907106    
  0.7709500000000001     -0.20183076187972845    
  0.7714000000000001     -0.2018145932698367    
  0.7718500000000001     -0.20179814539127652    
  0.7723000000000001     -0.20178141797424418    
  0.77275     -0.2017644107489015    
  0.7732000000000001     -0.20174712344531842    
  0.7736500000000001     -0.20172955579352972    
  0.7741000000000001     -0.2017117075235112    
  0.7745500000000001     -0.20169357836518179    
  0.7750000000000001     -0.20167516804841337    
  0.7754500000000001     -0.2016564763030186    
  0.7759     -0.20163750285875406    
  0.7763500000000001     -0.20161824744531726    
  0.7768000000000002     -0.201598709792375    
  0.7772500000000001     -0.2015788896295424    
  0.7777000000000001     -0.2015587866863479    
  0.7781500000000001     -0.20153840069230397    
  0.7786000000000001     -0.20151773137687334    
  0.7790500000000001     -0.2014967784694451    
  0.7795000000000001     -0.2014755416993775    
  0.7799500000000001     -0.20145402079598207    
  0.7804000000000001     -0.20143221548851278    
  0.78085     -0.20141012550618423    
  0.7813000000000001     -0.20138775057815528    
  0.7817500000000001     -0.2013650904335458    
  0.7822000000000001     -0.20134214480142973    
  0.7826500000000001     -0.2013189134108379    
  0.7831000000000001     -0.20129539599074436    
  0.7835500000000001     -0.20127159227010522    
  0.784     -0.20124750197779787    
  0.7844500000000001     -0.2012231248426877    
  0.7849000000000002     -0.20119846059358262    
  0.7853500000000001     -0.20117350895924924    
  0.7858     -0.2011482696684174    
  0.7862500000000001     -0.20112274244977948    
  0.7867000000000001     -0.20109692703197776    
  0.7871500000000001     -0.20107082314362015    
  0.7876000000000001     -0.20104443051327756    
  0.7880500000000001     -0.20101774886948157    
  0.7885000000000001     -0.20099077794072057    
  0.78895     -0.20096351745546479    
  0.7894000000000001     -0.20093596714210984    
  0.7898500000000002     -0.20090812672906144    
  0.7903000000000001     -0.20087999594466355    
  0.7907500000000001     -0.20085157451721702    
  0.7912     -0.20082286217501374    
  0.79165     -0.20079385864629035    
  0.7921     -0.200764563659264    
  0.79255     -0.2007349769421109    
  0.793     -0.20070509822298047    
  0.79345     -0.20067492722998626    
  0.7939     -0.20064446369122102    
  0.79435     -0.2006137073347356    
  0.7948000000000001     -0.20058265788854457    
  0.79525     -0.2005513150806631    
  0.7957     -0.2005196786390481    
  0.79615     -0.2004877482916405    
  0.7966     -0.20045552376635054    
  0.79705     -0.20042300479107256    
  0.7975     -0.20039019109366452    
  0.79795     -0.20035708240195907    
  0.7984     -0.20032367844376414    
  0.7988500000000001     -0.20028997894687361    
  0.7993     -0.20025598363904093    
  0.79975     -0.20022169224801287    
  0.8002     -0.2001871045014996    
  0.80065     -0.2001522201272027    
  0.8011     -0.20011703885279403    
  0.80155     -0.20008156040592087    
  0.802     -0.20004578451422145    
  0.80245     -0.20000971090531208    
  0.8029000000000001     -0.19997333930678218    
  0.80335     -0.19993666944621497    
  0.8038000000000001     -0.19989970105117222    
  0.80425     -0.19986243384918895    
  0.8047     -0.19982486756779777    
  0.80515     -0.199787001934508    
  0.8056     -0.19974883667681184    
  0.80605     -0.19971037152219911    
  0.8065     -0.19967160619814164    
  0.8069500000000001     -0.19963254043207815    
  0.8074     -0.19959317395146647    
  0.8078500000000001     -0.19955350648373343    
  0.8083     -0.19951353775630368    
  0.80875     -0.19947326749656935    
  0.8092     -0.19943269543195424    
  0.80965     -0.19939182128982713    
  0.8101     -0.19935064479758996    
  0.81055     -0.19930916568260307    
  0.811     -0.19926738367223704    
  0.81145     -0.199225298493854    
  0.8119000000000001     -0.1991829098748065    
  0.81235     -0.1991402175424411    
  0.8128     -0.1990972212241123    
  0.81325     -0.19905392064714958    
  0.8137     -0.19901031553889387    
  0.81415     -0.1989664056266758    
  0.8146     -0.19892219063783328    
  0.81505     -0.19887767029970396    
  0.8155     -0.19883284433960344    
  0.8159500000000001     -0.19878771248486551    
  0.8164     -0.19874227446282894    
  0.81685     -0.19869653000082274    
  0.8173     -0.19865047882617867    
  0.81775     -0.19860412066623936    
  0.8182     -0.19855745524833754    
  0.81865     -0.19851048229982693    
  0.8191     -0.19846320154805233    
  0.81955     -0.19841561272036395    
  0.8200000000000001     -0.19836771554413174    
  0.82045     -0.19831950974671295    
  0.8209     -0.19827099505549795    
  0.82135     -0.19822217119785862    
  0.8218     -0.19817303790118326    
  0.82225     -0.198123594892877    
  0.8227     -0.19807384190036353    
  0.82315     -0.19802377865104995    
  0.8236     -0.19797340487237916    
  0.8240500000000001     -0.1979227202917878    
  0.8245     -0.19787172463675357    
  0.8249500000000001     -0.19782041763473523    
  0.8254     -0.19776879901322336    
  0.82585     -0.1977168684997251    
  0.8263     -0.1976646258217519    
  0.82675     -0.19761207070684803    
  0.8272     -0.19755920288256087    
  0.82765     -0.1975060220764577    
  0.8281000000000001     -0.19745252801613358    
  0.82855     -0.1973987204291982    
  0.829     -0.19734459904327242    
  0.82945     -0.19729016358601206    
  0.8299     -0.19723541378508738    
  0.83035     -0.19718034936818993    
  0.8308     -0.19712497006302968    
  0.83125     -0.1970692755973617    
  0.8317     -0.19701326569893415    
  0.8321500000000001     -0.19695694009555284    
  0.8326     -0.19690029851501514    
  0.8330500000000001     -0.19684334068517706    
  0.8335     -0.19678606633390036    
  0.83395     -0.1967284751890886    
  0.8344     -0.19667056697866026    
  0.83485     -0.19661234143057152    
  0.8353     -0.19655379827282127    
  0.83575     -0.1964949372334147    
  0.8362     -0.19643575804039984    
  0.83665     -0.1963762604218647    
  0.8371000000000001     -0.19631644410592    
  0.83755     -0.19625630882071612    
  0.838     -0.19619585429442876    
  0.83845     -0.19613508025529267    
  0.8389     -0.1960739864315531    
  0.83935     -0.19601257255150017    
  0.8398     -0.19595083834346988    
  0.84025     -0.1958887835358251    
  0.8407     -0.19582640785697739    
  0.8411500000000001     -0.19576371103537277    
  0.8416     -0.195700692799504    
  0.84205     -0.19563735287789782    
  0.8425     -0.1955736909991295    
  0.84295     -0.19550970689180922    
  0.8434     -0.19544540028460836    
  0.84385     -0.19538077090621225    
  0.8443     -0.19531581848538782    
  0.84475     -0.19525054275092527    
  0.8452000000000001     -0.19518494343167056    
  0.84565     -0.19511902025651334    
  0.8461000000000001     -0.19505277295438195    
  0.84655     -0.19498620125428226    
  0.847     -0.19491930488524592    
  0.84745     -0.19485208357635775    
  0.8479     -0.19478453705677182    
  0.84835     -0.19471666505566423    
  0.8488     -0.194648467302298    
  0.8492500000000001     -0.19457994352595906    
  0.8497     -0.194511093456026    
  0.85015     -0.19444191682188453    
  0.8506     -0.19437241335301986    
  0.85105     -0.1943025827789553    
  0.8515     -0.1942324248292717    
  0.85195     -0.19416193923360786    
  0.8524     -0.19409112572167256    
  0.85285     -0.19401998402322537    
  0.8533000000000001     -0.19394851386808268    
  0.85375     -0.19387671498614484    
  0.8542000000000001     -0.19380458710734844    
  0.85465     -0.19373212996170958    
  0.8551     -0.19365934327930967    
  0.85555     -0.19358622679028165    
  0.856     -0.19351278022484164    
  0.85645     -0.19343900331326022    
  0.8569     -0.1933648957858811    
  0.8573500000000001     -0.1932904573731138    
  0.8578     -0.19321568780545068    
  0.8582500000000001     -0.19314058681342935    
  0.8587     -0.1930651541276779    
  0.8591500000000001     -0.19298938947888278    
  0.8596     -0.19291329259783135    
  0.86005     -0.19283686321534646    
  0.8605     -0.1927601010623396    
  0.86095     -0.19268300586981715    
  0.8614     -0.19260557736882777    
  0.86185     -0.19252781529053498    
  0.8623000000000001     -0.19244971936613928    
  0.86275     -0.1923712893269533    
  0.8632     -0.19229252490435222    
  0.86365     -0.19221342582979298    
  0.8641     -0.19213399183481977    
  0.86455     -0.19205422265105468    
  0.865     -0.1919741180101976    
  0.86545     -0.19189367764404672    
  0.8659     -0.19181290128446152    
  0.8663500000000001     -0.19173178866341714    
  0.8668     -0.1916503395129493    
  0.8672500000000001     -0.19156855356518906    
  0.8677     -0.19148643055235381    
  0.86815     -0.19140397020676422    
  0.8686     -0.19132117226081352    
  0.86905     -0.19123803644698673    
  0.8695     -0.19115456249787097    
  0.86995     -0.19107075014613029    
  0.8704000000000001     -0.19098659912453603    
  0.87085     -0.1909021091659554    
  0.8713     -0.19081728000333606    
  0.87175     -0.19073211136972745    
  0.8722     -0.19064660299827968    
  0.87265     -0.1905607546222438    
  0.8731     -0.19047456597495166    
  0.87355     -0.19038803678985153    
  0.874     -0.19030116680048648    
  0.8744500000000001     -0.19021395574050357    
  0.8749     -0.19012640334364556    
  0.8753500000000001     -0.19003850934376634    
  0.8758     -0.18995027347481258    
  0.87625     -0.18986169547084522    
  0.8767     -0.18977277506601975    
  0.87715     -0.1896835119946198    
  0.8776     -0.18959390599100773    
  0.87805     -0.1895039567896821    
  0.8785000000000001     -0.18941366412522498    
  0.87895     -0.1893230277323461    
  0.8794000000000001     -0.18923204734587126    
  0.87985     -0.1891407227007088    
  0.8803000000000001     -0.18904905353190424    
  0.88075     -0.18895703957462048    
  0.8812     -0.18886468056410693    
  0.88165     -0.18877197623576808    
  0.8821     -0.18867892632509417    
  0.8825500000000001     -0.18858553056769886    
  0.883     -0.18849178869931882    
  0.8834500000000001     -0.18839770045582235    
  0.8839     -0.18830326557315621    
  0.88435     -0.1882084837874447    
  0.8848     -0.18811335483489186    
  0.88525     -0.1880178784518393    
  0.8857     -0.187922054374757    
  0.88615     -0.18782588234022546    
  0.8866     -0.18772936208496258    
  0.88705     -0.1876324933458138    
  0.8875000000000001     -0.18753527585974242    
  0.88795     -0.1874377093638494    
  0.8884000000000001     -0.18733979359536007    
  0.88885     -0.18724152829162638    
  0.8893     -0.18714291319014015    
  0.88975     -0.18704394802852828    
  0.8902     -0.18694463254453533    
  0.89065     -0.18684496647605156    
  0.8911     -0.1867449495610994    
  0.8915500000000001     -0.18664458153784372    
  0.892     -0.1865438621445754    
  0.89245     -0.1864427911197238    
  0.8929     -0.18634136820186095    
  0.89335     -0.18623959312971616    
  0.8938     -0.186137465642118    
  0.89425     -0.18603498547807623    
  0.8947     -0.18593215237671962    
  0.89515     -0.1858289660773388    
  0.8956000000000001     -0.18572542631935254    
  0.89605     -0.18562153284233351    
  0.8965000000000001     -0.185517285386002    
  0.89695     -0.18541268369021927    
  0.8974     -0.1853077274950053    
  0.89785     -0.1852024165405127    
  0.8983     -0.18509675056706257    
  0.89875     -0.1849907293151142    
  0.8992     -0.18488435252529395    
  0.8996500000000001     -0.18477761993836642    
  0.9001     -0.18467053129526048    
  0.9005500000000001     -0.1845630863370534    
  0.901     -0.18445528480497347    
  0.9014500000000001     -0.18434712644043288    
  0.9019     -0.18423861098496674    
  0.90235     -0.18412973818029535    
  0.9028     -0.18402050776828976    
  0.90325     -0.18391091949097776    
  0.9037000000000001     -0.18380097309056428    
  0.90415     -0.1836906683093989    
  0.9046000000000001     -0.18358000489000456    
  0.90505     -0.18346898257507457    
  0.9055     -0.18335760110745852    
  0.90595     -0.1832458602301823    
  0.9064     -0.18313375968642634    
  0.90685     -0.18302129921955917    
  0.9073     -0.18290847857309678    
  0.9077500000000001     -0.18279529749075182    
  0.9082     -0.18268175571639952    
  0.9086500000000001     -0.18256785299406217    
  0.9091     -0.18245358906799192    
  0.9095500000000001     -0.18233896368256172    
  0.91     -0.18222397658234513    
  0.91045     -0.18210862751209198    
  0.9109     -0.18199291621673816    
  0.91135     -0.181876842441376    
  0.9118     -0.18176040593130283    
  0.91225     -0.18164360643198574    
  0.9127000000000001     -0.18152644368907314    
  0.91315     -0.18140891744839832    
  0.9136     -0.18129102745597736    
  0.91405     -0.18117277345802443    
  0.9145     -0.18105415520091128    
  0.91495     -0.18093517243122675    
  0.9154     -0.18081582489574718    
  0.91585     -0.18069611234141403    
  0.9163     -0.18057603451537144    
  0.9167500000000001     -0.18045559116497525    
  0.9172     -0.1803347820377455    
  0.9176500000000001     -0.1802136068814012    
  0.9181     -0.1800920654438795    
  0.91855     -0.17997015747327474    
  0.919     -0.17984788271791985    
  0.91945     -0.1797252409263041    
  0.9199     -0.17960223184715743    
  0.92035     -0.17947885522937923    
  0.9208000000000001     -0.17935511082208466    
  0.92125     -0.17923099837458162    
  0.9217     -0.17910651763638485    
  0.92215     -0.17898166835722085    
  0.9226000000000001     -0.1788564502870184    
  0.92305     -0.1787308631758925    
  0.9235     -0.17860490677419377    
  0.92395     -0.17847858083247578    
  0.9244     -0.17835188510149047    
  0.9248500000000001     -0.17822481933218542    
  0.9253     -0.17809738327578545    
  0.9257500000000001     -0.1779695766836452    
  0.9262     -0.17784139930739531    
  0.92665     -0.1777128508988353    
  0.9271     -0.1775839312100157    
  0.92755     -0.17745463999319286    
  0.928     -0.17732497700082034    
  0.92845     -0.1771949419856171    
  0.9289000000000001     -0.17706453470048103    
  0.92935     -0.17693375489853663    
  0.9298     -0.17680260233316153    
  0.93025     -0.17667107675791502    
  0.9307000000000001     -0.1765391779266098    
  0.93115     -0.1764069055932775    
  0.9316     -0.17627425951216907    
  0.93205     -0.17614123943777416    
  0.9325     -0.17600784512479947    
  0.9329500000000001     -0.17587407632819535    
  0.9334     -0.17573993280313435    
  0.9338500000000001     -0.17560541430502088    
  0.9343     -0.1754705205894886    
  0.93475     -0.17533525141242723    
  0.9352     -0.175199606529937    
  0.9356500000000001     -0.17506358569836683    
  0.9361     -0.17492718867429685    
  0.93655     -0.17479041521455732    
  0.937     -0.17465326507619833    
  0.93745     -0.17451573801654435    
  0.9379000000000001     -0.17437783379313473    
  0.93835     -0.17423955216374082    
  0.9388000000000001     -0.17410089288642502    
  0.93925     -0.17396185571944836    
  0.9397     -0.17382244042133144    
  0.94015     -0.173682646750868    
  0.9406     -0.17354247446706725    
  0.94105     -0.17340192332920512    
  0.9415     -0.1732609930968105    
  0.9419500000000001     -0.17311968352964435    
  0.9424     -0.17297799438774852    
  0.94285     -0.1728359254314033    
  0.9433     -0.1726934764211403    
  0.9437500000000001     -0.17255064711777476    
  0.9442     -0.17240743728233635    
  0.94465     -0.17226384667615455    
  0.9451     -0.17211987506080254    
  0.94555     -0.17197552219808995    
  0.9460000000000001     -0.17183078785014652    
  0.94645     -0.17168567177930347    
  0.9469000000000001     -0.17154017374819677    
  0.94735     -0.17139429351972046    
  0.9478     -0.1712480308570219    
  0.94825     -0.1711013855235279    
  0.9487     -0.17095435728294087    
  0.94915     -0.17080694589921935    
  0.9496     -0.1706591511365948    
  0.9500500000000001     -0.17051097275957036    
  0.9505     -0.17036241053294407    
  0.95095     -0.1702134642217618    
  0.9514     -0.17006413359134614    
  0.9518500000000001     -0.16991441840733362    
  0.9523     -0.16976431843558656    
  0.95275     -0.1696138334422844    
  0.9532     -0.1694629631938703    
  0.95365     -0.16931170745707827    
  0.9541000000000001     -0.16916006599891584    
  0.95455     -0.16900803858668237    
  0.9550000000000001     -0.16885562498796644    
  0.95545     -0.16870282497062375    
  0.9559     -0.16854963830282105    
  0.95635     -0.1683960647530004    
  0.9568000000000001     -0.16824210408989107    
  0.95725     -0.16808775608251042    
  0.9577     -0.16793302050019926    
  0.9581500000000001     -0.1677778971125535    
  0.9586     -0.16762238568947366    
  0.9590500000000001     -0.16746648600117908    
  0.9595     -0.1673101978181522    
  0.9599500000000001     -0.16715352091119243    
  0.9604     -0.16699645505140162    
  0.96085     -0.16683900001016239    
  0.9613     -0.1666811555591821    
  0.96175     -0.16652292147045944    
  0.9622     -0.16636429751629678    
  0.96265     -0.16620528346930952    
  0.9631000000000001     -0.1660458791023984    
  0.96355     -0.16588608418879439    
  0.964     -0.16572589850203504    
  0.96445     -0.16556532181595102    
  0.9649000000000001     -0.16540435390470032    
  0.96535     -0.16524299454275063    
  0.9658     -0.16508124350486775    
  0.96625     -0.16491910056614453    
  0.9667     -0.16475656550200768    
  0.9671500000000001     -0.1645936380881647    
  0.9676     -0.16443031810066816    
  0.9680500000000001     -0.16426660531586484    
  0.9685     -0.1641024995104607    
  0.96895     -0.1639380004614413    
  0.9694     -0.16377310794614583    
  0.96985     -0.16360782174222105    
  0.9703     -0.16344214162764384    
  0.97075     -0.16327606738071618    
  0.9712000000000001     -0.16310959878007694    
  0.97165     -0.16294273560467315    
  0.9721     -0.16277547763379976    
  0.97255     -0.16260782464709342    
  0.9730000000000001     -0.16243977642448898    
  0.97345     -0.1622713327462778    
  0.9739     -0.16210249339309374    
  0.97435     -0.16193325814587753    
  0.9748     -0.1617636267859366    
  0.9752500000000001     -0.16159359909490506    
  0.9757     -0.1614231748547639    
  0.9761500000000001     -0.1612523538478039    
  0.9766     -0.1610811358567118    
  0.97705     -0.16090952066447708    
  0.9775     -0.16073750805443404    
  0.9779500000000001     -0.1605650978103015    
  0.9784     -0.16039228971608926    
  0.97885     -0.16021908355619133    
  0.9793000000000001     -0.16004547911536313    
  0.97975     -0.15987147617867542    
  0.9802000000000001     -0.1596970745315699    
  0.98065     -0.15952227395982857    
  0.9811000000000001     -0.15934707424961914    
  0.98155     -0.15917147518741864    
  0.982     -0.15899547656010748    
  0.98245     -0.15881907815489055    
  0.9829     -0.15864227975934686    
  0.9833500000000001     -0.1584650811614212    
  0.9838     -0.15828748214940064    
  0.9842500000000001     -0.15810948251195384    
  0.9847     -0.1579310820381021    
  0.98515     -0.15775228051723428    
  0.9856     -0.15757307773910909    
  0.9860500000000001     -0.15739347349386282    
  0.9865     -0.15721346757198296    
  0.98695     -0.1570330597643337    
  0.9874     -0.15685224986214882    
  0.98785     -0.15667103765704304    
  0.9883000000000001     -0.15648942294100057    
  0.98875     -0.15630740550637978    
  0.9892000000000001     -0.15612498514591197    
  0.98965     -0.155942161652718    
  0.9901     -0.15575893482026892    
  0.99055     -0.15557530444247286    
  0.991     -0.15539127031355673    
  0.99145     -0.15520683222816556    
  0.9919     -0.15502198998133426    
  0.9923500000000001     -0.15483674336843609    
  0.9928     -0.15465109218530487    
  0.99325     -0.15446503622808383    
  0.9937     -0.15427857529337133    
  0.9941500000000001     -0.15409170917811144    
  0.9946     -0.15390443767965467    
  0.99505     -0.1537167605957549    
  0.9955     -0.1535286777245439    
  0.99595     -0.1533401888645622    
  0.9964000000000001     -0.15315129381472475    
  0.99685     -0.15296199237436492    
  0.9973000000000001     -0.15277228434322032    
  0.99775     -0.15258216952141793    
  0.9982     -0.15239164770946856    
  0.99865     -0.15220071870832041    
  0.9991000000000001     -0.15200938231929936    
  0.99955     -0.15181763834415232    
  1.     -0.15162548658502803   
