  0.10045000000000001     -0.6609556585622229    
  0.1009     -0.6609043375796839    
  0.10135000000000001     -0.6608527865333623    
  0.1018     -0.6608010054145309    
  0.10225000000000001     -0.6607489942142941    
  0.1027     -0.6606967529238572    
  0.10315     -0.6606442815342924    
  0.10360000000000001     -0.6605915800366687    
  0.10405     -0.6605386484219525    
  0.10450000000000001     -0.6604854866812495    
  0.10495     -0.6604320948054011    
  0.10540000000000001     -0.6603784727853776    
  0.10585     -0.6603246206120629    
  0.1063     -0.6602705382763091    
  0.10675000000000001     -0.6602162257689691    
  0.1072     -0.6601616830807026    
  0.10765000000000001     -0.6601069102023623    
  0.1081     -0.6600519071246342    
  0.10855000000000001     -0.6599966738381365    
  0.10900000000000001     -0.6599412103335205    
  0.10945     -0.6598855166014502    
  0.10990000000000001     -0.6598295926324406    
  0.11035     -0.6597734384170248    
  0.11080000000000001     -0.6597170539456803    
  0.11125     -0.6596604392089201    
  0.11170000000000001     -0.659603594197057    
  0.11215     -0.6595465189006469    
  0.1126     -0.659489213309937    
  0.11305000000000001     -0.6594316774151969    
  0.1135     -0.659373911206868    
  0.11395000000000001     -0.6593159146750589    
  0.1144     -0.6592576878100596    
  0.11485000000000001     -0.6591992306019971    
  0.11530000000000001     -0.6591405430411019    
  0.11575     -0.6590816251173929    
  0.11620000000000001     -0.6590224768210432    
  0.11665     -0.6589630981419995    
  0.11710000000000001     -0.6589034890702876    
  0.11755000000000002     -0.6588436495959231    
  0.11800000000000001     -0.658783579708822    
  0.11845     -0.658723279398932    
  0.1189     -0.6586627486560261    
  0.11935000000000001     -0.6586019874699891    
  0.1198     -0.6585409958306299    
  0.12025000000000001     -0.6584797737277406    
  0.1207     -0.6584183211510457    
  0.12115000000000001     -0.6583566380901913    
  0.12160000000000001     -0.6582947245349117    
  0.12205     -0.658232580474767    
  0.12250000000000001     -0.658170205899466    
  0.12295     -0.6581076007984568    
  0.12340000000000001     -0.6580447651613145    
  0.12385000000000002     -0.6579816989775095    
  0.12430000000000001     -0.6579184022365423    
  0.12475     -0.6578548749278974    
  0.1252     -0.6577911170408297    
  0.12565     -0.6577271285648161    
  0.12610000000000002     -0.6576629094890974    
  0.12655     -0.6575984598030369    
  0.127     -0.6575337794959091    
  0.12745     -0.6574688685568534    
  0.1279     -0.657403726975146    
  0.12835000000000002     -0.6573383547398997    
  0.1288     -0.6572727518402764    
  0.12925     -0.6572069182653918    
  0.1297     -0.6571408540042631    
  0.13015000000000002     -0.6570745590459105    
  0.1306     -0.657008033379389    
  0.13105     -0.6569412769936228    
  0.1315     -0.6568742898775562    
  0.13195     -0.6568070720200644    
  0.13240000000000002     -0.6567396234100478    
  0.13285000000000002     -0.6566719440362871    
  0.1333     -0.6566040338876522    
  0.13375     -0.6565358929528451    
  0.1342     -0.6564675212206564    
  0.13465     -0.656398918679811    
  0.1351     -0.6563300853188524    
  0.13555     -0.6562610211265414    
  0.136     -0.6561917260913989    
  0.13645000000000002     -0.6561222002021003    
  0.13690000000000002     -0.6560524434471242    
  0.13735     -0.6559824558149522    
  0.1378     -0.6559122372940963    
  0.13825     -0.6558417878730786    
  0.13870000000000002     -0.6557711075401659    
  0.13915     -0.655700196283836    
  0.1396     -0.655629054092409    
  0.14005     -0.6555576809542144    
  0.1405     -0.6554860768575309    
  0.14095000000000002     -0.6554142417906136    
  0.14140000000000003     -0.655342175741706    
  0.14185     -0.6552698786989829    
  0.1423     -0.655197350650611    
  0.14275000000000002     -0.6551245915846916    
  0.1432     -0.65505160148938    
  0.14365     -0.6549783803526583    
  0.1441     -0.6549049281627223    
  0.14455     -0.6548312449073939    
  0.14500000000000002     -0.6547573305747594    
  0.14545000000000002     -0.6546831851526937    
  0.1459     -0.6546088086291176    
  0.14635     -0.6545342009920168    
  0.1468     -0.6544593622290982    
  0.14725000000000002     -0.6543842923282678    
  0.1477     -0.6543089912772732    
  0.14815     -0.6542334590638922    
  0.1486     -0.654157695675844    
  0.14905000000000002     -0.654081701100907    
  0.14950000000000002     -0.6540054753266106    
  0.14995     -0.6539290183405879    
  0.1504     -0.6538523301306073    
  0.15085     -0.6537754106841559    
  0.15130000000000002     -0.6536982599887545    
  0.15175     -0.6536208780318823    
  0.1522     -0.6535432648011833    
  0.15265     -0.6534654202839253    
  0.1531     -0.6533873444676364    
  0.15355000000000002     -0.6533090373397246    
  0.15400000000000003     -0.6532304988874946    
  0.15445     -0.6531517290983379    
  0.1549     -0.6530727279595148    
  0.15535000000000002     -0.6529934954583451    
  0.1558     -0.6529140315821066    
  0.15625     -0.6528343363178744    
  0.1567     -0.6527544096529808    
  0.15715     -0.6526742515745949    
  0.15760000000000002     -0.6525938620696992    
  0.15805000000000002     -0.6525132411255514    
  0.1585     -0.6524323887291633    
  0.15895     -0.6523513048675076    
  0.15940000000000001     -0.652269989527687    
  0.15985000000000002     -0.6521884426967164    
  0.1603     -0.6521066643614697    
  0.16075     -0.6520246545089486    
  0.1612     -0.6519424131259812    
  0.16165000000000002     -0.6518599401994803    
  0.16210000000000002     -0.6517772357162624    
  0.16255000000000003     -0.6516942996631916    
  0.163     -0.6516111320269944    
  0.16345     -0.6515277327944416    
  0.16390000000000002     -0.6514441019523121    
  0.16435     -0.6513602394872489    
  0.1648     -0.6512761453859236    
  0.16525     -0.6511918196350033    
  0.16570000000000001     -0.6511072622211453    
  0.16615000000000002     -0.6510224731308865    
  0.16660000000000003     -0.6509374523507968    
  0.16705000000000003     -0.6508521998673689    
  0.1675     -0.6507667156672239    
  0.16795000000000002     -0.6506809997367167    
  0.1684     -0.6505950520623683    
  0.16885     -0.6505088726305733    
  0.1693     -0.6504224614277175    
  0.16975     -0.6503358184401941    
  0.17020000000000002     -0.6502489436543957    
  0.17065000000000002     -0.6501618370565259    
  0.17110000000000003     -0.6500744986329298    
  0.17155     -0.6499869283699004    
  0.17200000000000001     -0.6498991262536128    
  0.17245     -0.6498110922702929    
  0.1729     -0.6497228264061534    
  0.17335     -0.6496343286472501    
  0.1738     -0.6495455989797833    
  0.17425000000000002     -0.6494566373899461    
  0.17470000000000002     -0.649367443863617    
  0.17515000000000003     -0.6492780183869571    
  0.1756     -0.649188360945988    
  0.17605     -0.6490984715266779    
  0.17650000000000002     -0.649008350114966    
  0.17695     -0.6489179966969033    
  0.1774     -0.6488274112582487    
  0.17785     -0.64873659378509    
  0.17830000000000001     -0.6486455442630608    
  0.17875000000000002     -0.6485542626781563    
  0.17920000000000003     -0.6484627490161549    
  0.17965000000000003     -0.6483710032629194    
  0.1801     -0.6482790254040515    
  0.18055000000000002     -0.6481868154253586    
  0.181     -0.6480943733125789    
  0.18145     -0.6480016990514134    
  0.1819     -0.6479087926274886    
  0.18235     -0.6478156540264284    
  0.18280000000000002     -0.6477222832338876    
  0.18325000000000002     -0.6476286802353591    
  0.18370000000000003     -0.6475348450165204    
  0.18415     -0.6474407775628277    
  0.18460000000000001     -0.6473464778598641    
  0.18505000000000002     -0.6472519458930565    
  0.1855     -0.647157181647908    
  0.18595     -0.6470621851097946    
  0.1864     -0.646966956264197    
  0.18685000000000002     -0.6468714950964518    
  0.18730000000000002     -0.6467758015919695    
  0.18775000000000003     -0.6466798757360501    
  0.18820000000000003     -0.6465837175140222    
  0.18865     -0.6464873269112399    
  0.18910000000000002     -0.6463907039128639    
  0.18955     -0.6462938485042048    
  0.19     -0.6461967606704925    
  0.19045     -0.6460994403968813    
  0.19090000000000001     -0.6460018876685911    
  0.19135000000000002     -0.6459041024707693    
  0.19180000000000003     -0.6458060847885253    
  0.19225000000000003     -0.6457078346069339    
  0.1927     -0.645609351911158    
  0.19315000000000002     -0.6455106366861451    
  0.1936     -0.6454116889170394    
  0.19405     -0.6453125085888108    
  0.1945     -0.645213095686407    
  0.19495     -0.6451134501948608    
  0.19540000000000002     -0.6450135720990595    
  0.19585000000000002     -0.6449134613840236    
  0.19630000000000003     -0.6448131180344896    
  0.19675     -0.6447125420354654    
  0.19720000000000001     -0.644611733371759    
  0.19765000000000002     -0.6445106920282395    
  0.1981     -0.6444094179896067    
  0.19855     -0.6443079112408376    
  0.199     -0.6442061717665042    
  0.19945000000000002     -0.6441041995514483    
  0.19990000000000002     -0.6440019945803955    
  0.20035000000000003     -0.6438995568380764    
  0.20080000000000003     -0.6437968863090815    
  0.20125     -0.6436939829781122    
  0.20170000000000002     -0.6435908468298008    
  0.20215     -0.6434874778487769    
  0.2026     -0.6433838760196113    
  0.20305     -0.6432800413269267    
  0.20350000000000001     -0.6431759737551854    
  0.20395000000000002     -0.6430716732889845    
  0.20440000000000003     -0.6429671399128496    
  0.20485000000000003     -0.6428623736111984    
  0.2053     -0.6427573743685803    
  0.20575000000000002     -0.6426521421693759    
  0.20620000000000002     -0.6425466769980757    
  0.20665     -0.6424409788390536    
  0.2071     -0.6423350476766564    
  0.20755     -0.6422288834952807    
  0.20800000000000002     -0.6421224862793381    
  0.20845000000000002     -0.6420158560130854    
  0.20890000000000003     -0.6419089926807702    
  0.20935000000000004     -0.6418018962668406    
  0.20980000000000001     -0.6416945667554452    
  0.21025000000000002     -0.6415870041309034    
  0.2107     -0.6414792083774015    
  0.21115     -0.6413711794790393    
  0.2116     -0.6412629174202145    
  0.21205000000000002     -0.6411544221850025    
  0.21250000000000002     -0.6410456937575202    
  0.21295000000000003     -0.6409367321219568    
  0.21340000000000003     -0.6408275372623741    
  0.21385     -0.6407181091629153    
  0.21430000000000002     -0.6406084478076376    
  0.21475     -0.6404985531805957    
  0.2152     -0.6403884252658051    
  0.21565     -0.6402780640473285    
  0.21610000000000001     -0.640167469509139    
  0.21655000000000002     -0.640056641635197    
  0.21700000000000003     -0.639945580409501    
  0.21745000000000003     -0.6398342858160493    
  0.2179     -0.639722757838722    
  0.21835000000000002     -0.6396109964613756    
  0.21880000000000002     -0.6394990016679665    
  0.21925     -0.6393867734423799    
  0.2197     -0.6392743117684757    
  0.22015     -0.639161616630086    
  0.22060000000000002     -0.6390486880109506    
  0.22105000000000002     -0.6389355258950254    
  0.22150000000000003     -0.6388221302659423    
  0.22195000000000004     -0.6387085011076318    
  0.22240000000000001     -0.6385946384037914    
  0.22285000000000002     -0.6384805421380751    
  0.2233     -0.638366212294324    
  0.22375     -0.6382516488561395    
  0.2242     -0.6381368518072982    
  0.22465000000000002     -0.6380218211314652    
  0.22510000000000002     -0.6379065568122831    
  0.22555000000000003     -0.6377910588332697    
  0.226     -0.6376753271782795    
  0.22645     -0.6375593618307965    
  0.22690000000000002     -0.6374431627743959    
  0.22735000000000002     -0.637326729992653    
  0.22780000000000003     -0.6372100634692259    
  0.22825     -0.6370931631875351    
  0.22870000000000001     -0.6369760291311963    
  0.22915000000000002     -0.6368586612836388    
  0.22960000000000003     -0.6367410596284574    
  0.23005     -0.6366232241491107    
  0.2305     -0.6365051548290681    
  0.23095000000000002     -0.6363868516517323    
  0.23140000000000002     -0.636268314600601    
  0.23185000000000003     -0.6361495436590708    
  0.2323     -0.6360305388106182    
  0.23275     -0.6359113000385506    
  0.23320000000000002     -0.6357918273262531    
  0.23365000000000002     -0.6356721206572118    
  0.23410000000000003     -0.6355521800145895    
  0.23455     -0.6354320053819367    
  0.23500000000000001     -0.6353115967423736    
  0.23545000000000002     -0.6351909540793923    
  0.23590000000000003     -0.6350700773761826    
  0.23635     -0.6349489666160573    
  0.2368     -0.6348276217823365    
  0.23725000000000002     -0.6347060428581632    
  0.23770000000000002     -0.6345842298268956    
  0.23815000000000003     -0.6344621826717124    
  0.2386     -0.6343399013758798    
  0.23905     -0.6342173859224699    
  0.23950000000000002     -0.6340946362948647    
  0.23995000000000002     -0.6339716524761086    
  0.24040000000000003     -0.6338484344494504    
  0.24085     -0.6337249821979438    
  0.24130000000000001     -0.6336012957048508    
  0.24175000000000002     -0.6334773749532513    
  0.24220000000000003     -0.6333532199262344    
  0.24265000000000003     -0.6332288306069466    
  0.2431     -0.6331042069784864    
  0.24355000000000002     -0.632979349023912    
  0.24400000000000002     -0.6328542567263343    
  0.24445000000000003     -0.6327289300687399    
  0.2449     -0.6326033690343158    
  0.24535     -0.6324775736059148    
  0.24580000000000002     -0.632351543766703    
  0.24625000000000002     -0.6322252794996427    
  0.24670000000000003     -0.632098780787726    
  0.24715     -0.6319720476140146    
  0.24760000000000001     -0.6318450799614318    
  0.24805000000000002     -0.6317178778129342    
  0.24850000000000003     -0.6315904411515856    
  0.24895000000000003     -0.6314627699602242    
  0.2494     -0.6313348642218283    
  0.24985000000000002     -0.6312067239193473    
  0.2503     -0.6310783490357084    
  0.25075000000000003     -0.6309497395537996    
  0.2512     -0.6308208954564961    
  0.25165000000000004     -0.6306918167268077    
  0.2521     -0.6305625033474951    
  0.25255000000000005     -0.6304329553014497    
  0.253     -0.6303031725716302    
  0.25345     -0.6301731551407737    
  0.2539     -0.6300429029918047    
  0.25435     -0.6299124161075507    
  0.2548     -0.6297816944708026    
  0.25525000000000003     -0.6296507380644327    
  0.25570000000000004     -0.6295195468711635    
  0.25615     -0.6293881208739148    
  0.25660000000000005     -0.6292564600554509    
  0.25705     -0.6291245643985081    
  0.2575     -0.6289924338858993    
  0.25795     -0.6288600685003851    
  0.2584     -0.6287274682247267    
  0.25885     -0.6285946330417349    
  0.25930000000000003     -0.6284615629341159    
  0.25975000000000004     -0.6283282578845599    
  0.2602     -0.6281947178758547    
  0.26065000000000005     -0.6280609428908    
  0.2611     -0.6279269329120012    
  0.26155000000000006     -0.6277926879222068    
  0.262     -0.6276582079041139    
  0.26245     -0.6275234928404698    
  0.2629     -0.6273885427139881    
  0.26335000000000003     -0.6272533575072451    
  0.26380000000000003     -0.6271179372029991    
  0.26425     -0.6269822817839416    
  0.26470000000000005     -0.6268463912326961    
  0.26515     -0.6267102655319372    
  0.26560000000000006     -0.626573904664332    
  0.26605     -0.6264373086125005    
  0.2665     -0.6263004773591938    
  0.26695     -0.626163410886914    
  0.2674     -0.6260261091784275    
  0.26785000000000003     -0.6258885722162802    
  0.2683     -0.62575079998307    
  0.26875000000000004     -0.6256127924615408    
  0.2692     -0.6254745496342384    
  0.26965000000000006     -0.6253360714837549    
  0.2701     -0.6251973579927363    
  0.27055     -0.6250584091437702    
  0.271     -0.6249192249194646    
  0.27145     -0.6247798053024113    
  0.27190000000000003     -0.6246401502752102    
  0.27235     -0.6245002598204712    
  0.27280000000000004     -0.6243601339207437    
  0.27325     -0.6242197725586487    
  0.27370000000000005     -0.624079175716689    
  0.27415     -0.6239383433775284    
  0.2746     -0.6237972755236669    
  0.27505     -0.6236559721377747    
  0.2755     -0.6235144332023129    
  0.27595000000000003     -0.6233726586999135    
  0.27640000000000003     -0.6232306486131068    
  0.27685000000000004     -0.6230884029244729    
  0.2773     -0.6229459216164882    
  0.27775000000000005     -0.6228032046719019    
  0.2782     -0.622660252073106    
  0.27865     -0.6225170638026782    
  0.2791     -0.6223736398431596    
  0.27955     -0.6222299801771628    
  0.28     -0.6220860847871758    
  0.28045000000000003     -0.6219419536558293    
  0.28090000000000004     -0.6217975867655607    
  0.28135     -0.6216529840990109    
  0.28180000000000005     -0.62150814563862    
  0.28225     -0.6213630713670301    
  0.28270000000000006     -0.6212177612667289    
  0.28315     -0.6210722153202735    
  0.2836     -0.6209264335102525    
  0.28405     -0.6207804158191214    
  0.28450000000000003     -0.6206341622294862    
  0.28495000000000004     -0.6204876727239009    
  0.2854     -0.6203409472848195    
  0.28585000000000005     -0.6201939858948983    
  0.2863     -0.6200467885365735    
  0.28675000000000006     -0.619899355192535    
  0.2872     -0.6197516858451995    
  0.28765     -0.6196037804771586    
  0.2881     -0.6194556390709661    
  0.28855000000000003     -0.6193072616091931    
  0.28900000000000003     -0.619158648074374    
  0.28945     -0.6190097984490122    
  0.28990000000000005     -0.6188607127157499    
  0.29035     -0.6187113908570896    
  0.29080000000000006     -0.6185618328556189    
  0.29125     -0.6184120386938918    
  0.2917     -0.6182620083544962    
  0.29215     -0.6181117418199216    
  0.2926     -0.61796123907284    
  0.29305000000000003     -0.617810500095755    
  0.2935     -0.6176595248713053    
  0.29395000000000004     -0.6175083133819503    
  0.2944     -0.6173568656104446    
  0.29485000000000006     -0.6172051815392263    
  0.2953     -0.6170532611509556    
  0.29575     -0.6169011044282229    
  0.2962     -0.6167487113535828    
  0.29665     -0.616596081909682    
  0.29710000000000003     -0.6164432160791433    
  0.29755000000000004     -0.6162901138445611    
  0.29800000000000004     -0.6161367751885569    
  0.29845     -0.6159832000936651    
  0.29890000000000005     -0.615829388542627    
  0.29935     -0.6156753405180547    
  0.2998     -0.6155210560024604    
  0.30025     -0.6153665349786585    
  0.3007     -0.6152117774291935    
  0.30115000000000003     -0.6150567833367842    
  0.30160000000000003     -0.6149015526840257    
  0.30205000000000004     -0.6147460854535541    
  0.3025     -0.6145903816281504    
  0.30295000000000005     -0.6144344411903997    
  0.3034     -0.6142782641230069    
  0.30385000000000006     -0.6141218504087049    
  0.3043     -0.6139652000301007    
  0.30475     -0.6138083129699802    
  0.3052     -0.613651189211036    
  0.30565000000000003     -0.6134938287359886    
  0.30610000000000004     -0.6133362315274808    
  0.30655     -0.6131783975683713    
  0.30700000000000005     -0.6130203268413073    
  0.30745     -0.6128620193290962    
  0.30790000000000006     -0.6127034750144323    
  0.30835     -0.6125446938801862    
  0.3088     -0.6123856759089831    
  0.30925     -0.6122264210837289    
  0.30970000000000003     -0.6120669293871528    
  0.31015000000000004     -0.6119072008020596    
  0.3106     -0.6117472353112687    
  0.31105000000000005     -0.6115870328976354    
  0.3115     -0.6114265935439183    
  0.31195000000000006     -0.6112659172329731    
  0.3124     -0.6111050039476431    
  0.31285     -0.610943853670806    
  0.3133     -0.6107824663853081    
  0.31375000000000003     -0.6106208420740792    
  0.31420000000000003     -0.610458980719884    
  0.31465     -0.610296882305761    
  0.31510000000000005     -0.6101345468145067    
  0.31555     -0.6099719742290967    
  0.31600000000000006     -0.6098091645324836    
  0.31645     -0.6096461177075261    
  0.3169     -0.6094828337372487    
  0.31735     -0.6093193126045945    
  0.3178     -0.6091555542924981    
  0.31825000000000003     -0.6089915587839858    
  0.31870000000000004     -0.6088273260620943    
  0.31915000000000004     -0.6086628561097548    
  0.3196     -0.6084981489100253    
  0.32005000000000006     -0.6083332044459585    
  0.3205     -0.6081680227005792    
  0.32095     -0.6080026036569841    
  0.3214     -0.6078369472981626    
  0.32185     -0.6076710536073516    
  0.32230000000000003     -0.6075049225674651    
  0.32275000000000004     -0.6073385541618176    
  0.32320000000000004     -0.6071719483733494    
  0.32365     -0.607005105185368    
  0.32410000000000005     -0.6068380245808644    
  0.32455     -0.6066707065431453    
  0.32500000000000007     -0.6065031510553783    
  0.32545     -0.6063353581006966    
  0.3259     -0.606167327662362    
  0.32635000000000003     -0.6059990597235987    
  0.32680000000000003     -0.6058305542676287    
  0.32725000000000004     -0.605661811277744    
  0.3277     -0.6054928307372238    
  0.32815000000000005     -0.6053236126293455    
  0.3286     -0.6051541569373914    
  0.32905000000000006     -0.6049844636447166    
  0.3295     -0.6048145327346559    
  0.32995     -0.6046443641905209    
  0.3304     -0.6044739579957507    
  0.33085000000000003     -0.6043033141337607    
  0.33130000000000004     -0.6041324325878649    
  0.33175000000000004     -0.6039613133415143    
  0.33220000000000005     -0.6037899563781685    
  0.33265     -0.6036183616812635    
  0.3331     -0.6034465292343097    
  0.33355     -0.6032744590207737    
  0.334     -0.6031021510241534    
  0.33445     -0.602929605228017    
  0.33490000000000003     -0.6027568216158874    
  0.33535000000000004     -0.6025838001713582    
  0.33580000000000004     -0.6024105408779552    
  0.33625000000000005     -0.6022370437193618    
  0.33670000000000005     -0.6020633086791622    
  0.33715     -0.601889335740945    
  0.3376     -0.6017151248884687    
  0.33805     -0.6015406761053436    
  0.3385     -0.6013659893753659    
  0.33895000000000003     -0.6011910646821234    
  0.33940000000000003     -0.6010159020094167    
  0.33985000000000004     -0.6008405013410738    
  0.34030000000000005     -0.6006648626607872    
  0.34075000000000005     -0.6004889859523755    
  0.3412     -0.6003128711997179    
  0.34165     -0.6001365183865894    
  0.3421     -0.5999599274969016    
  0.34255     -0.5997830985145113    
  0.343     -0.5996060314233709    
  0.34345000000000003     -0.5994287262073975    
  0.34390000000000004     -0.5992511828505535    
  0.34435000000000004     -0.5990734013367265    
  0.34480000000000005     -0.5988953816500856    
  0.34525000000000006     -0.5987171237744623    
  0.3457     -0.5985386276940962    
  0.34615     -0.5983598933928791    
  0.3466     -0.5981809208550071    
  0.34705     -0.5980017100645153    
  0.34750000000000003     -0.5978222610056771    
  0.34795000000000004     -0.5976425736624946    
  0.34840000000000004     -0.5974626480192508    
  0.34885000000000005     -0.5972824840601454    
  0.34930000000000005     -0.5971020817693482    
  0.34975     -0.596921441131249    
  0.3502     -0.5967405621299482    
  0.35065     -0.5965594447499217    
  0.3511     -0.5963780889753978    
  0.35155000000000003     -0.5961964947907977    
  0.35200000000000004     -0.5960146621805171    
  0.35245000000000004     -0.5958325911289069    
  0.35290000000000005     -0.5956502816204243    
  0.35335000000000005     -0.5954677336395419    
  0.3538     -0.5952849471707758    
  0.35425     -0.5951019221985098    
  0.3547     -0.5949186587074488    
  0.35515     -0.5947351566821546    
  0.3556     -0.5945514161070797    
  0.35605000000000003     -0.5943674369669872    
  0.35650000000000004     -0.5941832192465061    
  0.35695000000000005     -0.5939987629302338    
  0.35740000000000005     -0.593814068002918    
  0.35785     -0.5936291344493638    
  0.3583     -0.593443962254219    
  0.35875     -0.5932585514023779    
  0.3592     -0.5930729018786144    
  0.35965     -0.592887013667768    
  0.36010000000000003     -0.5927008867547718    
  0.36055000000000004     -0.5925145211244403    
  0.36100000000000004     -0.5923279167617667    
  0.36145000000000005     -0.5921410736517633    
  0.3619     -0.5919539917793624    
  0.36235000000000006     -0.591766671129638    
  0.3628     -0.5915791116876151    
  0.36325     -0.5913913134383455    
  0.3637     -0.591203276366982    
  0.36415000000000003     -0.5910150004587225    
  0.36460000000000004     -0.5908264856987437    
  0.36505000000000004     -0.5906377320722022    
  0.36550000000000005     -0.5904487395643909    
  0.36595000000000005     -0.5902595081605407    
  0.36640000000000006     -0.5900700378459731    
  0.36685     -0.5898803286060987    
  0.3673     -0.5896903804261961    
  0.36775     -0.5895001932917555    
  0.3682     -0.5893097671881511    
  0.36865000000000003     -0.5891191021008343    
  0.36910000000000004     -0.5889281980154222    
  0.36955000000000005     -0.588737054917313    
  0.37000000000000005     -0.5885456727922    
  0.37045000000000006     -0.5883540516256133    
  0.3709     -0.5881621914032716    
  0.37135     -0.58797009211075    
  0.3718     -0.5877777537338478    
  0.37225     -0.587585176258283    
  0.37270000000000003     -0.5873923596698202    
  0.37315000000000004     -0.5871993039542691    
  0.37360000000000004     -0.5870060090974754    
  0.37405000000000005     -0.586812475085395    
  0.37450000000000006     -0.5866187019038658    
  0.37495     -0.5864246895388435    
  0.3754     -0.5862304379764275    
  0.37585     -0.5860359472025485    
  0.3763     -0.5858412172033445    
  0.37675000000000003     -0.585646247964853    
  0.37720000000000004     -0.5854510394732536    
  0.37765000000000004     -0.5852555917146877    
  0.37810000000000005     -0.5850599046754451    
  0.37855000000000005     -0.5848639783417299    
  0.379     -0.5846678126998298    
  0.37945     -0.5844714077361428    
  0.3799     -0.5842747634369565    
  0.38035     -0.5840778797886961    
  0.3808     -0.5838807567778639    
  0.38125000000000003     -0.5836833943908979    
  0.38170000000000004     -0.5834857926143499    
  0.38215000000000005     -0.5832879514347379    
  0.38260000000000005     -0.5830898708387223    
  0.38305     -0.5828915508129222    
  0.38350000000000006     -0.582692991344046    
  0.38395     -0.5824941924187943    
  0.3844     -0.5822951540239542    
  0.38485     -0.5820958761463547    
  0.38530000000000003     -0.581896358772784    
  0.38575000000000004     -0.5816966018901711    
  0.38620000000000004     -0.5814966054854324    
  0.38665000000000005     -0.581296369545574    
  0.38710000000000006     -0.5810958940576165    
  0.38755000000000006     -0.5808951790085609    
  0.388     -0.5806942243855905    
  0.38845     -0.5804930301757794    
  0.3889     -0.5802915963663364    
  0.38935000000000003     -0.5800899229445328    
  0.38980000000000004     -0.5798880098975773    
  0.39025000000000004     -0.5796858572127721    
  0.39070000000000005     -0.5794834648776142    
  0.39115000000000005     -0.5792808328793818    
  0.39160000000000006     -0.5790779612055657    
  0.39205     -0.57887484984367    
  0.3925     -0.5786714987812146    
  0.39295     -0.5784679080058128    
  0.3934     -0.5782640775050589    
  0.39385000000000003     -0.5780600072667137    
  0.39430000000000004     -0.5778556972783491    
  0.39475000000000005     -0.5776511475278792    
  0.39520000000000005     -0.5774463580030251    
  0.39565000000000006     -0.5772413286916829    
  0.3961     -0.5770360595818055    
  0.39655     -0.5768305506612579    
  0.397     -0.5766248019180936    
  0.39745     -0.5764188133403418    
  0.39790000000000003     -0.5762125849161363    
  0.39835000000000004     -0.5760061166335777    
  0.39880000000000004     -0.5757994084809184    
  0.39925000000000005     -0.5755924604463699    
  0.39970000000000006     -0.5753852725181723    
  0.40015     -0.575177844684702    
  0.40060000000000007     -0.5749701769343837    
  0.40105     -0.5747622692555934    
  0.4015     -0.5745541216368738    
  0.40195000000000003     -0.5743457340667554    
  0.40240000000000004     -0.5741371065337445    
  0.40285000000000004     -0.5739282390265869    
  0.40330000000000005     -0.5737191315339267    
  0.40375000000000005     -0.5735097840444775    
  0.4042     -0.5733001965470691    
  0.40465000000000007     -0.5730903690304954    
  0.4051     -0.572880301483787    
  0.40555     -0.5726699938956763    
  0.406     -0.5724594462552968    
  0.40645000000000003     -0.5722486585516644    
  0.40690000000000004     -0.5720376307739273    
  0.40735000000000005     -0.5718263629111744    
  0.40780000000000005     -0.5716148549526552    
  0.40825     -0.5714031068875715    
  0.40870000000000006     -0.5711911187052973    
  0.40915     -0.5709788903951893    
  0.4096     -0.5707664219466646    
  0.41005     -0.5705537133492072    
  0.41050000000000003     -0.5703407645923172    
  0.41095000000000004     -0.5701275756656438    
  0.41140000000000004     -0.5699141465587443    
  0.41185000000000005     -0.5697004772613691    
  0.41230000000000006     -0.5694865677632797    
  0.41275000000000006     -0.5692724180542127    
  0.4132     -0.569058028124149    
  0.41365     -0.5688433979629246    
  0.4141     -0.568628527560507    
  0.41455000000000003     -0.5684134169069937    
  0.41500000000000004     -0.5681980659923983    
  0.41545000000000004     -0.5679824748069034    
  0.41590000000000005     -0.5677666433407655    
  0.41635000000000005     -0.5675505715841673    
  0.41680000000000006     -0.5673342595274696    
  0.41725     -0.5671177071610769    
  0.4177     -0.566900914475334    
  0.41815     -0.5666838814608166    
  0.4186     -0.5664666081080775    
  0.41905000000000003     -0.5662490944077109    
  0.41950000000000004     -0.5660313403503889    
  0.41995000000000005     -0.5658133459269118    
  0.42040000000000005     -0.5655951111279713    
  0.42085000000000006     -0.5653766359444912    
  0.4213     -0.5651579203673489    
  0.42175000000000007     -0.5649389643875401    
  0.4222     -0.5647197679961294    
  0.42265     -0.5645003311841404    
  0.42310000000000003     -0.5642806539428196    
  0.42355000000000004     -0.5640607362633747    
  0.42400000000000004     -0.5638405781370702    
  0.42445000000000005     -0.563620179555227    
  0.42490000000000006     -0.5633995405092977    
  0.42535     -0.5631786609906796    
  0.42580000000000007     -0.5629575409910627    
  0.42625     -0.562736180501948    
  0.4267     -0.5625145795149633    
  0.42715000000000003     -0.5622927380219227    
  0.42760000000000004     -0.5620706560145734    
  0.42805000000000004     -0.561848333484799    
  0.42850000000000005     -0.5616257704244859    
  0.42895000000000005     -0.5614029668256103    
  0.4294     -0.561179922680285    
  0.42985000000000007     -0.5609566379805515    
  0.4303     -0.560733112718732    
  0.43075     -0.5605093468869113    
  0.4312     -0.5602853404774991    
  0.43165000000000003     -0.5600610934829191    
  0.43210000000000004     -0.5598366058954564    
  0.43255000000000005     -0.559611877707855    
  0.43300000000000005     -0.5593869089124957    
  0.43345     -0.5591616995021632    
  0.43390000000000006     -0.5589362494695397    
  0.43435     -0.5587105588074522    
  0.4348     -0.5584846275086472    
  0.43525     -0.5582584555661378    
  0.43570000000000003     -0.5580320429729233    
  0.43615000000000004     -0.5578053897220961    
  0.43660000000000004     -0.5575784958067498    
  0.43705000000000005     -0.5573513612200833    
  0.43750000000000006     -0.5571239859553593    
  0.43795000000000006     -0.556896370005975    
  0.4384     -0.5566685133653804    
  0.43885     -0.5564404160269811    
  0.4393     -0.5562120779843228    
  0.43975000000000003     -0.5559834992311024    
  0.44020000000000004     -0.5557546797611042    
  0.44065000000000004     -0.5555256195679344    
  0.44110000000000005     -0.5552963186455079    
  0.44155000000000005     -0.5550667769877841    
  0.44200000000000006     -0.5548369945887074    
  0.44245     -0.554606971442458    
  0.44290000000000007     -0.5543767075429933    
  0.44335     -0.5541462028846748    
  0.44380000000000003     -0.5539154574617452    
  0.44425000000000003     -0.5536844712685255    
  0.44470000000000004     -0.553453244299588    
  0.44515000000000005     -0.553221776549363    
  0.44560000000000005     -0.5529900680123822    
  0.44605000000000006     -0.5527581186834373    
  0.4465     -0.5525259285572007    
  0.44695000000000007     -0.5522934976284601    
  0.4474     -0.5520608258921988    
  0.44785     -0.5518279133432623    
  0.44830000000000003     -0.5515947599768616    
  0.44875000000000004     -0.5513613657879716    
  0.44920000000000004     -0.5511277307719118    
  0.44965000000000005     -0.550893854923902    
  0.45010000000000006     -0.550659738239357    
  0.45055     -0.5504253807136589    
  0.45100000000000007     -0.5501907823423294    
  0.45145     -0.5499559431210302    
  0.4519     -0.5497208630453313    
  0.45235000000000003     -0.5494855421110684    
  0.45280000000000004     -0.5492499803140566    
  0.45325000000000004     -0.5490141776502625    
  0.45370000000000005     -0.5487781341155783    
  0.45415000000000005     -0.5485418497061652    
  0.4546     -0.5483053244180953    
  0.45505000000000007     -0.5480685582477223    
  0.4555     -0.5478315511913522    
  0.4559500000000001     -0.5475943032453161    
  0.45640000000000003     -0.5473568144061618    
  0.45685000000000003     -0.5471190846704207    
  0.45730000000000004     -0.5468811140347852    
  0.45775000000000005     -0.5466429024959174    
  0.45820000000000005     -0.5464044500507549    
  0.45865     -0.5461657566961184    
  0.45910000000000006     -0.545926822428999    
  0.45955     -0.5456876472464446    
  0.4600000000000001     -0.5454482311457267    
  0.46045     -0.5452085741239556    
  0.46090000000000003     -0.5449686761785482    
  0.46135000000000004     -0.544728537306867    
  0.46180000000000004     -0.5444881575064703    
  0.46225000000000005     -0.5442475367748179    
  0.4627     -0.5440066751097364    
  0.46315000000000006     -0.5437655725088487    
  0.4636     -0.5435242289701268    
  0.4640500000000001     -0.5432826444914267    
  0.4645     -0.5430408190707655    
  0.46495000000000003     -0.5427987527062978    
  0.46540000000000004     -0.5425564453961912    
  0.46585000000000004     -0.5423138971387127    
  0.46630000000000005     -0.5420711079322927    
  0.46675     -0.5418280777753185    
  0.46720000000000006     -0.5415848066664327    
  0.46765     -0.5413412946042387    
  0.46810000000000007     -0.5410975415874418    
  0.46855     -0.540853547614911    
  0.46900000000000003     -0.5406093126855582    
  0.46945000000000003     -0.5403648367983738    
  0.46990000000000004     -0.5401201199524566    
  0.47035000000000005     -0.5398751621470137    
  0.47080000000000005     -0.5396299633812751    
  0.47125000000000006     -0.5393845236547175    
  0.4717     -0.539138842966716    
  0.47215000000000007     -0.5388929213168138    
  0.4726     -0.5386467587047568    
  0.4730500000000001     -0.5384003551303023    
  0.47350000000000003     -0.5381537105931755    
  0.47395000000000004     -0.5379068250934049    
  0.47440000000000004     -0.5376596986309676    
  0.47485000000000005     -0.5374123312059864    
  0.47530000000000006     -0.5371647228187632    
  0.47575     -0.5369168734695337    
  0.47620000000000007     -0.5366687831587447    
  0.47665     -0.5364204518869269    
  0.4771000000000001     -0.5361718796546386    
  0.47755000000000003     -0.5359230664625614    
  0.47800000000000004     -0.5356740123115246    
  0.47845000000000004     -0.5354247172024743    
  0.47890000000000005     -0.5351751811363429    
  0.47935000000000005     -0.534925404114276    
  0.4798     -0.5346753861373778    
  0.48025000000000007     -0.5344251272069938    
  0.4807     -0.5341746273245079    
  0.4811500000000001     -0.5339238864914796    
  0.48160000000000003     -0.5336729047093364    
  0.48205000000000003     -0.5334216819798715    
  0.48250000000000004     -0.5331702183048734    
  0.48295000000000005     -0.5329185136861784    
  0.48340000000000005     -0.5326665681258155    
  0.48385     -0.5324143816258916    
  0.48430000000000006     -0.5321619541886011    
  0.48475     -0.5319092858161761    
  0.4852000000000001     -0.5316563765110571    
  0.48565     -0.5314032262757968    
  0.48610000000000003     -0.531149835112912    
  0.48655000000000004     -0.5308962030251044    
  0.48700000000000004     -0.5306423300152437    
  0.48745000000000005     -0.5303882160861702    
  0.4879     -0.5301338612410244    
  0.48835000000000006     -0.5298792654827984    
  0.4888     -0.5296244288148039    
  0.4892500000000001     -0.5293693512403365    
  0.4897     -0.5291140327628467    
  0.49015000000000003     -0.5288584733858696    
  0.49060000000000004     -0.5286026731130054    
  0.49105000000000004     -0.5283466319481485    
  0.49150000000000005     -0.5280903498950524    
  0.49195000000000005     -0.5278338269577435    
  0.49240000000000006     -0.5275770631402054    
  0.49285     -0.5273200584467483    
  0.49330000000000007     -0.5270628128815941    
  0.49375     -0.52680532644913    
  0.4942000000000001     -0.526547599153979    
  0.49465000000000003     -0.5262896310006511    
  0.49510000000000004     -0.5260314219939066    
  0.49555000000000005     -0.5257729721386121    
  0.49600000000000005     -0.5255142814397047    
  0.49645000000000006     -0.525255349902252    
  0.4969     -0.5249961775313635    
  0.49735000000000007     -0.5247367643324325    
  0.4978     -0.5244771103108262    
  0.4982500000000001     -0.52421721547201    
  0.49870000000000003     -0.5239570798216363    
  0.49915000000000004     -0.523696703365414    
  0.49960000000000004     -0.5234360861091883    
  0.5000500000000001     -0.5231752280589721    
  0.5005000000000001     -0.5229141292208509    
  0.50095     -0.5226527896008799    
  0.5014000000000001     -0.5223912092054996    
  0.50185     -0.522129388041042    
  0.5023000000000001     -0.5218673261140881    
  0.50275     -0.5216050234312755    
  0.5032000000000001     -0.5213424799993764    
  0.50365     -0.5210796958252227    
  0.5041     -0.5208166709158777    
  0.50455     -0.5205534052783957    
  0.505     -0.5202898989200639    
  0.5054500000000001     -0.5200261518481668    
  0.5059     -0.5197621640702311    
  0.5063500000000001     -0.519497935593799    
  0.5068     -0.5192334664266081    
  0.50725     -0.5189687565764197    
  0.5077     -0.5187038060512391    
  0.5081500000000001     -0.5184386148590375    
  0.5086     -0.5181731830081051    
  0.50905     -0.5179075105067258    
  0.5095000000000001     -0.5176415973632843    
  0.50995     -0.5173754435863244    
  0.5104000000000001     -0.51710904918449    
  0.51085     -0.5168424141665485    
  0.5113000000000001     -0.5165755385415065    
  0.51175     -0.5163084223183625    
  0.5122     -0.5160410655062286    
  0.51265     -0.5157734681143803    
  0.5131000000000001     -0.5155056301522084    
  0.5135500000000001     -0.515237551629298    
  0.514     -0.5149692325552365    
  0.5144500000000001     -0.5147006729398498    
  0.5149     -0.5144318727929903    
  0.5153500000000001     -0.5141628321247448    
  0.5158     -0.5138935509451588    
  0.5162500000000001     -0.5136240292645822    
  0.5167     -0.5133542670933843    
  0.51715     -0.5130842644420976    
  0.5176000000000001     -0.5128140213214064    
  0.51805     -0.5125435377420325    
  0.5185000000000001     -0.5122728137149563    
  0.51895     -0.5120018492511994    
  0.5194000000000001     -0.5117306443618874    
  0.51985     -0.5114591990583187    
  0.5203     -0.5111875133519821    
  0.52075     -0.5109155872544393    
  0.5212000000000001     -0.5106434207772073    
  0.5216500000000001     -0.5103710139323157    
  0.5221     -0.510098366731608    
  0.5225500000000001     -0.5098254791871581    
  0.523     -0.5095523513111595    
  0.5234500000000001     -0.5092789831160489    
  0.5239     -0.509005374614187    
  0.5243500000000001     -0.5087315258182402    
  0.5248     -0.5084574367409437    
  0.52525     -0.5081831073950974    
  0.5257000000000001     -0.507908537793854    
  0.52615     -0.5076337279502454    
  0.5266000000000001     -0.5073586778775391    
  0.52705     -0.5070833875892237    
  0.5275000000000001     -0.50680785709872    
  0.52795     -0.5065320864198841    
  0.5284     -0.5062560755663504    
  0.52885     -0.5059798245521749    
  0.5293000000000001     -0.5057033333914535    
  0.52975     -0.5054266020983927    
  0.5302     -0.5051496306872882    
  0.5306500000000001     -0.5048724191727123    
  0.5311     -0.5045949675693292    
  0.5315500000000001     -0.5043172758918565    
  0.532     -0.5040393441553055    
  0.5324500000000001     -0.5037611723745682    
  0.5329     -0.5034827605650359    
  0.53335     -0.503204108741846    
  0.5338     -0.5029252169205974    
  0.5342500000000001     -0.5026460851169405    
  0.5347000000000001     -0.5023667133466216    
  0.53515     -0.5020871016254315    
  0.5356000000000001     -0.5018072499695128    
  0.53605     -0.5015271583949902    
  0.5365     -0.501246826918293    
  0.53695     -0.5009662555557952    
  0.5374000000000001     -0.5006854443241442    
  0.53785     -0.5004043932400865    
  0.5383     -0.5001231023205651    
  0.5387500000000001     -0.49984157158260933    
  0.5392     -0.4995598010433397    
  0.5396500000000001     -0.49927779072018197    
  0.5401     -0.4989955406306576    
  0.5405500000000001     -0.4987130507922812    
  0.541     -0.498430321222923    
  0.54145     -0.49814735194048726    
  0.5419     -0.49786414296297965    
  0.5423500000000001     -0.49758069430868546    
  0.5428000000000001     -0.49729700599598575    
  0.54325     -0.4970130780433828    
  0.5437000000000001     -0.49672891046948137    
  0.54415     -0.4964445032932325    
  0.5446000000000001     -0.49615985653345757    
  0.54505     -0.49587497020930593    
  0.5455000000000001     -0.4955898443401113    
  0.54595     -0.49530447894526053    
  0.5464     -0.4950188740442944    
  0.5468500000000001     -0.4947330296568853    
  0.5473     -0.4944469458030479    
  0.5477500000000001     -0.4941606225027026    
  0.5482     -0.493874059776072    
  0.5486500000000001     -0.4935872576434367    
  0.5491     -0.4933002161252841    
  0.54955     -0.4930129352423025    
  0.55     -0.49272541501526773    
  0.5504500000000001     -0.49243765546511997    
  0.5509000000000001     -0.49214965661296156    
  0.55135     -0.4918614184800225    
  0.5518000000000001     -0.4915729410878242    
  0.55225     -0.49128422445778547    
  0.5527000000000001     -0.49099526861173826    
  0.55315     -0.4907060735715687    
  0.5536000000000001     -0.49041663935928614    
  0.55405     -0.490126965997065    
  0.5545     -0.48983705350738593    
  0.55495     -0.4895469019126188    
  0.5554000000000001     -0.48925651123552877    
  0.5558500000000001     -0.48896588149889636    
  0.5563     -0.488675012725858    
  0.5567500000000001     -0.488383904939352    
  0.5572     -0.48809255816284397    
  0.55765     -0.4878009724198249    
  0.5581     -0.48750914773391685    
  0.5585500000000001     -0.4872170841288544    
  0.559     -0.486924781628719    
  0.55945     -0.4866322402575525    
  0.5599000000000001     -0.48633946003969647    
  0.56035     -0.48604644099956407    
  0.5608000000000001     -0.48575318316185595    
  0.56125     -0.48545968655128163    
  0.5617000000000001     -0.48516595119279693    
  0.56215     -0.48487197711158797    
  0.5626000000000001     -0.4845777643328723    
  0.56305     -0.48428331288211335    
  0.5635000000000001     -0.48398862278496324    
  0.5639500000000001     -0.4836936940671824    
  0.5644000000000001     -0.4833985267546887    
  0.5648500000000001     -0.4831031208736142    
  0.5653     -0.48280747645033667    
  0.5657500000000001     -0.48251159351114997    
  0.5662     -0.48221547208278936    
  0.5666500000000001     -0.4819191121920464    
  0.5671     -0.4816225138658509    
  0.5675500000000001     -0.48132567713133495    
  0.5680000000000001     -0.4810286020158598    
  0.5684500000000001     -0.4807312885468335    
  0.5689000000000001     -0.48043373675194534    
  0.56935     -0.48013594665899995    
  0.5698000000000001     -0.47983791829599615    
  0.57025     -0.47953965169108453    
  0.5707000000000001     -0.4792411468726593    
  0.57115     -0.4789424038691512    
  0.5716000000000001     -0.4786434227093147    
  0.5720500000000001     -0.4783442034219419    
  0.5725000000000001     -0.47804474603620345    
  0.5729500000000001     -0.4777450505811703    
  0.5734000000000001     -0.47744511708630605    
  0.5738500000000001     -0.4771449455811131    
  0.5743     -0.4768445360953899    
  0.5747500000000001     -0.4765438886590626    
  0.5752     -0.47624300330219393    
  0.5756500000000001     -0.4759418800550592    
  0.5761000000000001     -0.475640518948136    
  0.5765500000000001     -0.47533892001202466    
  0.5770000000000001     -0.47503708327753613    
  0.5774500000000001     -0.47473500877569136    
  0.5779000000000001     -0.47443269653767717    
  0.57835     -0.47413014659480973    
  0.5788000000000001     -0.4738273589786081    
  0.57925     -0.47352433372077535    
  0.5797000000000001     -0.47322107085321163    
  0.58015     -0.4729175704081124    
  0.5806000000000001     -0.47261383241749616    
  0.5810500000000001     -0.47230985691409166    
  0.5815000000000001     -0.47200564393030103    
  0.5819500000000001     -0.4717011934990854    
  0.5824     -0.4713965056533075    
  0.5828500000000001     -0.4710915804262175    
  0.5833     -0.4707864178512593    
  0.5837500000000001     -0.47048101796181585    
  0.5842     -0.4701753807917793    
  0.5846500000000001     -0.46986950637490155    
  0.5851000000000001     -0.469563394745526    
  0.5855500000000001     -0.4692570459377367    
  0.5860000000000001     -0.46895045998614343    
  0.58645     -0.4686436369253334    
  0.5869000000000001     -0.46833657679031726    
  0.58735     -0.4680292796159469    
  0.5878000000000001     -0.4677217454376357    
  0.58825     -0.4674139742907374    
  0.5887000000000001     -0.4671059662108693    
  0.5891500000000001     -0.46679772123386654    
  0.5896000000000001     -0.4664892393957346    
  0.5900500000000001     -0.4661805207326576    
  0.5905     -0.4658715652810266    
  0.5909500000000001     -0.4655623730774813    
  0.5914     -0.46525294415871377    
  0.5918500000000001     -0.4649432785616809    
  0.5923     -0.46463337632368323    
  0.5927500000000001     -0.4643232374819071    
  0.5932000000000001     -0.46401286207400805    
  0.5936500000000001     -0.46370225013776417    
  0.5941000000000001     -0.4633914017109959    
  0.5945500000000001     -0.4630803168319021    
  0.5950000000000001     -0.46276899553886003    
  0.59545     -0.4624574378704034    
  0.5959000000000001     -0.462145643865229    
  0.59635     -0.4618336135622124    
  0.5968000000000001     -0.46152134700056685    
  0.5972500000000001     -0.46120884421959385    
  0.5977000000000001     -0.46089610525884017    
  0.5981500000000001     -0.46058313015799873    
  0.5986     -0.46026991895695385    
  0.5990500000000001     -0.4599564716959202    
  0.5995     -0.45964278841520423    
  0.5999500000000001     -0.45932886915532595    
  0.6004     -0.45901471395698146    
  0.6008500000000001     -0.458700322861179    
  0.6013000000000001     -0.4583856959089904    
  0.6017500000000001     -0.45807083314180935    
  0.6022000000000001     -0.4577557346011156    
  0.6026500000000001     -0.45744040032877836    
  0.6031000000000001     -0.45712483036658286    
  0.60355     -0.4568090247567877    
  0.6040000000000001     -0.45649298354171985    
  0.60445     -0.4561767067640561    
  0.6049000000000001     -0.4558601944664367    
  0.60535     -0.45554344669193125    
  0.6058000000000001     -0.4552264634836823    
  0.6062500000000001     -0.4549092448851388    
  0.6067000000000001     -0.45459179093984614    
  0.6071500000000001     -0.4542741016917135    
  0.6076     -0.4539561771846683    
  0.6080500000000001     -0.453638017463017    
  0.6085     -0.4533196225711835    
  0.6089500000000001     -0.4530009925538033    
  0.6094     -0.4526821274558029    
  0.6098500000000001     -0.4523630273222002    
  0.6103000000000001     -0.45204369219834645    
  0.6107500000000001     -0.4517241221296805    
  0.6112000000000001     -0.45140431716201906    
  0.61165     -0.45108427734117545    
  0.6121000000000001     -0.4507640027133408    
  0.61255     -0.45044349332491146    
  0.6130000000000001     -0.45012274922246753    
  0.61345     -0.4498017704527304    
  0.6139000000000001     -0.4494805570627314    
  0.6143500000000001     -0.4491591090997646    
  0.6148000000000001     -0.4488374266111892    
  0.6152500000000001     -0.44851550964467923    
  0.6157000000000001     -0.4481933582481341    
  0.6161500000000001     -0.4478709724696105    
  0.6166     -0.44754835235747176    
  0.6170500000000001     -0.447225497960148    
  0.6175     -0.44690240932648195    
  0.6179500000000001     -0.44657908650543277    
  0.6184000000000001     -0.4462555295461919    
  0.6188500000000001     -0.4459317384980816    
  0.6193000000000001     -0.4456077134108508    
  0.61975     -0.445283454334287    
  0.6202000000000001     -0.44495896131853596    
  0.62065     -0.44463423441378336    
  0.6211000000000001     -0.4443092736706533    
  0.62155     -0.44398407913984483    
  0.6220000000000001     -0.4436586508723144    
  0.6224500000000001     -0.44333298891930406    
  0.6229000000000001     -0.44300709333222277    
  0.6233500000000001     -0.44268096416269553    
  0.6238000000000001     -0.44235460146263533    
  0.6242500000000001     -0.44202800528403835    
  0.6247     -0.4417011756793521    
  0.6251500000000001     -0.4413741127010847    
  0.6256     -0.4410468164019964    
  0.6260500000000001     -0.44071928683511413    
  0.6265000000000001     -0.4403915240536961    
  0.6269500000000001     -0.44006352811118193    
  0.6274000000000001     -0.43973529906130204    
  0.6278500000000001     -0.4394068369578903    
  0.6283000000000001     -0.4390781418552426    
  0.6287500000000001     -0.43874921380764575    
  0.6292000000000001     -0.43842005286976304    
  0.62965     -0.43809065909646044    
  0.6301000000000001     -0.43776103254277154    
  0.63055     -0.43743117326411124    
  0.6310000000000001     -0.4371010813159447    
  0.6314500000000001     -0.4367707567541581    
  0.6319000000000001     -0.4364401996346516    
  0.6323500000000001     -0.43610941001375997    
  0.6328     -0.43577838794796464    
  0.6332500000000001     -0.43544713349399244    
  0.6337     -0.43511564670878927    
  0.6341500000000001     -0.43478392764961543    
  0.6346     -0.43445197637390603    
  0.6350500000000001     -0.4341197929392552    
  0.6355000000000001     -0.43378737740363094    
  0.6359500000000001     -0.43345472982525046    
  0.6364000000000001     -0.4331218502623989    
  0.6368500000000001     -0.4327887387738136    
  0.6373000000000001     -0.4324553954183339    
  0.63775     -0.4321218202550295    
  0.6382000000000001     -0.43178801334331496    
  0.63865     -0.43145397474281266    
  0.6391000000000001     -0.4311197045133357    
  0.6395500000000001     -0.43078520271489906    
  0.6400000000000001     -0.4304504694079708    
  0.6404500000000001     -0.4301155046530644    
  0.6409     -0.42978030851094057    
  0.6413500000000001     -0.4294448810427304    
  0.6418     -0.42910922230970233    
  0.6422500000000001     -0.4287733323734768    
  0.6427     -0.4284372112957743    
  0.6431500000000001     -0.42810085913872037    
  0.6436000000000001     -0.42776427596450795    
  0.6440500000000001     -0.4274274618357576    
  0.6445000000000001     -0.42709041681524235    
  0.6449500000000001     -0.42675314096599193    
  0.6454000000000001     -0.42641563435134067    
  0.64585     -0.4260778970347167    
  0.6463000000000001     -0.42573992908004765    
  0.64675     -0.4254017305513048    
  0.6472000000000001     -0.4250633015127173    
  0.6476500000000001     -0.424724642028934    
  0.6481000000000001     -0.4243857521646919    
  0.6485500000000001     -0.4240466319850258    
  0.6490000000000001     -0.4237072815552857    
  0.6494500000000001     -0.4233677009410102    
  0.6499000000000001     -0.42302789020799386    
  0.6503500000000001     -0.4226878494222482    
  0.6508     -0.42234757865018935    
  0.6512500000000001     -0.42200707795834613    
  0.6517000000000001     -0.4216663474135208    
  0.6521500000000001     -0.4213253870828993    
  0.6526000000000001     -0.4209841970336829    
  0.6530500000000001     -0.4206427773335263    
  0.6535000000000001     -0.4203011280503609    
  0.65395     -0.41995924925221834    
  0.6544000000000001     -0.41961714100750164    
  0.65485     -0.41927480338487516    
  0.6553000000000001     -0.41893223645316663    
  0.65575     -0.4185894402816136    
  0.6562000000000001     -0.4182464149396078    
  0.6566500000000001     -0.41790316049678305    
  0.6571000000000001     -0.4175596770231223    
  0.6575500000000001     -0.41721596458883625    
  0.6580000000000001     -0.41687202326437056    
  0.6584500000000001     -0.4165278531204986    
  0.6589     -0.416183454228139    
  0.6593500000000001     -0.41583882665861643    
  0.6598     -0.41549397048346004    
  0.6602500000000001     -0.41514888577441966    
  0.6607000000000001     -0.4148035726035743    
  0.6611500000000001     -0.41445803104326867    
  0.6616000000000001     -0.41411226116601113    
  0.66205     -0.41376626304474023    
  0.6625000000000001     -0.4134200367525608    
  0.66295     -0.4130735823628964    
  0.6634000000000001     -0.4127268999493445    
  0.66385     -0.4123799895858759    
  0.6643000000000001     -0.4120328513467042    
  0.6647500000000001     -0.4116854853063098    
  0.6652000000000001     -0.4113378915394053    
  0.6656500000000001     -0.41099007012103694    
  0.6661000000000001     -0.4106420211265165    
  0.6665500000000001     -0.4102937446313025    
  0.667     -0.40994524071137217    
  0.6674500000000001     -0.40959650944269616    
  0.6679     -0.40924755090178894    
  0.6683500000000001     -0.4088983651652036    
  0.6688000000000001     -0.4085489523098981    
  0.6692500000000001     -0.4081993124131582    
  0.6697000000000001     -0.40784944555234565    
  0.6701500000000001     -0.4074993518052964    
  0.6706000000000001     -0.40714903125006563    
  0.6710500000000001     -0.406798483964927    
  0.6715000000000001     -0.406447710028487    
  0.67195     -0.4060967095196833    
  0.6724000000000001     -0.40574548251757153    
  0.6728500000000001     -0.4053940291016082    
  0.6733000000000001     -0.40504234935150313    
  0.6737500000000001     -0.4046904433472952    
  0.6742000000000001     -0.40433831116920926    
  0.6746500000000001     -0.4039859528979033    
  0.6751     -0.4036333686140887    
  0.6755500000000001     -0.40328055839890764    
  0.676     -0.40292752233382534    
  0.6764500000000001     -0.4025742605005158    
  0.6769000000000001     -0.40222077298091313    
  0.6773500000000001     -0.4018670598573647    
  0.6778000000000001     -0.4015131212123028    
  0.6782500000000001     -0.40115895712861643    
  0.6787000000000001     -0.40080456768943706    
  0.6791500000000001     -0.4004499529781042    
  0.6796000000000001     -0.4000951130783764    
  0.68005     -0.3997400480741588    
  0.6805000000000001     -0.39938475804982754    
  0.68095     -0.39902924308984783    
  0.6814000000000001     -0.39867350327911494    
  0.6818500000000001     -0.39831753870271414    
  0.6823000000000001     -0.39796134944612915    
  0.6827500000000001     -0.39760493559505006    
  0.6832     -0.3972482972354629    
  0.6836500000000001     -0.3968914344537666    
  0.6841     -0.39653434733638354    
  0.6845500000000001     -0.3961770359703514    
  0.685     -0.39581950044276754    
  0.6854500000000001     -0.395461740841172    
  0.6859000000000001     -0.39510375725328695    
  0.6863500000000001     -0.3947455497671913    
  0.6868000000000001     -0.394387118471265    
  0.6872500000000001     -0.3940284634541069    
  0.6877000000000001     -0.3936695848047396    
  0.68815     -0.3933104826123189    
  0.6886000000000001     -0.39295115696648936    
  0.68905     -0.3925916079570859    
  0.6895000000000001     -0.3922318356742194    
  0.6899500000000001     -0.3918718402083042    
  0.6904000000000001     -0.3915116216501613    
  0.6908500000000001     -0.3911511800907904    
  0.6913     -0.39079051562155576    
  0.6917500000000001     -0.3904296283341041    
  0.6922000000000001     -0.3900685183203877    
  0.6926500000000001     -0.3897071856725923    
  0.6931     -0.3893456304833523    
  0.6935500000000001     -0.388983852845526    
  0.6940000000000001     -0.3886218528522218    
  0.6944500000000001     -0.38825963059692686    
  0.6949000000000001     -0.3878971861734279    
  0.6953500000000001     -0.3875345196757689    
  0.6958000000000001     -0.387171631198398    
  0.69625     -0.386808520835919    
  0.6967000000000001     -0.3864451886834593    
  0.69715     -0.3860816348361312    
  0.6976000000000001     -0.38571785938973846    
  0.6980500000000001     -0.385353862440074    
  0.6985000000000001     -0.384989644083402    
  0.6989500000000001     -0.3846252044163256    
  0.6994     -0.3842605435355916    
  0.6998500000000001     -0.3838956615384108    
  0.7003000000000001     -0.3835305585223274    
  0.7007500000000001     -0.3831652345849622    
  0.7012     -0.3827996898245542    
  0.7016500000000001     -0.3824339243394764    
  0.7021000000000001     -0.38206793822842816    
  0.7025500000000001     -0.3817017315904409    
  0.7030000000000001     -0.38133530452489645    
  0.7034500000000001     -0.3809686571314449    
  0.7039000000000001     -0.38060178951005774    
  0.70435     -0.3802347017610506    
  0.7048000000000001     -0.37986739398504454    
  0.7052500000000002     -0.3794998662829858    
  0.7057000000000001     -0.37913211875602587    
  0.70615     -0.37876415150588855    
  0.7066000000000001     -0.3783959646342786    
  0.7070500000000001     -0.37802755824356704    
  0.7075000000000001     -0.3776589324362052    
  0.7079500000000001     -0.3772900873150497    
  0.7084000000000001     -0.37692102298317826    
  0.7088500000000001     -0.37655173954423077    
  0.7093     -0.37618223710190785    
  0.7097500000000001     -0.37581251576037733    
  0.7102     -0.37544257562410527    
  0.7106500000000001     -0.3750724167978756    
  0.7111000000000001     -0.3747020393866875    
  0.7115500000000001     -0.37433144349609726    
  0.7120000000000001     -0.3739606292318159    
  0.71245     -0.37358959669988484    
  0.7129000000000001     -0.3732183460067148    
  0.7133500000000002     -0.37284687725908267    
  0.7138000000000001     -0.37247519056398437    
  0.71425     -0.3721032860288288    
  0.7147000000000001     -0.37173116376131626    
  0.7151500000000001     -0.3713588238694762    
  0.7156000000000001     -0.37098626646175603    
  0.7160500000000001     -0.37061349164671586    
  0.7165000000000001     -0.3702404995334835    
  0.7169500000000001     -0.36986729023143494    
  0.7174     -0.3694938638501782    
  0.7178500000000001     -0.3691202204997813    
  0.7183     -0.3687463602905852    
  0.7187500000000001     -0.368372283333333    
  0.7192000000000001     -0.36799798973896514    
  0.7196500000000001     -0.36762347961884095    
  0.7201000000000001     -0.3672487530847252    
  0.72055     -0.36687381024860316    
  0.7210000000000001     -0.36649865122278996    
  0.7214500000000001     -0.3661232761200543    
  0.7219000000000001     -0.36574768505336946    
  0.72235     -0.3653718781360927    
  0.7228000000000001     -0.3649958554820017    
  0.7232500000000001     -0.3646196172051429    
  0.7237000000000001     -0.36424316341979807    
  0.7241500000000001     -0.36386649424077033    
  0.7246000000000001     -0.36348960978313044    
  0.7250500000000001     -0.36311251016218543    
  0.7255     -0.3627351954937981    
  0.7259500000000001     -0.362357665893979    
  0.7264000000000002     -0.36197992147921937    
  0.7268500000000001     -0.3616019623661659    
  0.7273000000000001     -0.3612237886720317    
  0.7277500000000001     -0.36084540051427344    
  0.7282000000000001     -0.3604667980106771    
  0.7286500000000001     -0.3600879812793239    
  0.7291000000000001     -0.359708950438758    
  0.7295500000000001     -0.3593297056078034    
  0.7300000000000001     -0.3589502469056573    
  0.73045     -0.35857057445181884    
  0.7309000000000001     -0.35819068836618556    
  0.7313500000000001     -0.35781058876895755    
  0.7318000000000001     -0.35743027578068925    
  0.7322500000000001     -0.3570497495223137    
  0.7327000000000001     -0.3566690101151239    
  0.7331500000000001     -0.3562880576806928    
  0.7336     -0.3559068923410116    
  0.7340500000000001     -0.35552551421839707    
  0.7345000000000002     -0.3551439234354948    
  0.7349500000000001     -0.3547621201153839    
  0.7354     -0.3543801043813895    
  0.7358500000000001     -0.353997876357182    
  0.7363000000000001     -0.3536154361669625    
  0.7367500000000001     -0.35323278393510055    
  0.7372000000000001     -0.3528499197863883    
  0.7376500000000001     -0.35246684384593974    
  0.7381000000000001     -0.35208355623925985    
  0.73855     -0.35170005709228985    
  0.7390000000000001     -0.35131634653113153    
  0.73945     -0.35093242468238595    
  0.7399000000000001     -0.3505482916729886    
  0.7403500000000001     -0.35016394763019537    
  0.7408000000000001     -0.34977939268172503    
  0.7412500000000001     -0.3493946269554832    
  0.7417     -0.3490096505798811    
  0.7421500000000001     -0.3486244636836388    
  0.7426000000000001     -0.34823906639582763    
  0.7430500000000001     -0.34785345884590296    
  0.7435     -0.3474676411636805    
  0.7439500000000001     -0.3470816134792293    
  0.7444000000000001     -0.34669537592319893    
  0.7448500000000001     -0.34630892862645174    
  0.7453000000000001     -0.34592227172022155    
  0.7457500000000001     -0.34553540533613586    
  0.7462000000000001     -0.3451483296062052    
  0.74665     -0.3447610446627462    
  0.7471000000000001     -0.34437355063849817    
  0.7475500000000002     -0.34398584766654167    
  0.7480000000000001     -0.3435979358803516    
  0.7484500000000001     -0.34320981541365464    
  0.7489000000000001     -0.3428214864008258    
  0.7493500000000001     -0.34243294897624166    
  0.7498000000000001     -0.3420442032749105    
  0.7502500000000001     -0.3416552494320937    
  0.7507000000000001     -0.34126608758348315    
  0.7511500000000001     -0.3408767178650732    
  0.7516     -0.34048714041331857    
  0.7520500000000001     -0.3400973553650192    
  0.7525000000000001     -0.3397073628572518    
  0.7529500000000001     -0.3393171630276242    
  0.7534000000000001     -0.33892675601391886    
  0.7538500000000001     -0.3385361419545315    
  0.7543000000000001     -0.3381453209880566    
  0.75475     -0.33775429325348344    
  0.7552000000000001     -0.33736305889026996    
  0.7556500000000002     -0.3369716180381233    
  0.7561000000000001     -0.3365799708372737    
  0.7565500000000001     -0.33618811742816107    
  0.7570000000000001     -0.335796057951757    
  0.7574500000000001     -0.33540379254926583    
  0.7579000000000001     -0.335011321362466    
  0.7583500000000001     -0.3346186445332809    
  0.7588000000000001     -0.33422576220424055    
  0.7592500000000001     -0.33383267451802484    
  0.7597     -0.3334393816178494    
  0.7601500000000001     -0.33304588364730225    
  0.7606     -0.33265218075039965    
  0.7610500000000001     -0.3322582730712984    
  0.7615000000000001     -0.3318641607548249    
  0.7619500000000001     -0.33146984394609225    
  0.7624000000000001     -0.3310753227904745    
  0.76285     -0.3306805974338756    
  0.7633000000000001     -0.3302856680225649    
  0.7637500000000002     -0.32989053470314605    
  0.7642000000000001     -0.32949519762264545    
  0.76465     -0.32909965692847387    
  0.7651000000000001     -0.3287039127683812    
  0.7655500000000001     -0.32830796529061496    
  0.7660000000000001     -0.32791181464366775    
  0.7664500000000001     -0.3275154609765457    
  0.7669000000000001     -0.32711890443845903    
  0.7673500000000001     -0.3267221451793587    
  0.7678     -0.32632518334919647    
  0.7682500000000001     -0.3259280190985622    
  0.7687000000000002     -0.3255306525783696    
  0.7691500000000001     -0.3251330839398267    
  0.7696000000000001     -0.324735313334674    
  0.7700500000000001     -0.32433734091499855    
  0.7705000000000001     -0.32393916683331225    
  0.7709500000000001     -0.32354079124234497    
  0.7714000000000001     -0.3231422142955185    
  0.7718500000000001     -0.3227434361464043    
  0.7723000000000001     -0.32234445694906566    
  0.77275     -0.3219452768579376    
  0.7732000000000001     -0.32154589602785616    
  0.7736500000000001     -0.3211463146141013    
  0.7741000000000001     -0.320746532772269    
  0.7745500000000001     -0.3203465506583978    
  0.7750000000000001     -0.31994636842892865    
  0.7754500000000001     -0.31954598624067565    
  0.7759     -0.3191454042509447    
  0.7763500000000001     -0.31874462261724196    
  0.7768000000000002     -0.3183436414976826    
  0.7772500000000001     -0.31794246105068963    
  0.7777000000000001     -0.31754108143510024    
  0.7781500000000001     -0.31713950281008035    
  0.7786000000000001     -0.3167377253353402    
  0.7790500000000001     -0.31633574917090274    
  0.7795000000000001     -0.3159335744772339    
  0.7799500000000001     -0.3155312014150951    
  0.7804000000000001     -0.3151286301458271    
  0.78085     -0.31472586083105225    
  0.7813000000000001     -0.31432289363283183    
  0.7817500000000001     -0.3139197287135931    
  0.7822000000000001     -0.31351636623629453    
  0.7826500000000001     -0.31311280636418476    
  0.7831000000000001     -0.3127090492608979    
  0.7835500000000001     -0.3123050950906111    
  0.784     -0.31190094401774326    
  0.7844500000000001     -0.31149659620730014    
  0.7849000000000002     -0.3110920518245478    
  0.7853500000000001     -0.31068731103522745    
  0.7858     -0.31028237400548314    
  0.7862500000000001     -0.3098772409018876    
  0.7867000000000001     -0.30947191189136974    
  0.7871500000000001     -0.30906638714133233    
  0.7876000000000001     -0.30866066681956933    
  0.7880500000000001     -0.3082547510942674    
  0.7885000000000001     -0.3078486401341038    
  0.78895     -0.30744233410797844    
  0.7894000000000001     -0.3070358331854549    
  0.7898500000000002     -0.3066291375363489    
  0.7903000000000001     -0.3062222473309879    
  0.7907500000000001     -0.30581516273997544    
  0.7912     -0.3054078839344045    
  0.79165     -0.30500041108596004    
  0.7921     -0.30459274436643996    
  0.79255     -0.3041848839482443    
  0.793     -0.30377683000417216    
  0.79345     -0.3033685827073776    
  0.7939     -0.3029601422315575    
  0.79435     -0.30255150875066916    
  0.7948000000000001     -0.3021426824392113    
  0.79525     -0.3017336634720275    
  0.7957     -0.30132445202446895    
  0.79615     -0.30091504827221344    
  0.7966     -0.30050545239140025    
  0.79705     -0.30009566455867337    
  0.7975     -0.29968568495092607    
  0.79795     -0.2992755137456425    
  0.7984     -0.2988651511206486    
  0.7988500000000001     -0.29845459725420037    
  0.7993     -0.29804385232494435    
  0.79975     -0.2976329165121045    
  0.8002     -0.2972217899951022    
  0.80065     -0.2968104729539609    
  0.8011     -0.2963989655691101    
  0.80155     -0.29598726802132896    
  0.802     -0.29557538049188    
  0.80245     -0.2951633031624173    
  0.8029000000000001     -0.2947510362151428    
  0.80335     -0.29433857983248046    
  0.8038000000000001     -0.29392593419747215    
  0.80425     -0.2935130994935135    
  0.8047     -0.29310007590441783    
  0.80515     -0.29268686361440627    
  0.8056     -0.29227346280827965    
  0.80605     -0.29185987367108496    
  0.8065     -0.29144609638846    
  0.8069500000000001     -0.29103213114632276    
  0.8074     -0.29061797813110607    
  0.8078500000000001     -0.29020363752971784    
  0.8083     -0.28978910952946174    
  0.80875     -0.2893743943180239    
  0.8092     -0.28895949208361116    
  0.80965     -0.28854440301485207    
  0.8101     -0.28812912730074697    
  0.81055     -0.28771366513078245    
  0.811     -0.2872980166949167    
  0.81145     -0.2868821821834571    
  0.8119000000000001     -0.28646616178725903    
  0.81235     -0.28604995569748765    
  0.8128     -0.2856335641058726    
  0.81325     -0.2852169872045058    
  0.8137     -0.28480022518599307    
  0.81415     -0.2843832782432863    
  0.8146     -0.2839661465698003    
  0.81505     -0.2835488303594615    
  0.8155     -0.28313132980663014    
  0.8159500000000001     -0.28271364510601077    
  0.8164     -0.28229577645283854    
  0.81685     -0.28187772404276346    
  0.8173     -0.28145948807189836    
  0.81775     -0.2810410687368022    
  0.8182     -0.2806224662343969    
  0.81865     -0.280203680762258    
  0.8191     -0.2797847125181011    
  0.81955     -0.2793655617003266    
  0.8200000000000001     -0.2789462285077805    
  0.82045     -0.2785267131395906    
  0.8209     -0.2781070157955021    
  0.82135     -0.2776871366755839    
  0.8218     -0.27726707598044487    
  0.82225     -0.27684683391106973    
  0.8227     -0.27642641066895945    
  0.82315     -0.2760058064560129    
  0.8236     -0.2755850214746428    
  0.8240500000000001     -0.2751640559276315    
  0.8245     -0.2747429100182876    
  0.8249500000000001     -0.2743215839503013    
  0.8254     -0.27390007792790094    
  0.82585     -0.2734783921556924    
  0.8263     -0.2730565268387288    
  0.82675     -0.27263448218263286    
  0.8272     -0.2722122583933735    
  0.82765     -0.27178985567733477    
  0.8281000000000001     -0.27136727424148827    
  0.82855     -0.2709445142932296    
  0.829     -0.2705215760402961    
  0.82945     -0.27009845969104923    
  0.8299     -0.2696751654541229    
  0.83035     -0.2692516935387817    
  0.8308     -0.2688280441546706    
  0.83125     -0.2684042175118551    
  0.8317     -0.26798021382099985    
  0.8321500000000001     -0.2675560332929809    
  0.8326     -0.26713167613946426    
  0.8330500000000001     -0.2667071425721956    
  0.8335     -0.2662824328037889    
  0.83395     -0.2658575470469886    
  0.8344     -0.2654324855150776    
  0.83485     -0.2650072484220008    
  0.8353     -0.26458183598192336    
  0.83575     -0.2641562484095758    
  0.8362     -0.26373048592014137    
  0.83665     -0.26330454872923387    
  0.8371000000000001     -0.2628784370530383    
  0.83755     -0.26245215110807035    
  0.838     -0.2620256911113662    
  0.83845     -0.2615990572804457    
  0.8389     -0.2611722498333425    
  0.83935     -0.26074526898841366    
  0.8398     -0.26031811496458035    
  0.84025     -0.25989078798121557    
  0.8407     -0.2594632882582307    
  0.8411500000000001     -0.25903561601581315    
  0.8416     -0.25860777147479735    
  0.84205     -0.258179754856458    
  0.8425     -0.2577515663824443    
  0.84295     -0.25732320627498895    
  0.8434     -0.2568946747567422    
  0.84385     -0.2564659720508419    
  0.8443     -0.25603709838085975    
  0.84475     -0.25560805397086617    
  0.8452000000000001     -0.2551788390454065    
  0.84565     -0.2547494538294763    
  0.8461000000000001     -0.25431989854858783    
  0.84655     -0.2538901734286891    
  0.847     -0.2534602786962502    
  0.84745     -0.2530302145781082    
  0.8479     -0.25259998130165057    
  0.84835     -0.2521695790947892    
  0.8488     -0.25173900818585365    
  0.8492500000000001     -0.2513082688035386    
  0.8497     -0.2508773611772482    
  0.85015     -0.2504462855367009    
  0.8506     -0.2500150421121215    
  0.85105     -0.24958363113421717    
  0.8515     -0.2491520528341889    
  0.85195     -0.2487203074437486    
  0.8524     -0.24828839519496795    
  0.85285     -0.24785631632050278    
  0.8533000000000001     -0.2474240710534475    
  0.85375     -0.2469916596273976    
  0.8542000000000001     -0.2465590822764352    
  0.85465     -0.24612633923504765    
  0.8551     -0.24569343073832706    
  0.85555     -0.24526035702173712    
  0.856     -0.24482711832123943    
  0.85645     -0.24439371487342004    
  0.8569     -0.24396014691508494    
  0.8573500000000001     -0.2435264146837317    
  0.8578     -0.24309251841732246    
  0.8582500000000001     -0.2426584583541934    
  0.8587     -0.24222423473328292    
  0.8591500000000001     -0.24178984779388815    
  0.8596     -0.24135529777587172    
  0.86005     -0.24092058491968965    
  0.8605     -0.24048570946603065    
  0.86095     -0.2400506716562401    
  0.8614     -0.23961547173214126    
  0.86185     -0.23918010993601402    
  0.8623000000000001     -0.23874458651059197    
  0.86275     -0.23830890169917177    
  0.8632     -0.23787305574553944    
  0.86365     -0.23743704889381892    
  0.8641     -0.2370008813887431    
  0.86455     -0.23656455347563118    
  0.865     -0.23612806540005474    
  0.86545     -0.23569141740829413    
  0.8659     -0.23525460974695178    
  0.8663500000000001     -0.2348176426632689    
  0.8668     -0.234380516404872    
  0.8672500000000001     -0.23394323121986477    
  0.8677     -0.23350578735698643    
  0.86815     -0.2330681850652509    
  0.8686     -0.23263042459437644    
  0.86905     -0.23219250619443907    
  0.8695     -0.2317544301160829    
  0.86995     -0.23131619661033054    
  0.8704000000000001     -0.2308778059288882    
  0.87085     -0.23043925832374224    
  0.8713     -0.23000055404754424    
  0.87175     -0.22956169335334103    
  0.8722     -0.22912267649471427    
  0.87265     -0.228683503725721    
  0.8731     -0.22824417530096242    
  0.87355     -0.22780469147542015    
  0.874     -0.22736505250474048    
  0.8744500000000001     -0.22692525864489105    
  0.8749     -0.22648531015249201    
  0.8753500000000001     -0.22604520728454464    
  0.8758     -0.22560495029861452    
  0.87625     -0.2251645394527327    
  0.8767     -0.22472397500546365    
  0.87715     -0.22428325721576703    
  0.8776     -0.22384238634325918    
  0.87805     -0.22340136264797597    
  0.8785000000000001     -0.2229601863903966    
  0.87895     -0.22251885783159475    
  0.8794000000000001     -0.22207737723311022    
  0.87985     -0.22163574485696236    
  0.8803000000000001     -0.22119396096564464    
  0.88075     -0.22075202582226944    
  0.8812     -0.2203099396903809    
  0.88165     -0.21986770283394141    
  0.8821     -0.2194253155175431    
  0.8825500000000001     -0.21898277800626229    
  0.883     -0.21854009056558618    
  0.8834500000000001     -0.21809725346158265    
  0.8839     -0.21765426696085147    
  0.88435     -0.21721113133036973    
  0.8848     -0.2167678468377624    
  0.88525     -0.21632441375109962    
  0.8857     -0.21588083233890562    
  0.88615     -0.21543710287022383    
  0.8866     -0.21499322561477122    
  0.88705     -0.2145492008425282    
  0.8875000000000001     -0.21410502882409285    
  0.88795     -0.21366070983059585    
  0.8884000000000001     -0.213216244133589    
  0.88885     -0.21277163200526553    
  0.8893     -0.21232687371821218    
  0.88975     -0.21188196954554225    
  0.8902     -0.21143691976082343    
  0.89065     -0.21099172463829988    
  0.8911     -0.21054638445258123    
  0.8915500000000001     -0.21010089947882787    
  0.892     -0.20965526999266118    
  0.89245     -0.2092094962703466    
  0.8929     -0.2087635785884751    
  0.89335     -0.2083175172242774    
  0.8938     -0.20787131245551177    
  0.89425     -0.20742496456028123    
  0.8947     -0.20697847381739484    
  0.89515     -0.20653184050605292    
  0.8956000000000001     -0.20608506490598744    
  0.89605     -0.20563814729751714    
  0.8965000000000001     -0.205191087961343    
  0.89695     -0.20474388717871672    
  0.8974     -0.2042965452315393    
  0.89785     -0.20384906240204112    
  0.8983     -0.2034014389730535    
  0.89875     -0.2029536752278717    
  0.8992     -0.20250577145041834    
  0.8996500000000001     -0.20205772792495952    
  0.9001     -0.2016095449364337    
  0.9005500000000001     -0.20116122277019302    
  0.901     -0.2007127617120986    
  0.9014500000000001     -0.20026416204860412    
  0.9019     -0.1998154240666399    
  0.90235     -0.19936654805359788    
  0.9028     -0.19891753429747894    
  0.90325     -0.19846838308671172    
  0.9037000000000001     -0.19801909471034945    
  0.90415     -0.19756966945783938    
  0.9046000000000001     -0.197120107619225    
  0.90505     -0.19667040948499168    
  0.9055     -0.1962205753462338    
  0.90595     -0.19577060549452557    
  0.9064     -0.19532050022194897    
  0.90685     -0.19487025982104889    
  0.9073     -0.1944198845849961    
  0.9077500000000001     -0.19396937480742277    
  0.9082     -0.1935187307824523    
  0.9086500000000001     -0.1930679528047888    
  0.9091     -0.1926170411696302    
  0.9095500000000001     -0.19216599617261756    
  0.91     -0.1917148181100492    
  0.91045     -0.19126350727864067    
  0.9109     -0.190812063975647    
  0.91135     -0.19036048849887116    
  0.9118     -0.1899087811466413    
  0.91225     -0.18945694221772857    
  0.9127000000000001     -0.18900497201150065    
  0.91315     -0.1885528708277697    
  0.9136     -0.188100638967044    
  0.91405     -0.1876482767301038    
  0.9145     -0.18719578441844642    
  0.91495     -0.18674316233402793    
  0.9154     -0.18629041077923075    
  0.91585     -0.18583753005713485    
  0.9163     -0.18538452047116372    
  0.9167500000000001     -0.18493138232545486    
  0.9172     -0.18447811592446595    
  0.9176500000000001     -0.18402472157335745    
  0.9181     -0.18357119957763204    
  0.91855     -0.18311755024351933    
  0.919     -0.1826637738775488    
  0.91945     -0.18220987078699977    
  0.9199     -0.18175584127951    
  0.92035     -0.18130168566323962    
  0.9208000000000001     -0.1808474042469913    
  0.92125     -0.18039299734003458    
  0.9217     -0.1799384652521137    
  0.92215     -0.17948380829351956    
  0.9226000000000001     -0.1790290267751538    
  0.92305     -0.1785741210083317    
  0.9235     -0.17811909130494374    
  0.92395     -0.1776639379773463    
  0.9244     -0.17720866133855667    
  0.9248500000000001     -0.17675326170196784    
  0.9253     -0.17629773938150475    
  0.9257500000000001     -0.17584209469183873    
  0.9262     -0.17538632794781356    
  0.92665     -0.1749304394651235    
  0.9271     -0.17447442955979225    
  0.92755     -0.17401829854842005    
  0.928     -0.1735620467481506    
  0.92845     -0.17310567447666428    
  0.9289000000000001     -0.17264918205210938    
  0.92935     -0.17219256979318917    
  0.9298     -0.17173583801919926    
  0.93025     -0.17127898704982672    
  0.9307000000000001     -0.17082201720546156    
  0.93115     -0.1703649288068331    
  0.9316     -0.16990772217530503    
  0.93205     -0.16945039763276704    
  0.9325     -0.16899295550165477    
  0.9329500000000001     -0.16853539610479784    
  0.9334     -0.16807771976574307    
  0.9338500000000001     -0.16761992680837937    
  0.9343     -0.16716201755732682    
  0.93475     -0.16670399233754793    
  0.9352     -0.16624585147458965    
  0.9356500000000001     -0.16578759529460735    
  0.9361     -0.1653292241242228    
  0.93655     -0.16487073829052978    
  0.937     -0.16441213812119396    
  0.93745     -0.1639534239445031    
  0.9379000000000001     -0.16349459608914574    
  0.93835     -0.163035654884386    
  0.9388000000000001     -0.16257660066000543    
  0.93925     -0.16211743374630913    
  0.9397     -0.16165815447421822    
  0.94015     -0.16119876317508405    
  0.9406     -0.16073926018073548    
  0.94105     -0.16027964582368162    
  0.9415     -0.15981992043686238    
  0.9419500000000001     -0.15936008435386176    
  0.9424     -0.15890013790854265    
  0.94285     -0.1584400814355988    
  0.9433     -0.15797991526998764    
  0.9437500000000001     -0.15751963974748032    
  0.9442     -0.15705925520407388    
  0.94465     -0.15659876197651196    
  0.9451     -0.15613816040197415    
  0.94555     -0.15567745081822826    
  0.9460000000000001     -0.15521663356345863    
  0.94645     -0.154755708976547    
  0.9469000000000001     -0.15429467739675104    
  0.94735     -0.15383353916397802    
  0.9478     -0.15337229461855048    
  0.94825     -0.15291094410144637    
  0.9487     -0.1524494879539968    
  0.94915     -0.151987926518291    
  0.9496     -0.15152626013678822    
  0.9500500000000001     -0.15106448915248522    
  0.9505     -0.15060261390899884    
  0.95095     -0.1501406347503868    
  0.9514     -0.14967855202132627    
  0.9518500000000001     -0.14921636606690053    
  0.9523     -0.14875407723284492    
  0.95275     -0.1482916858653383    
  0.9532     -0.14782919231115843    
  0.95365     -0.14736659691755635    
  0.9541000000000001     -0.1469039000323548    
  0.95455     -0.14644110200388374    
  0.9550000000000001     -0.1459782031810226    
  0.95545     -0.1455152039131126    
  0.9559     -0.14505210455019094    
  0.95635     -0.1445889054426609    
  0.9568000000000001     -0.14412560694146587    
  0.95725     -0.14366220939818636    
  0.9577     -0.1431987131648279    
  0.9581500000000001     -0.14273511859404558    
  0.9586     -0.14227142603888612    
  0.9590500000000001     -0.14180763585299933    
  0.9595     -0.14134374839057662    
  0.9599500000000001     -0.14087976400633992    
  0.9604     -0.14041568305544155    
  0.96085     -0.13995150589373295    
  0.9613     -0.13948723287747217    
  0.96175     -0.13902286436352057    
  0.9622     -0.13855840070918146    
  0.96265     -0.13809384227242338    
  0.9631000000000001     -0.13762918941151325    
  0.96355     -0.13716444248552395    
  0.964     -0.13669960185389693    
  0.96445     -0.13623466787668825    
  0.9649000000000001     -0.13576964091432997    
  0.96535     -0.13530452132793722    
  0.9658     -0.13483930947918274    
  0.96625     -0.13437400573007396    
  0.9667     -0.13390861044336358    
  0.9671500000000001     -0.1334431239821663    
  0.9676     -0.1329775467102448    
  0.9680500000000001     -0.13251187899187286    
  0.9685     -0.1320461211917235    
  0.96895     -0.1315802736752126    
  0.9694     -0.1311143368081528    
  0.96985     -0.1306483109568559    
  0.9703     -0.1301821964882796    
  0.97075     -0.12971599376977413    
  0.9712000000000001     -0.12924970316937454    
  0.97165     -0.12878332505552267    
  0.9721     -0.1283168597972792    
  0.97255     -0.12785030776407924    
  0.9730000000000001     -0.12738366932612816    
  0.97345     -0.12691694485390087    
  0.9739     -0.126450134718596    
  0.97435     -0.12598323929186556    
  0.9748     -0.12551625894589616    
  0.9752500000000001     -0.12504919405335238    
  0.9757     -0.12458204498756163    
  0.9761500000000001     -0.12411481212223383    
  0.9766     -0.12364749583168536    
  0.97705     -0.12318009649071904    
  0.9775     -0.12271261447474563    
  0.9779500000000001     -0.12224505015960492    
  0.9784     -0.12177740392168548    
  0.97885     -0.12130967613800683    
  0.9793000000000001     -0.1208418671859285    
  0.97975     -0.12037397744352804    
  0.9802000000000001     -0.11990600728929146    
  0.98065     -0.11943795710225577    
  0.9811000000000001     -0.11896982726204774    
  0.98155     -0.11850161814869513    
  0.982     -0.11803333014285407    
  0.98245     -0.11756496362572275    
  0.9829     -0.11709651897893222    
  0.9833500000000001     -0.11662799658464292    
  0.9838     -0.11615939682569154    
  0.9842500000000001     -0.11569072008527646    
  0.9847     -0.11522196674718391    
  0.98515     -0.11475313719574909    
  0.9856     -0.11428423181581457    
  0.9860500000000001     -0.11381525099269187    
  0.9865     -0.11334619511229835    
  0.98695     -0.11287706456102023    
  0.9874     -0.11240785972581437    
  0.98785     -0.1119385809941627    
  0.9883000000000001     -0.11146922875400703    
  0.98875     -0.11099980339387172    
  0.9892000000000001     -0.11053030530282512    
  0.98965     -0.1100607348703314    
  0.9901     -0.1095910924865816    
  0.99055     -0.10912137854208209    
  0.991     -0.1086515934280143    
  0.99145     -0.10818173753604221    
  0.9919     -0.10771181125828441    
  0.9923500000000001     -0.10724181498748098    
  0.9928     -0.10677174911677718    
  0.99325     -0.10630161404003276    
  0.9937     -0.10583141015143295    
  0.9941500000000001     -0.10536113784574615    
  0.9946     -0.10489079751831368    
  0.99505     -0.10442038956496054    
  0.9955     -0.10394991438200278    
  0.99595     -0.10347937236636709    
  0.9964000000000001     -0.10300876391536266    
  0.99685     -0.10253808942695694    
  0.9973000000000001     -0.10206734929956202    
  0.99775     -0.10159654393213856    
  0.9982     -0.10112567372415368    
  0.99865     -0.10065473907555425    
  0.9991000000000001     -0.10018374038691577    
  0.99955     -0.0997126780592245    
  1.     -0.09924155249401152   
