  0.10000500000000001     -0.00042204218150976996    
  0.10001     -0.00042206309259652623    
  0.100015     -0.00042208400365465783    
  0.10002000000000001     -0.00042210491468414046    
  0.100025     -0.0004221258256849429    
  0.10003000000000001     -0.00042214673665707733    
  0.100035     -0.0004221676476006322    
  0.10004     -0.0004221885585154548    
  0.10004500000000001     -0.00042220946940163886    
  0.10005     -0.00042223038025916704    
  0.100055     -0.0004222512910881347    
  0.10006000000000001     -0.000422272201888306    
  0.100065     -0.00042229311265977974    
  0.10007     -0.0004223140234027676    
  0.10007500000000001     -0.0004223349341169781    
  0.10008     -0.0004223558448025293    
  0.10008500000000001     -0.0004223767554594575    
  0.10009000000000001     -0.00042239766608767604    
  0.100095     -0.0004224185766872387    
  0.10010000000000001     -0.00042243948725806564    
  0.100105     -0.0004224603978002558    
  0.10011     -0.0004224813083138091    
  0.10011500000000001     -0.00042250221879865796    
  0.10012     -0.00042252312925482836    
  0.100125     -0.0004225440396823342    
  0.10013000000000001     -0.00042256495008110954    
  0.100135     -0.00042258586045123593    
  0.10014     -0.0004226067707926752    
  0.10014500000000001     -0.00042262768110546724    
  0.10015     -0.0004226485913895843    
  0.10015500000000001     -0.0004226695016449136    
  0.10016     -0.00042269041187161654    
  0.100165     -0.0004227113220695716    
  0.10017000000000001     -0.00042273223223886214    
  0.100175     -0.00042275314237945685    
  0.10018     -0.00042277405249140955    
  0.10018500000000001     -0.000422794962574578    
  0.10019     -0.0004228158726290558    
  0.100195     -0.0004228367826548812    
  0.10020000000000001     -0.0004228576926519935    
  0.100205     -0.00042287860262041517    
  0.10021000000000001     -0.00042289951256004564    
  0.100215     -0.00042292042247109654    
  0.10022     -0.0004229413323533701    
  0.10022500000000001     -0.00042296224220695483    
  0.10023     -0.00042298315203180385    
  0.100235     -0.00042300406182790157    
  0.10024000000000001     -0.0004230249715954128    
  0.100245     -0.0004230458813341085    
  0.10025     -0.0004230667910440685    
  0.10025500000000001     -0.00042308770072541253    
  0.10026     -0.00042310861037798964    
  0.100265     -0.0004231295200017495    
  0.10027000000000001     -0.00042315042959688645    
  0.100275     -0.0004231713391632686    
  0.10028000000000001     -0.000423192248700955    
  0.100285     -0.0004232131582098519    
  0.10029     -0.0004232340676900946    
  0.10029500000000001     -0.0004232549771415843    
  0.1003     -0.00042327588656430014    
  0.100305     -0.0004232967959583566    
  0.10031000000000001     -0.00042331770532361146    
  0.100315     -0.0004233386146601393    
  0.10032     -0.0004233595239679349    
  0.10032500000000001     -0.00042338043324702083    
  0.10033     -0.00042340134249731903    
  0.10033500000000001     -0.00042342225171892664    
  0.10034     -0.00042344316091171876    
  0.100345     -0.0004234640700758359    
  0.10035000000000001     -0.0004234849792111514    
  0.100355     -0.00042350588831776767    
  0.10036     -0.0004235267973955962    
  0.10036500000000001     -0.00042354770644474626    
  0.10037     -0.00042356861546503227    
  0.100375     -0.0004235895244566485    
  0.10038000000000001     -0.000423610433419477    
  0.100385     -0.0004236313423535733    
  0.10039000000000001     -0.0004236522512588974    
  0.10039500000000001     -0.0004236731601354373    
  0.1004     -0.000423694068983271    
  0.10040500000000001     -0.0004237149778023048    
  0.10041     -0.0004237358865925647    
  0.100415     -0.0004237567953540595    
  0.10042000000000001     -0.00042377770408680293    
  0.100425     -0.00042379861279074477    
  0.10043     -0.0004238195214659405    
  0.10043500000000001     -0.0004238404301124144    
  0.10044     -0.00042386133873001906    
  0.100445     -0.00042388224731890536    
  0.10045000000000001     -0.00042390315587904903    
  0.100455     -0.000423924064410313    
  0.10046000000000001     -0.0004239449729129298    
  0.100465     -0.0004239658813866287    
  0.10047     -0.00042398678983161624    
  0.10047500000000001     -0.00042400769824783163    
  0.10048     -0.00042402860663524715    
  0.100485     -0.00042404951499388187    
  0.10049000000000001     -0.0004240704233236959    
  0.100495     -0.00042409133162476034    
  0.1005     -0.00042411223989700583    
  0.10050500000000001     -0.0004241331481404549    
  0.10051     -0.0004241540563551891    
  0.10051500000000001     -0.0004241749645410627    
  0.10052000000000001     -0.0004241958726980948    
  0.100525     -0.00042421678082641204    
  0.10053000000000001     -0.00042423768892591376    
  0.100535     -0.00042425859699657224    
  0.10054     -0.00042427950503844646    
  0.10054500000000001     -0.0004243004130515503    
  0.10055     -0.000424321321035823    
  0.100555     -0.00042434222899128543    
  0.10056000000000001     -0.00042436313691798094    
  0.100565     -0.0004243840448157482    
  0.10057     -0.0004244049526848509    
  0.10057500000000001     -0.0004244258605250392    
  0.10058     -0.0004244467683364051    
  0.10058500000000001     -0.0004244676761190405    
  0.10059     -0.0004244885838728153    
  0.100595     -0.00042450949159777117    
  0.10060000000000001     -0.0004245303992938647    
  0.100605     -0.00042455130696117914    
  0.10061     -0.0004245722145996885    
  0.10061500000000001     -0.0004245931222094084    
  0.10062     -0.00042461402979018445    
  0.100625     -0.0004246349373422005    
  0.10063000000000001     -0.0004246558448654028    
  0.100635     -0.00042467675235978095    
  0.10064000000000001     -0.0004246976598252586    
  0.10064500000000001     -0.0004247185672619537    
  0.10065     -0.0004247394746698212    
  0.10065500000000001     -0.00042476038204883847    
  0.10066     -0.0004247812893989969    
  0.100665     -0.0004248021967203676    
  0.10067000000000001     -0.00042482310401284647    
  0.100675     -0.00042484401127649424    
  0.10068     -0.00042486491851129356    
  0.10068500000000001     -0.0004248858257172323    
  0.10069     -0.00042490673289433296    
  0.100695     -0.0004249276400426216    
  0.10070000000000001     -0.0004249485471620896    
  0.100705     -0.000424969454252638    
  0.10071000000000001     -0.000424990361314383    
  0.100715     -0.00042501126834719634    
  0.10072     -0.0004250321753512549    
  0.10072500000000001     -0.00042505308232635396    
  0.10073     -0.00042507398927263233    
  0.100735     -0.0004250948961901143    
  0.10074000000000001     -0.0004251158030786663    
  0.100745     -0.00042513670993836634    
  0.10075     -0.00042515761676918326    
  0.10075500000000001     -0.00042517852357120724    
  0.10076     -0.00042519943034431337    
  0.10076500000000001     -0.00042522033708855024    
  0.10077     -0.0004252412438039057    
  0.100775     -0.00042526215049037974    
  0.10078000000000001     -0.00042528305714804003    
  0.100785     -0.00042530396377679636    
  0.10079     -0.00042532487037667994    
  0.10079500000000001     -0.0004253457769476266    
  0.1008     -0.0004253666834897595    
  0.100805     -0.0004253875900030041    
  0.10081000000000001     -0.0004254084964873221    
  0.100815     -0.0004254294029428247    
  0.10082     -0.00042545030936943715    
  0.10082500000000001     -0.00042547121576707453    
  0.10083     -0.0004254921221359641    
  0.10083500000000001     -0.00042551302847583516    
  0.10084     -0.0004255339347868682    
  0.100845     -0.0004255548410690025    
  0.10085000000000001     -0.0004255757473222467    
  0.100855     -0.00042559665354660603    
  0.10086     -0.00042561755974205445    
  0.10086500000000001     -0.00042563846590862667    
  0.10087     -0.0004256593720462585    
  0.100875     -0.0004256802781550124    
  0.10088000000000001     -0.0004257011842348935    
  0.100885     -0.00042572209028582386    
  0.10089000000000001     -0.00042574299630782943    
  0.100895     -0.00042576390230099695    
  0.1009     -0.0004257848082652154    
  0.10090500000000001     -0.0004258057142005559    
  0.10091     -0.0004258266201069595    
  0.100915     -0.0004258475259844331    
  0.10092000000000001     -0.00042586843183304093    
  0.100925     -0.00042588933765267886    
  0.10093     -0.0004259102434434076    
  0.10093500000000001     -0.00042593114920521334    
  0.10094     -0.00042595205493815326    
  0.10094500000000001     -0.00042597296064214064    
  0.10095000000000001     -0.0004259938663171859    
  0.100955     -0.00042601477196332893    
  0.10096000000000001     -0.00042603567758055585    
  0.100965     -0.00042605658316879035    
  0.10097     -0.0004260774887281677    
  0.10097500000000001     -0.0004260983942585301    
  0.10098     -0.000426119299760044    
  0.100985     -0.0004261402052326193    
  0.10099000000000001     -0.00042616111067624377    
  0.100995     -0.00042618201609092785    
  0.101     -0.00042620292147669755    
  0.10100500000000001     -0.00042622382683346616    
  0.10101     -0.00042624473216133427    
  0.10101500000000001     -0.0004262656374602429    
  0.10102     -0.00042628654273024064    
  0.101025     -0.0004263074479712893    
  0.10103000000000001     -0.00042632835318337156    
  0.101035     -0.00042634925836650475    
  0.10104     -0.0004263701635206941    
  0.10104500000000001     -0.000426391068645917    
  0.10105     -0.00042641197374221514    
  0.101055     -0.0004264328788095243    
  0.10106000000000001     -0.00042645378384790524    
  0.101065     -0.0004264746888573111    
  0.10107000000000001     -0.00042649559383779387    
  0.101075     -0.0004265164987892582    
  0.10108     -0.00042653740371178216    
  0.10108500000000001     -0.0004265583086054507    
  0.10109     -0.00042657921346996204    
  0.101095     -0.00042660011830564747    
  0.10110000000000001     -0.0004266210231123127    
  0.101105     -0.00042664192789001673    
  0.10111     -0.00042666283263873526    
  0.10111500000000001     -0.000426683737358503    
  0.10112     -0.00042670464204935636    
  0.101125     -0.00042672554671112015    
  0.10113000000000001     -0.0004267464513439574    
  0.101135     -0.00042676735594780225    
  0.10114000000000001     -0.0004267882605227119    
  0.101145     -0.00042680916506856147    
  0.10115     -0.000426830069585514    
  0.10115500000000001     -0.00042685097407349146    
  0.10116     -0.0004268718785324314    
  0.101165     -0.0004268927829623771    
  0.10117000000000001     -0.00042691368736337033    
  0.101175     -0.0004269345917353295    
  0.10118     -0.0004269554960783517    
  0.10118500000000001     -0.00042697640039232945    
  0.10119     -0.00042699730467736334    
  0.10119500000000001     -0.0004270182089334412    
  0.1012     -0.0004270391131603879    
  0.101205     -0.0004270600173584046    
  0.10121000000000001     -0.00042708092152739414    
  0.101215     -0.00042710182566741556    
  0.10122     -0.00042712272977847056    
  0.10122500000000001     -0.00042714363386044465    
  0.10123     -0.00042716453791348356    
  0.101235     -0.0004271854419375387    
  0.10124000000000001     -0.00042720634593245745    
  0.101245     -0.00042722724989843405    
  0.10125     -0.00042724815383542343    
  0.10125500000000001     -0.00042726905774336486    
  0.10126     -0.00042728996162232774    
  0.10126500000000001     -0.0004273108654722444    
  0.10127     -0.0004273317692931253    
  0.101275     -0.0004273526730849929    
  0.10128000000000001     -0.0004273735768478733    
  0.101285     -0.0004273944805817543    
  0.10129     -0.0004274153842865856    
  0.10129500000000001     -0.00042743628796231177    
  0.1013     -0.00042745719160913916    
  0.101305     -0.00042747809522684574    
  0.10131000000000001     -0.00042749899881556683    
  0.101315     -0.00042751990237531283    
  0.10132000000000001     -0.000427540805905886    
  0.101325     -0.0004275617094075309    
  0.10133     -0.00042758261288006194    
  0.10133500000000001     -0.0004276035163236526    
  0.10134     -0.00042762441973813806    
  0.101345     -0.00042764532312358945    
  0.10135000000000001     -0.00042766622648003627    
  0.101355     -0.00042768712980737443    
  0.10136     -0.00042770803310573924    
  0.10136500000000001     -0.0004277289363750249    
  0.10137     -0.00042774983961526604    
  0.101375     -0.0004277707428264853    
  0.10138000000000001     -0.00042779164600863055    
  0.101385     -0.00042781254916175217    
  0.10139000000000001     -0.0004278334522858102    
  0.101395     -0.00042785435538081687    
  0.1014     -0.00042787525844673914    
  0.10140500000000001     -0.00042789616148357877    
  0.10141     -0.00042791706449138087    
  0.101415     -0.00042793796747012114    
  0.10142000000000001     -0.0004279588704198256    
  0.101425     -0.0004279797733404249    
  0.10143     -0.0004280006762320352    
  0.10143500000000001     -0.000428021579094523    
  0.10144     -0.000428042481927968    
  0.10144500000000001     -0.0004280633847322992    
  0.10145     -0.0004280842875076119    
  0.101455     -0.00042810519025383506    
  0.10146000000000001     -0.0004281260929709617    
  0.101465     -0.0004281469956590629    
  0.10147     -0.0004281678983180711    
  0.10147500000000001     -0.0004281888009479897    
  0.10148     -0.00042820970354883955    
  0.101485     -0.00042823060612065186    
  0.10149000000000001     -0.00042825150866322714    
  0.101495     -0.0004282724111768603    
  0.1015     -0.0004282933136613102    
  0.10150500000000001     -0.0004283142161167555    
  0.10151     -0.0004283351185430731    
  0.10151500000000001     -0.0004283560209403913    
  0.10152     -0.00042837692330853147    
  0.101525     -0.00042839782564756297    
  0.10153000000000001     -0.00042841872795755    
  0.101535     -0.00042843963023843357    
  0.10154     -0.00042846053249012    
  0.10154500000000001     -0.0004284814347128539    
  0.10155     -0.00042850233690639415    
  0.101555     -0.0004285232390709437    
  0.10156000000000001     -0.0004285441412062961    
  0.101565     -0.00042856504331254333    
  0.10157000000000001     -0.0004285859453896628    
  0.101575     -0.00042860684743773435    
  0.10158     -0.0004286277494566972    
  0.10158500000000001     -0.000428648651446515    
  0.10159     -0.00042866955340722587    
  0.101595     -0.00042869045533886103    
  0.10160000000000001     -0.0004287113572413407    
  0.101605     -0.00042873225911469956    
  0.10161     -0.0004287531609589619    
  0.10161500000000001     -0.00042877406277410865    
  0.10162     -0.000428794964560145    
  0.10162500000000001     -0.00042881586631698596    
  0.10163     -0.00042883676804477897    
  0.101635     -0.0004288576697434876    
  0.10164000000000001     -0.00042887857141302513    
  0.101645     -0.0004288994730533499    
  0.10165     -0.00042892037466461634    
  0.10165500000000001     -0.00042894127624672554    
  0.10166     -0.0004289621777997573    
  0.101665     -0.0004289830793236162    
  0.10167000000000001     -0.0004290039808183127    
  0.101675     -0.000429024882283878    
  0.10168     -0.00042904578372047683    
  0.10168500000000001     -0.00042906668512769294    
  0.10169     -0.0004290875865058906    
  0.10169500000000001     -0.0004291084878549085    
  0.1017     -0.0004291293891748073    
  0.101705     -0.00042915029046556794    
  0.10171000000000001     -0.0004291711917271991    
  0.101715     -0.00042919209295959153    
  0.10172     -0.00042921299416289957    
  0.10172500000000001     -0.0004292338953370278    
  0.10173     -0.0004292547964820474    
  0.101735     -0.00042927569759787336    
  0.10174000000000001     -0.00042929659868456635    
  0.101745     -0.000429317499742116    
  0.10175000000000001     -0.0004293384007704477    
  0.101755     -0.0004293593017697054    
  0.10176     -0.0004293802027396654    
  0.10176500000000001     -0.00042940110368056353    
  0.10177     -0.00042942200459229925    
  0.101775     -0.0004294429054748361    
  0.10178000000000001     -0.0004294638063282244    
  0.101785     -0.0004294847071524433    
  0.10179     -0.00042950560794747725    
  0.10179500000000001     -0.0004295265087133522    
  0.1018     -0.00042954740945006127    
  0.101805     -0.00042956831015759575    
  0.10181000000000001     -0.00042958921083591575    
  0.101815     -0.0004296101114850924    
  0.10182000000000001     -0.0004296310121050459    
  0.101825     -0.0004296519126958734    
  0.10183     -0.000429672813257502    
  0.10183500000000001     -0.00042969371378994217    
  0.10184     -0.00042971461429318347    
  0.101845     -0.00042973551476726407    
  0.10185000000000001     -0.00042975641521214407    
  0.101855     -0.00042977731562783734    
  0.10186     -0.00042979821601433175    
  0.10186500000000001     -0.00042981911637160995    
  0.10187     -0.00042984001669971184    
  0.10187500000000001     -0.0004298609169986582    
  0.10188     -0.0004298818172683346    
  0.101885     -0.00042990271750888327    
  0.10189000000000001     -0.00042992361772019316    
  0.101895     -0.0004299445179022851    
  0.1019     -0.0004299654180552042    
  0.10190500000000001     -0.000429986318178947    
  0.10191     -0.00043000721827345795    
  0.101915     -0.0004300281183387232    
  0.10192000000000001     -0.000430049018374859    
  0.101925     -0.0004300699183817057    
  0.10193     -0.00043009081835936394    
  0.101935     -0.00043011171830781465    
  0.10194     -0.00043013261822707864    
  0.10194500000000001     -0.00043015351811706744    
  0.10195     -0.00043017441797787125    
  0.101955     -0.000430195317809438    
  0.10196000000000001     -0.000430216217611825    
  0.101965     -0.0004302371173849767    
  0.10197     -0.0004302580171288532    
  0.10197500000000001     -0.0004302789168435829    
  0.10198     -0.00043029981652899923    
  0.101985     -0.0004303207161852167    
  0.10199000000000001     -0.00043034161581225264    
  0.101995     -0.0004303625154100585    
  0.10200000000000001     -0.00043038341497856833    
  0.102005     -0.00043040431451787063    
  0.10201     -0.0004304252140279706    
  0.10201500000000001     -0.00043044611350881445    
  0.10202     -0.0004304670129604178    
  0.102025     -0.00043048791238278414    
  0.10203000000000001     -0.0004305088117758579    
  0.102035     -0.00043052971113971723    
  0.10204     -0.0004305506104744141    
  0.10204500000000001     -0.00043057150977973517    
  0.10205     -0.00043059240905589553    
  0.102055     -0.0004306133083027842    
  0.10206000000000001     -0.00043063420752038895    
  0.102065     -0.0004306551067087636    
  0.10207000000000001     -0.0004306760058679082    
  0.102075     -0.00043069690499780537    
  0.10208     -0.00043071780409838743    
  0.10208500000000001     -0.00043073870316977583    
  0.10209     -0.0004307596022118821    
  0.102095     -0.0004307805012247392    
  0.10210000000000001     -0.00043080140020833324    
  0.102105     -0.00043082229916265903    
  0.10211     -0.0004308431980876732    
  0.10211500000000001     -0.0004308640969834937    
  0.10212     -0.00043088499584998004    
  0.10212500000000001     -0.00043090589468722414    
  0.10213     -0.00043092679349520345    
  0.102135     -0.0004309476922738937    
  0.10214000000000001     -0.0004309685910233504    
  0.102145     -0.00043098948974346594    
  0.10215     -0.00043101038843436357    
  0.10215500000000001     -0.0004310312870960051    
  0.10216     -0.0004310521857282968    
  0.102165     -0.0004310730843313463    
  0.10217000000000001     -0.0004310939829050772    
  0.102175     -0.00043111488144958847    
  0.10218     -0.0004311357799647673    
  0.102185     -0.0004311566784506206    
  0.10219     -0.00043117757690728023    
  0.10219500000000001     -0.0004311984753346005    
  0.1022     -0.0004312193737326525    
  0.102205     -0.0004312402721013478    
  0.10221000000000001     -0.0004312611704407575    
  0.102215     -0.00043128206875094575    
  0.10222     -0.0004313029670317825    
  0.10222500000000001     -0.0004313238652833111    
  0.10223     -0.00043134476350561134    
  0.102235     -0.000431365661698567    
  0.10224     -0.0004313865598621694    
  0.102245     -0.0004314074579965365    
  0.10225000000000001     -0.0004314283561015625    
  0.102255     -0.000431449254177289    
  0.10226     -0.00043147015222368135    
  0.10226500000000001     -0.0004314910502408384    
  0.10227     -0.0004315119482286127    
  0.102275     -0.000431532846187091    
  0.10228000000000001     -0.000431553744116275    
  0.102285     -0.0004315746420160728    
  0.10229     -0.0004315955398866405    
  0.10229500000000001     -0.00043161643772787577    
  0.1023     -0.0004316373355397699    
  0.10230500000000001     -0.00043165823332233337    
  0.10231     -0.0004316791310755852    
  0.102315     -0.0004317000287994595    
  0.10232000000000001     -0.0004317209264940603    
  0.102325     -0.00043174182415933564    
  0.10233     -0.00043176272179526985    
  0.10233500000000001     -0.00043178361940185254    
  0.10234     -0.0004318045169791375    
  0.102345     -0.0004318254145270657    
  0.10235000000000001     -0.00043184631204567364    
  0.102355     -0.00043186720953495954    
  0.10236     -0.0004318881069948523    
  0.10236500000000001     -0.00043190900442543166    
  0.10237     -0.0004319299018266925    
  0.10237500000000001     -0.00043195079919856535    
  0.10238     -0.00043197169654115956    
  0.102385     -0.000431992593854345    
  0.10239000000000001     -0.0004320134911382136    
  0.102395     -0.0004320343883927151    
  0.1024     -0.00043205528561787027    
  0.10240500000000001     -0.00043207618281366524    
  0.10241     -0.0004320970799801156    
  0.102415     -0.0004321179771172509    
  0.10242000000000001     -0.000432138874225    
  0.102425     -0.0004321597713033906    
  0.10243000000000001     -0.0004321806683523985    
  0.102435     -0.00043220156537202015    
  0.10244     -0.0004322224623623753    
  0.10244500000000001     -0.00043224335932331125    
  0.10245     -0.0004322642562548575    
  0.102455     -0.00043228515315708003    
  0.10246000000000001     -0.00043230605002993194    
  0.102465     -0.000432326946873382    
  0.10247     -0.00043234784368748405    
  0.10247500000000001     -0.00043236874047221374    
  0.10248     -0.0004323896372275919    
  0.102485     -0.00043241053395354744    
  0.10249     -0.0004324314306501792    
  0.102495     -0.0004324523273173727    
  0.10250000000000001     -0.0004324732239552459    
  0.102505     -0.0004324941205636722    
  0.10251     -0.0004325150171427868    
  0.10251500000000001     -0.0004325359136924615    
  0.10252     -0.000432556810212743    
  0.102525     -0.0004325777067037285    
  0.10253000000000001     -0.00043259860316523756    
  0.102535     -0.0004326194995973951    
  0.10254     -0.00043264039600010053    
  0.10254500000000001     -0.00043266129237348044    
  0.10255     -0.0004326821887174308    
  0.10255500000000001     -0.0004327030850319498    
  0.10256     -0.00043272398131715024    
  0.102565     -0.0004327448775729246    
  0.10257     -0.0004327657737993214    
  0.102575     -0.0004327866699962782    
  0.10258     -0.00043280756616381234    
  0.102585     -0.0004328284623020314    
  0.10259     -0.0004328493584106925    
  0.10259499999999999     -0.00043287025449006283    
  0.1026     -0.0004328911505400018    
  0.102605     -0.0004329120465605043    
  0.10260999999999999     -0.00043293294255164656    
  0.102615     -0.0004329538385133176    
  0.10262     -0.00043297473444560246    
  0.102625     -0.00043299563034845424    
  0.10263     -0.00043301652622190594    
  0.102635     -0.0004330374220659766    
  0.10264     -0.000433058317880531    
  0.102645     -0.0004330792136657789    
  0.10265     -0.00043310010942154177    
  0.102655     -0.0004331210051478733    
  0.10266     -0.0004331419008447024    
  0.10266499999999999     -0.0004331627965122129    
  0.10267     -0.00043318369215027304    
  0.102675     -0.0004332045877589088    
  0.10268     -0.00043322548333806117    
  0.102685     -0.00043324637888786204    
  0.10269     -0.00043326727440812576    
  0.102695     -0.0004332881698989547    
  0.1027     -0.0004333090653604113    
  0.102705     -0.00043332996079240883    
  0.10271     -0.0004333508561949681    
  0.102715     -0.0004333717515680943    
  0.10271999999999999     -0.00043339264691174065    
  0.102725     -0.0004334135422260181    
  0.10273     -0.00043343443751078445    
  0.10273499999999999     -0.0004334553327660969    
  0.10274     -0.0004334762279919538    
  0.102745     -0.0004334971231883828    
  0.10275     -0.0004335180183552851    
  0.102755     -0.00043353891349287403    
  0.10276     -0.0004335598086009085    
  0.102765     -0.0004335807036794648    
  0.10277     -0.0004336015987286123    
  0.102775     -0.00043362249374827994    
  0.10278     -0.00043364338873849717    
  0.102785     -0.00043366428369927094    
  0.10278999999999999     -0.0004336851786305336    
  0.102795     -0.00043370607353235974    
  0.1028     -0.00043372696840468863    
  0.102805     -0.0004337478632476053    
  0.10281     -0.00043376875806101084    
  0.102815     -0.00043378965284490874    
  0.10282     -0.0004338105475993788    
  0.102825     -0.00043383144232439323    
  0.10283     -0.000433852337019874    
  0.102835     -0.0004338732316858801    
  0.10284     -0.0004338941263224549    
  0.10284499999999999     -0.00043391502092953414    
  0.10285     -0.00043393591550713526    
  0.102855     -0.000433956810055227    
  0.10286     -0.00043397770457382495    
  0.102865     -0.0004339985990629222    
  0.10287     -0.00043401949352262284    
  0.102875     -0.00043404038795270133    
  0.10288     -0.0004340612823533624    
  0.102885     -0.0004340821767245817    
  0.10289     -0.00043410307106618584    
  0.102895     -0.00043412396537838814    
  0.10289999999999999     -0.00043414485966105157    
  0.102905     -0.0004341657539142299    
  0.10291     -0.00043418664813784855    
  0.10291499999999999     -0.00043420754233206536    
  0.10292     -0.0004342284364966739    
  0.102925     -0.00043424933063185116    
  0.10293     -0.0004342702247374791    
  0.102935     -0.0004342911188136827    
  0.10294     -0.00043431201286028495    
  0.102945     -0.00043433290687744375    
  0.10295     -0.0004343538008649908    
  0.102955     -0.00043437469482313605    
  0.10296     -0.0004343955887516973    
  0.102965     -0.0004344164826507284    
  0.10296999999999999     -0.0004344373765203108    
  0.102975     -0.0004344582703603231    
  0.10298     -0.00043447916417085203    
  0.102985     -0.0004345000579518126    
  0.10299     -0.0004345209517032638    
  0.102995     -0.0004345418454252282    
  0.103     -0.0004345627391175843    
  0.103005     -0.00043458363278046225    
  0.10301     -0.0004346045264138204    
  0.103015     -0.0004346254200176744    
  0.10302     -0.00043464631359193574    
  0.10302499999999999     -0.0004346672071366617    
  0.10303     -0.0004346881006518852    
  0.103035     -0.00043470899413749    
  0.10303999999999999     -0.00043472988759369474    
  0.103045     -0.0004347507810202964    
  0.10305     -0.00043477167441727943    
  0.103055     -0.00043479256778480684    
  0.10306     -0.0004348134611227711    
  0.103065     -0.00043483435443119126    
  0.10307     -0.00043485524771001705    
  0.103075     -0.0004348761409594115    
  0.10308     -0.0004348970341791353    
  0.103085     -0.0004349179273693479    
  0.10309     -0.00043493882052996966    
  0.10309499999999999     -0.00043495971366109415    
  0.1031     -0.00043498060676264855    
  0.103105     -0.0004350014998346346    
  0.10311     -0.00043502239287706093    
  0.103115     -0.00043504328588997443    
  0.10312     -0.0004350641788732016    
  0.103125     -0.00043508507182699746    
  0.10313     -0.00043510596475113995    
  0.103135     -0.0004351268576457609    
  0.10314     -0.0004351477505107528    
  0.103145     -0.0004351686433462839    
  0.10314999999999999     -0.0004351895361521963    
  0.103155     -0.0004352104289284814    
  0.10316     -0.00043523132167519636    
  0.10316499999999999     -0.00043525221439241583    
  0.10317     -0.00043527310707997154    
  0.103175     -0.00043529399973801265    
  0.10318     -0.0004353148923664455    
  0.103185     -0.000435335784965284    
  0.10319     -0.00043535667753457144    
  0.103195     -0.00043537757007427666    
  0.1032     -0.00043539846258438576    
  0.10320499999999999     -0.00043541935506486405    
  0.10321     -0.00043544024751571153    
  0.103215     -0.0004354611399371121    
  0.10321999999999999     -0.000435482032328835    
  0.103225     -0.00043550292469098084    
  0.10323     -0.0004355238170235063    
  0.103235     -0.0004355447093265137    
  0.10324     -0.0004355656015998504    
  0.103245     -0.000435586493843591    
  0.10325     -0.00043560738605776493    
  0.103255     -0.0004356282782423133    
  0.10326     -0.0004356491703972516    
  0.103265     -0.0004356700625225904    
  0.10327     -0.00043569095461833823    
  0.10327499999999999     -0.0004357118466844674    
  0.10328     -0.00043573273872098313    
  0.103285     -0.00043575363072784895    
  0.10328999999999999     -0.0004357745227051655    
  0.103295     -0.00043579541465285816    
  0.1033     -0.00043581630657088706    
  0.103305     -0.0004358371984593424    
  0.10331     -0.00043585809031818773    
  0.103315     -0.0004358789821473901    
  0.10332     -0.00043589987394698597    
  0.103325     -0.0004359207657169406    
  0.10332999999999999     -0.0004359416574572488    
  0.103335     -0.0004359625491679557    
  0.10334     -0.00043598344084904914    
  0.10334499999999999     -0.00043600433250053257    
  0.10335     -0.00043602522412234876    
  0.103355     -0.00043604611571451506    
  0.10336     -0.0004360670072770696    
  0.103365     -0.000436087898810009    
  0.10337     -0.0004361087903132846    
  0.103375     -0.00043612968178698315    
  0.10338     -0.00043615057323095896    
  0.103385     -0.00043617146464531784    
  0.10339     -0.0004361923560300355    
  0.103395     -0.0004362132473850859    
  0.10339999999999999     -0.0004362341387105454    
  0.103405     -0.00043625503000635155    
  0.10341     -0.00043627592127250606    
  0.10341499999999999     -0.0004362968125089933    
  0.10342     -0.0004363177037157752    
  0.103425     -0.00043633859489300084    
  0.10343     -0.000436359486040502    
  0.103435     -0.0004363803771583845    
  0.10344     -0.0004364012682466188    
  0.103445     -0.00043642215930519285    
  0.10345     -0.0004364430503340719    
  0.10345499999999999     -0.0004364639413333097    
  0.10346     -0.0004364848323029566    
  0.103465     -0.0004365057232428027    
  0.10346999999999999     -0.0004365266141530197    
  0.103475     -0.00043654750503361456    
  0.10348     -0.00043656839588450576    
  0.103485     -0.0004365892867057696    
  0.10349     -0.0004366101774973055    
  0.103495     -0.0004366310682592141    
  0.1035     -0.00043665195899143285    
  0.103505     -0.00043667284969398264    
  0.10351     -0.00043669374036682355    
  0.103515     -0.00043671463101001805    
  0.10352     -0.0004367355216235193    
  0.10352499999999999     -0.0004367564122073793    
  0.10353     -0.00043677730276145757    
  0.103535     -0.0004367981932859137    
  0.10354     -0.00043681908378076506    
  0.103545     -0.00043683997424577223    
  0.10355     -0.0004368608646811746    
  0.103555     -0.0004368817550868334    
  0.10356     -0.0004369026454629048    
  0.103565     -0.00043692353580919094    
  0.10357     -0.000436944426125796    
  0.103575     -0.00043696531641270256    
  0.10357999999999999     -0.0004369862066699176    
  0.103585     -0.0004370070968974585    
  0.10359     -0.00043702798709528007    
  0.10359499999999999     -0.0004370488772633893    
  0.1036     -0.00043706976740182785    
  0.103605     -0.00043709065751050546    
  0.10361     -0.0004371115475895228    
  0.103615     -0.00043713243763880694    
  0.10362     -0.00043715332765831977    
  0.103625     -0.0004371742176481966    
  0.10363     -0.00043719510760834024    
  0.103635     -0.0004372159975388201    
  0.10364     -0.00043723688743955644    
  0.103645     -0.00043725777731057347    
  0.10364999999999999     -0.00043727866715180183    
  0.103655     -0.000437299556963356    
  0.10366     -0.00043732044674520826    
  0.103665     -0.00043734133649731    
  0.10367     -0.0004373622262197237    
  0.103675     -0.00043738311591245624    
  0.10368     -0.0004374040055753689    
  0.103685     -0.00043742489520860045    
  0.10369     -0.0004374457848120711    
  0.103695     -0.0004374666743858016    
  0.1037     -0.00043748756392981286    
  0.10370499999999999     -0.00043750845344409095    
  0.10371     -0.00043752934292862547    
  0.103715     -0.0004375502323834442    
  0.10371999999999999     -0.0004375711218084777    
  0.103725     -0.0004375920112038405    
  0.10373     -0.0004376129005693834    
  0.103735     -0.0004376337899052521    
  0.10374     -0.0004376546792112593    
  0.103745     -0.00043767556848769637    
  0.10375     -0.0004376964577342962    
  0.103755     -0.00043771734695107617    
  0.10375999999999999     -0.0004377382361381993    
  0.103765     -0.000437759125295558    
  0.10377     -0.0004377800144231038    
  0.10377499999999999     -0.0004378009035209199    
  0.10378     -0.00043782179258900975    
  0.103785     -0.00043784268162726583    
  0.10379     -0.0004378635706359067    
  0.103795     -0.0004378844596146618    
  0.1038     -0.00043790534856370453    
  0.103805     -0.0004379262374829447    
  0.10381     -0.0004379471263724344    
  0.103815     -0.0004379680152322117    
  0.10382     -0.0004379889040621067    
  0.103825     -0.00043800979286227545    
  0.10382999999999999     -0.00043803068163273534    
  0.103835     -0.00043805157037338227    
  0.10384     -0.0004380724590842579    
  0.10384499999999999     -0.0004380933477653483    
  0.10385     -0.00043811423641662225    
  0.103855     -0.00043813512503814225    
  0.10386     -0.0004381560136299638    
  0.103865     -0.00043817690219190644    
  0.10387     -0.00043819779072405    
  0.103875     -0.0004382186792264743    
  0.10388     -0.0004382395676990544    
  0.10388499999999999     -0.0004382604561419187    
  0.10389     -0.00043828134455499435    
  0.103895     -0.00043830223293815293    
  0.10389999999999999     -0.0004383231212916443    
  0.103905     -0.0004383440096153157    
  0.10391     -0.00043836489790915686    
  0.103915     -0.0004383857861732232    
  0.10392     -0.00043840667440745926    
  0.103925     -0.0004384275626118962    
  0.10393     -0.0004384484507865584    
  0.103935     -0.0004384693389314874    
  0.10394     -0.0004384902270464369    
  0.103945     -0.0004385111151316949    
  0.10395     -0.00043853200318717117    
  0.10395499999999999     -0.0004385528912127998    
  0.10396     -0.0004385737792086432    
  0.103965     -0.00043859466717463547    
  0.10396999999999999     -0.0004386155551108564    
  0.103975     -0.0004386364430171881    
  0.10398     -0.00043865733089373804    
  0.103985     -0.00043867821874051666    
  0.10399     -0.00043869910655738517    
  0.103995     -0.0004387199943445101    
  0.104     -0.00043874088210180823    
  0.104005     -0.00043876176982931073    
  0.10400999999999999     -0.00043878265752692394    
  0.104015     -0.0004388035451946756    
  0.10402     -0.0004388244328326976    
  0.10402499999999999     -0.0004388453204408199    
  0.10403     -0.00043886620801910844    
  0.104035     -0.00043888709556757013    
  0.10404     -0.0004389079830862397    
  0.104045     -0.00043892887057508587    
  0.10405     -0.00043894975803404276    
  0.104055     -0.0004389706454632006    
  0.10406     -0.0004389915328625073    
  0.10406499999999999     -0.00043901242023192816    
  0.10407     -0.0004390333075715465    
  0.104075     -0.0004390541948813137    
  0.10407999999999999     -0.0004390750821612818    
  0.104085     -0.00043909596941128434    
  0.10409     -0.00043911685663158145    
  0.104095     -0.00043913774382190254    
  0.1041     -0.00043915863098240374    
  0.104105     -0.0004391795181130885    
  0.10411     -0.00043920040521389786    
  0.104115     -0.0004392212922849116    
  0.10412     -0.0004392421793259528    
  0.104125     -0.00043926306633721574    
  0.10413     -0.00043928395331861367    
  0.10413499999999999     -0.00043930484027010497    
  0.10414     -0.00043932572719173474    
  0.104145     -0.00043934661408354114    
  0.10414999999999999     -0.0004393675009455207    
  0.104155     -0.00043938838777752426    
  0.10416     -0.00043940927457977383    
  0.104165     -0.0004394301613519988    
  0.10417     -0.0004394510480944559    
  0.104175     -0.0004394719348070203    
  0.10418     -0.0004394928214897023    
  0.104185     -0.0004395137081425332    
  0.10418999999999999     -0.00043953459476544707    
  0.104195     -0.0004395554813585306    
  0.1042     -0.0004395763679216798    
  0.10420499999999999     -0.00043959725445498823    
  0.10421     -0.00043961814095844903    
  0.104215     -0.00043963902743192687    
  0.10422     -0.0004396599138755501    
  0.104225     -0.00043968080028932224    
  0.10423     -0.0004397016866731704    
  0.104235     -0.000439722573027098    
  0.10424     -0.0004397434593511919    
  0.104245     -0.00043976434564532013    
  0.10425     -0.00043978523190963195    
  0.104255     -0.0004398061181439643    
  0.10425999999999999     -0.0004398270043484663    
  0.104265     -0.00043984789052302353    
  0.10427     -0.00043986877666772964    
  0.10427499999999999     -0.00043988966278247013    
  0.10428     -0.0004399105488674081    
  0.104285     -0.00043993143492234224    
  0.10429     -0.00043995232094740447    
  0.104295     -0.00043997320694257394    
  0.1043     -0.0004399940929077882    
  0.104305     -0.00044001497884314095    
  0.10431     -0.00044003586474852807    
  0.10431499999999999     -0.0004400567506240294    
  0.10432     -0.000440077636469572    
  0.104325     -0.00044009852228521495    
  0.10432999999999999     -0.00044011940807097555    
  0.104335     -0.00044014029382675665    
  0.10434     -0.00044016117955275255    
  0.104345     -0.00044018206524869957    
  0.10435     -0.0004402029509146879    
  0.104355     -0.00044022383655081126    
  0.10436     -0.00044024472215697247    
  0.104365     -0.00044026560773332765    
  0.10437     -0.0004402864932795958    
  0.104375     -0.00044030737879600587    
  0.10438     -0.000440328264282433    
  0.10438499999999999     -0.0004403491497389396    
  0.10439     -0.00044037003516553264    
  0.104395     -0.0004403909205622225    
  0.10439999999999999     -0.00044041180592887044    
  0.104405     -0.0004404326912656707    
  0.10441     -0.00044045357657249845    
  0.104415     -0.00044047446184931546    
  0.10442     -0.00044049534709627094    
  0.104425     -0.0004405162323132955    
  0.10443     -0.0004405371175003024    
  0.104435     -0.00044055800265737494    
  0.10443999999999999     -0.0004405788877845096    
  0.104445     -0.00044059977288170987    
  0.10445     -0.00044062065794890637    
  0.10445499999999999     -0.00044064154298617195    
  0.10446     -0.0004406624279934962    
  0.104465     -0.00044068331297078545    
  0.10447     -0.00044070419791821663    
  0.104475     -0.00044072508283558853    
  0.10448     -0.00044074596772309543    
  0.104485     -0.0004407668525805569    
  0.10449     -0.00044078773740809096    
  0.104495     -0.00044080862220564204    
  0.1045     -0.0004408295069732275    
  0.104505     -0.00044085039171086124    
  0.10450999999999999     -0.0004408712764184669    
  0.104515     -0.00044089216109612084    
  0.10452     -0.00044091304574384385    
  0.10452499999999999     -0.0004409339303615943    
  0.10453     -0.0004409548149492959    
  0.104535     -0.00044097569950704574    
  0.10454     -0.0004409965840347814    
  0.104545     -0.0004410174685325896    
  0.10455     -0.00044103835300039057    
  0.104555     -0.000441059237438219    
  0.10456     -0.00044108012184602627    
  0.10456499999999999     -0.0004411010062238298    
  0.10457     -0.00044112189057168155    
  0.104575     -0.00044114277488959894    
  0.10457999999999999     -0.0004411636591774466    
  0.104585     -0.0004411845434352975    
  0.10459     -0.000441205427663207    
  0.104595     -0.0004412263118610746    
  0.1046     -0.00044124719602891757    
  0.104605     -0.0004412680801668435    
  0.10461     -0.0004412889642746755    
  0.104615     -0.00044130984835258    
  0.10461999999999999     -0.00044133073240035584    
  0.104625     -0.000441351616418284    
  0.10463     -0.0004413725004061182    
  0.10463499999999999     -0.00044139338436393824    
  0.10464     -0.00044141426829179264    
  0.104645     -0.0004414351521895704    
  0.10464999999999999     -0.0004414560360573895    
  0.104655     -0.00044147691989513543    
  0.10466     -0.0004414978037029088    
  0.104665     -0.00044151868748069575    
  0.10467     -0.00044153957122839566    
  0.104675     -0.00044156045494609525    
  0.10468     -0.0004415813386337529    
  0.104685     -0.0004416022222914623    
  0.10468999999999999     -0.0004416231059190673    
  0.104695     -0.0004416439895166928    
  0.1047     -0.0004416648730842451    
  0.10470499999999999     -0.00044168575662179715    
  0.10471     -0.00044170664012931765    
  0.104715     -0.0004417275236067164    
  0.10472     -0.0004417484070542224    
  0.104725     -0.0004417692904715824    
  0.10473     -0.0004417901738589733    
  0.104735     -0.0004418110572163153    
  0.10474     -0.0004418319405435876    
  0.10474499999999999     -0.00044185282384085617    
  0.10475     -0.0004418737071080238    
  0.104755     -0.00044189459034522927    
  0.10475999999999999     -0.00044191547355229566    
  0.104765     -0.0004419363567293652    
  0.10477     -0.00044195723987636854    
  0.104775     -0.0004419781229932848    
  0.10478     -0.00044199900608025977    
  0.104785     -0.0004420198891371095    
  0.10479     -0.00044204077216388263    
  0.104795     -0.0004420616551606485    
  0.1048     -0.0004420825381273308    
  0.104805     -0.00044210342106397113    
  0.10481     -0.0004421243039705175    
  0.10481499999999999     -0.000442145186847015    
  0.10482     -0.00044216606969345665    
  0.104825     -0.0004421869525097939    
  0.10482999999999999     -0.0004422078352961274    
  0.104835     -0.00044222871805228714    
  0.10484     -0.0004422496007785437    
  0.104845     -0.00044227048347457096    
  0.10485     -0.00044229136614058404    
  0.104855     -0.0004423122487765517    
  0.10486     -0.00044233313138238375    
  0.104865     -0.0004423540139581808    
  0.10486999999999999     -0.0004423748965039151    
  0.104875     -0.0004423957790195207    
  0.10488     -0.0004424166615050913    
  0.10488499999999999     -0.00044243754396055754    
  0.10489     -0.0004424584263858812    
  0.104895     -0.0004424793087811803    
  0.1049     -0.00044250019114636455    
  0.104905     -0.00044252107348148953    
  0.10491     -0.0004425419557865136    
  0.104915     -0.0004425628380613812    
  0.10492     -0.00044258372030629364    
  0.10492499999999999     -0.00044260460252102535    
  0.10493     -0.0004426254847056041    
  0.104935     -0.0004426463668601721    
  0.10493999999999999     -0.00044266724898466003    
  0.104945     -0.00044268813107902275    
  0.10495     -0.0004427090131431666    
  0.10495499999999999     -0.00044272989517730316    
  0.10496     -0.0004427507771813319    
  0.104965     -0.0004427716591552354    
  0.10497     -0.00044279254109905186    
  0.104975     -0.00044281342301279517    
  0.10498     -0.0004428343048964098    
  0.104985     -0.00044285518674984023    
  0.10499     -0.00044287606857324954    
  0.10499499999999999     -0.00044289695036644    
  0.105     -0.00044291783212957805    
  0.105005     -0.0004429387138625944    
  0.10500999999999999     -0.0004429595955654751    
  0.105015     -0.00044298047723824105    
  0.10502     -0.00044300135888087136    
  0.105025     -0.00044302224049333483    
  0.10503     -0.0004430431220757737    
  0.105035     -0.0004430640036280249    
  0.10504     -0.0004430848851501683    
  0.105045     -0.00044310576664213785    
  0.10504999999999999     -0.00044312664810408284    
  0.105055     -0.0004431475295357465    
  0.10506     -0.0004431684109374584    
  0.10506499999999999     -0.0004431892923088196    
  0.10507     -0.0004432101736501666    
  0.105075     -0.00044323105496138146    
  0.10507999999999999     -0.0004432519362424156    
  0.105085     -0.0004432728174932968    
  0.10509     -0.0004432936987140597    
  0.105095     -0.00044331457990463147    
  0.1051     -0.0004433354610651197    
  0.105105     -0.0004433563421953994    
  0.10511     -0.0004433772232955574    
  0.105115     -0.00044339810436560406    
  0.10512     -0.0004434189854054284    
  0.10512500000000001     -0.0004434398664151691    
  0.10513     -0.0004434607473947465    
  0.105135     -0.000443481628344098    
  0.10514000000000001     -0.00044350250926333823    
  0.105145     -0.0004435233901523804    
  0.10515000000000001     -0.0004435442710113077    
  0.105155     -0.00044356515184006823    
  0.10516     -0.00044358603263862373    
  0.10516500000000001     -0.0004436069134069777    
  0.10517     -0.00044362779414519257    
  0.105175     -0.0004436486748534037    
  0.10518000000000001     -0.00044366955553120854    
  0.105185     -0.00044369043617903045    
  0.10519     -0.0004437113167965641    
  0.10519500000000001     -0.000443732197383976    
  0.1052     -0.0004437530779412037    
  0.105205     -0.0004437739584681917    
  0.10521000000000001     -0.00044379483896500593    
  0.105215     -0.00044381571943167414    
  0.10522000000000001     -0.00044383659986814775    
  0.105225     -0.00044385748027448574    
  0.10523     -0.00044387836065058403    
  0.10523500000000001     -0.00044389924099649467    
  0.10524     -0.00044392012131226274    
  0.105245     -0.0004439410015978154    
  0.10525000000000001     -0.00044396188185317695    
  0.105255     -0.0004439827620783092    
  0.10526     -0.0004440036422732989    
  0.10526500000000001     -0.0004440245224380662    
  0.10527     -0.00044404540257262856    
  0.10527500000000001     -0.00044406628267695467    
  0.10528     -0.00044408716275120066    
  0.105285     -0.00044410804279517227    
  0.10529000000000001     -0.0004441289228089493    
  0.105295     -0.00044414980279246924    
  0.1053     -0.00044417068274591257    
  0.10530500000000001     -0.0004441915626690121    
  0.10531     -0.00044421244256201767    
  0.105315     -0.00044423332242467944    
  0.10532000000000001     -0.00044425420225724377    
  0.105325     -0.0004442750820595025    
  0.10533000000000001     -0.00044429596183162556    
  0.10533500000000001     -0.0004443168415734673    
  0.10534     -0.00044433772128517693    
  0.10534500000000001     -0.00044435860096655663    
  0.10535     -0.00044437948061781113    
  0.105355     -0.00044440036023883633    
  0.10536000000000001     -0.00044442123982958714    
  0.105365     -0.0004444421193901295    
  0.10537     -0.0004444629989204356    
  0.10537500000000001     -0.0004444838784205367    
  0.10538     -0.00044450475789037033    
  0.105385     -0.0004445256373300163    
  0.10539000000000001     -0.0004445465167393914    
  0.105395     -0.0004445673961185441    
  0.10540000000000001     -0.00044458827546745364    
  0.105405     -0.00044460915478614776    
  0.10541     -0.0004446300340746612    
  0.10541500000000001     -0.0004446509133328308    
  0.10542     -0.00044467179256079195    
  0.105425     -0.000444692671758562    
  0.10543000000000001     -0.0004447135509259986    
  0.105435     -0.0004447344300632719    
  0.10544     -0.0004447553091702118    
  0.10544500000000001     -0.0004447761882469675    
  0.10545     -0.000444797067293428    
  0.10545500000000001     -0.0004448179463096974    
  0.10546     -0.00044483882529565075    
  0.105465     -0.0004448597042513887    
  0.10547000000000001     -0.00044488058317688    
  0.105475     -0.0004449014620720865    
  0.10548     -0.00044492234093700816    
  0.10548500000000001     -0.00044494321977167975    
  0.10549     -0.0004449640985761498    
  0.105495     -0.00044498497735028647    
  0.10550000000000001     -0.00044500585609418344    
  0.105505     -0.00044502673480781643    
  0.10551     -0.0004450476134911924    
  0.10551500000000001     -0.0004450684921442176    
  0.10552     -0.0004450893707671037    
  0.10552500000000001     -0.000445110249359601    
  0.10553     -0.0004451311279218967    
  0.105535     -0.0004451520064539076    
  0.10554000000000001     -0.0004451728849556129    
  0.105545     -0.00044519376342701256    
  0.10555     -0.00044521464186824886    
  0.10555500000000001     -0.000445235520279124    
  0.10556     -0.00044525639865970745    
  0.105565     -0.0004452772770100061    
  0.10557000000000001     -0.0004452981553300511    
  0.105575     -0.00044531903361981137    
  0.10558000000000001     -0.00044533991187924865    
  0.105585     -0.0004453607901083838    
  0.10559     -0.0004453816683072896    
  0.10559500000000001     -0.000445402546475817    
  0.1056     -0.0004454234246141567    
  0.105605     -0.00044544430272206587    
  0.10561000000000001     -0.0004454651807997735    
  0.105615     -0.00044548605884716166    
  0.10562     -0.0004455069368642338    
  0.10562500000000001     -0.0004455278148509899    
  0.10563     -0.0004455486928074785    
  0.105635     -0.0004455695707336546    
  0.10564000000000001     -0.0004455904486294765    
  0.105645     -0.00044561132649508645    
  0.10565000000000001     -0.0004456322043303214    
  0.105655     -0.0004456530821352993    
  0.10566     -0.0004456739599098779    
  0.10566500000000001     -0.000445694837654189    
  0.10567     -0.0004457157153681217    
  0.105675     -0.00044573659305183547    
  0.10568000000000001     -0.00044575747070518465    
  0.105685     -0.0004457783483282421    
  0.10569     -0.0004457992259209835    
  0.10569500000000001     -0.0004458201034833846    
  0.1057     -0.0004458409810154662    
  0.10570500000000001     -0.0004458618585171728    
  0.10571     -0.00044588273598858766    
  0.105715     -0.00044590361342970383    
  0.10572000000000001     -0.0004459244908404138    
  0.105725     -0.00044594536822087014    
  0.10573     -0.00044596624557093414    
  0.10573500000000001     -0.00044598712289069947    
  0.10574     -0.0004460080001800412    
  0.105745     -0.0004460288774391988    
  0.10575000000000001     -0.00044604975466792235    
  0.105755     -0.0004460706318663299    
  0.10576     -0.00044609150903444916    
  0.105765     -0.0004461123861721032    
  0.10577     -0.00044613326327943084    
  0.10577500000000001     -0.00044615414035648407    
  0.10578     -0.00044617501740314147    
  0.105785     -0.00044619589441953836    
  0.10579000000000001     -0.0004462167714054596    
  0.105795     -0.0004462376483610926    
  0.1058     -0.00044625852528635407    
  0.10580500000000001     -0.0004462794021812995    
  0.10581     -0.0004463002790458491    
  0.105815     -0.00044632115588003063    
  0.10582000000000001     -0.00044634203268389613    
  0.105825     -0.00044636290945736234    
  0.10583000000000001     -0.0004463837862005299    
  0.105835     -0.0004464046629131836    
  0.10584     -0.0004464255395955595    
  0.10584500000000001     -0.000446446416247602    
  0.10585     -0.00044646729286923134    
  0.105855     -0.00044648816946048567    
  0.10586000000000001     -0.0004465090460214205    
  0.105865     -0.0004465299225519283    
  0.10587     -0.00044655079905207146    
  0.10587500000000001     -0.00044657167552188126    
  0.10588     -0.00044659255196124667    
  0.105885     -0.0004466134283702995    
  0.10589     -0.00044663430474894614    
  0.105895     -0.00044665518109717264    
  0.10590000000000001     -0.000446676057415038    
  0.105905     -0.00044669693370252145    
  0.10591     -0.00044671780995962987    
  0.10591500000000001     -0.00044673868618634247    
  0.10592     -0.0004467595623826835    
  0.105925     -0.0004467804385485802    
  0.10593000000000001     -0.00044680131468413306    
  0.105935     -0.00044682219078938726    
  0.10594     -0.000446843066864034    
  0.10594500000000001     -0.00044686394290838205    
  0.10595     -0.00044688481892235163    
  0.10595500000000001     -0.0004469056949059705    
  0.10596     -0.00044692657085908943    
  0.105965     -0.00044694744678183684    
  0.10597000000000001     -0.00044696832267420925    
  0.105975     -0.0004469891985361338    
  0.10598     -0.0004470100743676521    
  0.10598500000000001     -0.0004470309501687954    
  0.10599     -0.00044705182593957407    
  0.105995     -0.0004470727016798043    
  0.10600000000000001     -0.0004470935773896838    
  0.106005     -0.00044711445306909806    
  0.10601000000000001     -0.0004471353287181963    
  0.106015     -0.0004471562043369126    
  0.10602     -0.00044717707992514635    
  0.10602500000000001     -0.0004471979554829253    
  0.10603     -0.00044721883101029106    
  0.106035     -0.00044723970650728875    
  0.10604000000000001     -0.00044726058197370674    
  0.106045     -0.0004472814574098573    
  0.10605     -0.00044730233281555995    
  0.10605500000000001     -0.00044732320819079047    
  0.10606     -0.0004473440835356321    
  0.106065     -0.00044736495884998423    
  0.10607000000000001     -0.00044738583413394054    
  0.106075     -0.00044740670938749755    
  0.10608000000000001     -0.0004474275846105269    
  0.106085     -0.0004474484598031882    
  0.10609     -0.00044746933496537036    
  0.10609500000000001     -0.0004474902100972157    
  0.1061     -0.000447511085198464    
  0.106105     -0.0004475319602693373    
  0.10611000000000001     -0.00044755283530976964    
  0.106115     -0.0004475737103197576    
  0.10612     -0.0004475945852992526    
  0.10612500000000001     -0.00044761546024839685    
  0.10613     -0.00044763633516697876    
  0.10613500000000001     -0.00044765721005511627    
  0.10614     -0.0004476780849128961    
  0.106145     -0.0004476989597400928    
  0.10615000000000001     -0.00044771983453695957    
  0.106155     -0.00044774070930324664    
  0.10616     -0.0004477615840391587    
  0.10616500000000001     -0.00044778245874459166    
  0.10617     -0.0004478033334195733    
  0.106175     -0.00044782420806407236    
  0.10618000000000001     -0.0004478450826780715    
  0.106185     -0.0004478659572616367    
  0.10619     -0.0004478868318147644    
  0.10619500000000001     -0.00044790770633739915    
  0.1062     -0.0004479285808295548    
  0.10620500000000001     -0.00044794945529120014    
  0.10621     -0.00044797032972241496    
  0.106215     -0.0004479912041231715    
  0.10622000000000001     -0.0004480120784933761    
  0.106225     -0.0004480329528331675    
  0.10623     -0.0004480538271424833    
  0.10623500000000001     -0.0004480747014212229    
  0.10624     -0.0004480955756695562    
  0.106245     -0.00044811644988742433    
  0.10625000000000001     -0.000448137324074685    
  0.106255     -0.00044815819823157757    
  0.10626000000000001     -0.0004481790723579772    
  0.106265     -0.0004481999464538179    
  0.10627     -0.0004482208205191865    
  0.10627500000000001     -0.0004482416945541176    
  0.10628     -0.0004482625685585419    
  0.106285     -0.0004482834425323899    
  0.10629000000000001     -0.0004483043164757658    
  0.106295     -0.0004483251903886383    
  0.1063     -0.0004483460642710803    
  0.10630500000000001     -0.0004483669381229356    
  0.10631     -0.00044838781194438126    
  0.106315     -0.00044840868573521944    
  0.10632     -0.00044842955949563404    
  0.106325     -0.00044845043322547934    
  0.10633000000000001     -0.00044847130692483167    
  0.106335     -0.00044849218059366674    
  0.10634     -0.00044851305423196375    
  0.10634500000000001     -0.00044853392783983717    
  0.10635     -0.0004485548014171274    
  0.106355     -0.00044857567496382755    
  0.10636000000000001     -0.0004485965484801527    
  0.106365     -0.00044861742196587034    
  0.10637     -0.00044863829542097014    
  0.10637500000000001     -0.00044865916884576085    
  0.10638     -0.00044868004223987124    
  0.10638500000000001     -0.0004487009156035164    
  0.10639     -0.00044872178893660616    
  0.106395     -0.00044874266223918213    
  0.10640000000000001     -0.00044876353551124085    
  0.106405     -0.00044878440875271985    
  0.10641     -0.000448805281963692    
  0.10641500000000001     -0.0004488261551442163    
  0.10642     -0.0004488470282940707    
  0.106425     -0.0004488679014134078    
  0.10643000000000001     -0.00044888877450222076    
  0.106435     -0.000448909647560506    
  0.10644     -0.0004489305205883226    
  0.106445     -0.0004489513935854693    
  0.10645     -0.0004489722665521126    
  0.10645500000000001     -0.00044899313948819006    
  0.10646     -0.0004490140123937364    
  0.106465     -0.00044903488526876895    
  0.10647000000000001     -0.00044905575811318016    
  0.106475     -0.0004490766309271123    
  0.10648     -0.00044909750371047163    
  0.10648500000000001     -0.00044911837646322006    
  0.10649     -0.00044913924918547204    
  0.106495     -0.00044916012187707147    
  0.10650000000000001     -0.0004491809945382022    
  0.106505     -0.0004492018671687706    
  0.10651000000000001     -0.00044922273976872804    
  0.106515     -0.0004492436123381925    
  0.10652     -0.0004492644848769836    
  0.10652500000000001     -0.0004492853573852644    
  0.10653     -0.00044930622986295507    
  0.106535     -0.00044932710231007644    
  0.10654000000000001     -0.00044934797472664587    
  0.106545     -0.00044936884711269803    
  0.10655     -0.00044938971946801784    
  0.10655500000000001     -0.00044941059179283427    
  0.10656     -0.0004494314640872063    
  0.10656500000000001     -0.00044945233635081475    
  0.10657     -0.00044947320858394063    
  0.106575     -0.0004494940807864521    
  0.10658000000000001     -0.00044951495295834226    
  0.106585     -0.0004495358250996631    
  0.10659     -0.0004495566972104008    
  0.10659500000000001     -0.0004495775692906247    
  0.1066     -0.00044959844134017865    
  0.106605     -0.00044961931335917374    
  0.10661000000000001     -0.000449640185347544    
  0.106615     -0.0004496610573053207    
  0.10662     -0.00044968192923251424    
  0.106625     -0.0004497028011291107    
  0.10663     -0.0004497236729951136    
  0.10663500000000001     -0.0004497445448305229    
  0.10664     -0.0004497654166353178    
  0.106645     -0.0004497862884094844    
  0.10665000000000001     -0.0004498071601530852    
  0.106655     -0.00044982803186604386    
  0.10666     -0.0004498489035484332    
  0.10666500000000001     -0.00044986977520019775    
  0.10667     -0.0004498906468213097    
  0.106675     -0.0004499115184118836    
  0.10668000000000001     -0.0004499323899717876    
  0.106685     -0.0004499532615011223    
  0.10669000000000001     -0.0004499741329997732    
  0.106695     -0.00044999500446782706    
  0.1067     -0.0004500158759052457    
  0.10670500000000001     -0.00045003674731211585    
  0.10671     -0.0004500576186883126    
  0.106715     -0.000450078490033895    
  0.10672000000000001     -0.0004500993613488456    
  0.106725     -0.0004501202326331402    
  0.10673     -0.0004501411038868412    
  0.10673500000000001     -0.0004501619751098862    
  0.10674     -0.00045018284630233413    
  0.106745     -0.0004502037174641503    
  0.10675     -0.0004502245885952931    
  0.106755     -0.00045024545969581456    
  0.10676000000000001     -0.00045026633076572856    
  0.106765     -0.00045028720180500734    
  0.10677     -0.0004503080728136613    
  0.10677500000000001     -0.00045032894379151006    
  0.10678     -0.0004503498147388485    
  0.106785     -0.0004503706856555448    
  0.10679000000000001     -0.00045039155654155727    
  0.106795     -0.00045041242739699006    
  0.1068     -0.00045043329822169395    
  0.10680500000000001     -0.0004504541690157418    
  0.10681     -0.0004504750397792377    
  0.10681500000000001     -0.0004504959105120013    
  0.10682     -0.00045051678121414    
  0.106825     -0.00045053765188557415    
  0.10683000000000001     -0.00045055852252634185    
  0.106835     -0.0004505793931364917    
  0.10684     -0.00045060026371602016    
  0.10684500000000001     -0.0004506211342648163    
  0.10685     -0.00045064200478297026    
  0.106855     -0.0004506628752704682    
  0.10686000000000001     -0.0004506837457272962    
  0.106865     -0.00045070461615341617    
  0.10687     -0.000450725486548946    
  0.106875     -0.0004507463569136637    
  0.10688     -0.0004507672272477739    
  0.10688500000000001     -0.0004507880975512732    
  0.10689     -0.00045080896782403665    
  0.106895     -0.00045082983806618224    
  0.10690000000000001     -0.0004508507082775781    
  0.106905     -0.00045087157845828674    
  0.10691     -0.0004508924486083879    
  0.10691500000000001     -0.00045091331872776017    
  0.10692     -0.0004509341888163827    
  0.106925     -0.00045095505887449497    
  0.10693000000000001     -0.0004509759289017916    
  0.106935     -0.0004509967988983732    
  0.10694000000000001     -0.00045101766886438896    
  0.106945     -0.0004510385387995891    
  0.10695     -0.000451059408704102    
  0.10695500000000001     -0.0004510802785780352    
  0.10696     -0.0004511011484211319    
  0.106965     -0.00045112201823364895    
  0.10697000000000001     -0.0004511428880153469    
  0.106975     -0.0004511637577664686    
  0.10698     -0.0004511846274867677    
  0.10698500000000001     -0.00045120549717644204    
  0.10699     -0.00045122636683537706    
  0.106995     -0.00045124723646359013    
  0.107     -0.00045126810606114717    
  0.107005     -0.0004512889756279892    
  0.10701000000000001     -0.000451309845164026    
  0.107015     -0.0004513307146694276    
  0.10702     -0.0004513515841441072    
  0.10702500000000001     -0.0004513724535880684    
  0.10703     -0.00045139332300133186    
  0.107035     -0.00045141419238382136    
  0.10704000000000001     -0.00045143506173566175    
  0.107045     -0.0004514559310567004    
  0.10705     -0.0004514768003471316    
  0.10705500000000001     -0.00045149766960669857    
  0.10706     -0.0004515185388355783    
  0.10706500000000001     -0.0004515394080337812    
  0.10707     -0.00045156027720124475    
  0.107075     -0.0004515811463379066    
  0.10708000000000001     -0.0004516020154439332    
  0.107085     -0.0004516228845191511    
  0.10709     -0.00045164375356370953    
  0.10709500000000001     -0.00045166462257743845    
  0.1071     -0.0004516854915604558    
  0.107105     -0.000451706360512779    
  0.10711000000000001     -0.00045172722943438715    
  0.107115     -0.0004517480983251068    
  0.10712     -0.0004517689671852468    
  0.107125     -0.000451789836014585    
  0.10713     -0.00045181070481307636    
  0.10713500000000001     -0.0004518315735809464    
  0.10714     -0.00045185244231801813    
  0.107145     -0.000451873311024361    
  0.10715000000000001     -0.0004518941796999264    
  0.107155     -0.0004519150483447004    
  0.10716     -0.0004519359169587768    
  0.10716500000000001     -0.0004519567855421    
  0.10717     -0.0004519776540946388    
  0.107175     -0.00045199852261645565    
  0.10718     -0.0004520193911073875    
  0.107185     -0.00045204025956766675    
  0.10719000000000001     -0.0004520611279971824    
  0.107195     -0.0004520819963958478    
  0.1072     -0.0004521028647638259    
  0.10720500000000001     -0.0004521237331009814    
  0.10721     -0.00045214460140746357    
  0.107215     -0.0004521654696831266    
  0.10722000000000001     -0.00045218633792795324    
  0.107225     -0.000452207206141992    
  0.10723     -0.0004522280743253816    
  0.10723500000000001     -0.00045224894247786543    
  0.10724     -0.0004522698105997036    
  0.10724500000000001     -0.00045229067869059433    
  0.10725     -0.00045231154675083943    
  0.107255     -0.0004523324147802654    
  0.10726000000000001     -0.00045235328277883763    
  0.107265     -0.00045237415074662196    
  0.10727     -0.00045239501868372944    
  0.10727500000000001     -0.00045241588659001436    
  0.10728     -0.0004524367544654108    
  0.107285     -0.00045245762231007486    
  0.10729000000000001     -0.0004524784901239545    
  0.107295     -0.00045249935790706713    
  0.1073     -0.00045252022565938493    
  0.107305     -0.0004525410933808073    
  0.10731     -0.0004525619610714973    
  0.10731500000000001     -0.00045258282873134395    
  0.10732     -0.00045260369636040965    
  0.107325     -0.0004526245639586701    
  0.10733000000000001     -0.00045264543152609416    
  0.107335     -0.0004526662990628483    
  0.10734     -0.00045268716656865146    
  0.10734500000000001     -0.00045270803404367024    
  0.10735     -0.00045272890148790115    
  0.107355     -0.00045274976890129215    
  0.10736000000000001     -0.00045277063628397854    
  0.107365     -0.00045279150363563767    
  0.10737000000000001     -0.00045281237095661994    
  0.107375     -0.0004528332382467866    
  0.10738     -0.000452854105506096    
  0.10738500000000001     -0.0004528749727345724    
  0.10739     -0.00045289583993226787    
  0.107395     -0.00045291670709907486    
  0.10740000000000001     -0.0004529375742351287    
  0.107405     -0.000452958441340294    
  0.10741     -0.00045297930841464024    
  0.10741500000000001     -0.0004530001754581743    
  0.10742     -0.0004530210424708407    
  0.107425     -0.0004530419094526568    
  0.10743     -0.0004530627764037093    
  0.107435     -0.00045308364332392187    
  0.10744000000000001     -0.00045310451021325637    
  0.107445     -0.00045312537707176137    
  0.10745     -0.00045314624389932237    
  0.10745500000000001     -0.00045316711069622387    
  0.10746     -0.0004531879774621987    
  0.107465     -0.0004532088441972816    
  0.10747000000000001     -0.0004532297109015315    
  0.107475     -0.00045325057757497275    
  0.10748     -0.00045327144421755325    
  0.107485     -0.0004532923108293216    
  0.10749     -0.00045331317741012164    
  0.10749500000000001     -0.00045333404396021015    
  0.1075     -0.0004533549104792922    
  0.107505     -0.0004533757769676419    
  0.10751000000000001     -0.0004533966434250754    
  0.107515     -0.00045341750985159954    
  0.10752     -0.0004534383762474087    
  0.10752500000000001     -0.0004534592426121836    
  0.10753     -0.00045348010894613947    
  0.107535     -0.00045350097524934907    
  0.10754000000000001     -0.0004535218415215314    
  0.107545     -0.0004535427077629224    
  0.10755     -0.0004535635739734596    
  0.107555     -0.0004535844401530528    
  0.10756     -0.0004536053063018547    
  0.10756500000000001     -0.00045362617241971256    
  0.10757     -0.00045364703850670277    
  0.107575     -0.00045366790456278713    
  0.10758000000000001     -0.00045368877058803506    
  0.107585     -0.00045370963658241184    
  0.10759     -0.00045373050254589667    
  0.10759500000000001     -0.00045375136847846526    
  0.1076     -0.0004537722343802217    
  0.107605     -0.0004537931002510133    
  0.10761     -0.0004538139660909164    
  0.107615     -0.00045383483189997964    
  0.10762000000000001     -0.000453855697678137    
  0.107625     -0.0004538765634253712    
  0.10763     -0.00045389742914168224    
  0.10763500000000001     -0.00045391829482713947    
  0.10764     -0.00045393916048171515    
  0.107645     -0.0004539600261054162    
  0.10765000000000001     -0.000453980891698208    
  0.107655     -0.00045400175725997596    
  0.10766     -0.00045402262279099423    
  0.10766500000000001     -0.0004540434882910026    
  0.10767     -0.00045406435376014673    
  0.107675     -0.00045408521919837116    
  0.10768     -0.00045410608460564467    
  0.107685     -0.0004541269499820713    
  0.10769     -0.0004541478153276095    
  0.107695     -0.00045416868064214813    
  0.1077     -0.0004541895459257844    
  0.107705     -0.00045421041117853916    
  0.10771     -0.0004542312764003707    
  0.10771499999999999     -0.0004542521415912895    
  0.10772     -0.0004542730067512643    
  0.107725     -0.00045429387188037837    
  0.10772999999999999     -0.00045431473697845823    
  0.107735     -0.00045433560204564613    
  0.10774     -0.00045435646708190044    
  0.107745     -0.00045437733208726974    
  0.10775     -0.0004543981970617089    
  0.107755     -0.0004544190620051937    
  0.10776     -0.00045443992691770324    
  0.107765     -0.0004544607917994284    
  0.10777     -0.0004544816566499875    
  0.107775     -0.00045450252146984546    
  0.10778     -0.0004545233862586276    
  0.10778499999999999     -0.00045454425101648654    
  0.10779     -0.0004545651157433876    
  0.107795     -0.0004545859804393447    
  0.10779999999999999     -0.00045460684510437166    
  0.107805     -0.00045462770973843034    
  0.10781     -0.0004546485743415936    
  0.107815     -0.0004546694389137469    
  0.10782     -0.00045469030345497014    
  0.107825     -0.000454711167965291    
  0.10783     -0.00045473203244456376    
  0.107835     -0.00045475289689298273    
  0.10783999999999999     -0.00045477376131041955    
  0.107845     -0.0004547946256968048    
  0.10785     -0.0004548154900523016    
  0.10785499999999999     -0.0004548363543768058    
  0.10786     -0.00045485721867041806    
  0.107865     -0.00045487808293302734    
  0.10787     -0.00045489894716466486    
  0.107875     -0.000454919811365289    
  0.10788     -0.0004549406755350177    
  0.107885     -0.00045496153967372957    
  0.10789     -0.00045498240378144886    
  0.10789499999999999     -0.000455003267858238    
  0.1079     -0.0004550241319040346    
  0.107905     -0.00045504499591887335    
  0.10790999999999999     -0.00045506585990266746    
  0.107915     -0.00045508672385554186    
  0.10792     -0.0004551075877774341    
  0.107925     -0.0004551284516684066    
  0.10793     -0.00045514931552833454    
  0.107935     -0.0004551701793572595    
  0.10794     -0.0004551910431550982    
  0.107945     -0.00045521190692209    
  0.10795     -0.0004552327706580789    
  0.107955     -0.00045525363436306476    
  0.10796     -0.0004552744980370338    
  0.10796499999999999     -0.0004552953616800172    
  0.10797     -0.0004553162252920427    
  0.107975     -0.0004553370888730063    
  0.10797999999999999     -0.0004553579524229981    
  0.107985     -0.0004553788159419904    
  0.10799     -0.0004553996794299832    
  0.107995     -0.00045542054288699035    
  0.108     -0.0004554414063129668    
  0.108005     -0.00045546226970797146    
  0.10801     -0.0004554831330719107    
  0.108015     -0.0004555039964048331    
  0.10801999999999999     -0.0004555248597067907    
  0.108025     -0.0004555457229777314    
  0.10803     -0.00045556658621766916    
  0.10803499999999999     -0.0004555874494265588    
  0.10804     -0.00045560831260438653    
  0.108045     -0.00045562917575133616    
  0.10805     -0.0004556500388671787    
  0.108055     -0.0004556709019519767    
  0.10806     -0.0004556917650058827    
  0.108065     -0.0004557126280285949    
  0.10807     -0.00045573349102033187    
  0.108075     -0.0004557543539810936    
  0.10808     -0.0004557752169107761    
  0.108085     -0.0004557960798094035    
  0.10808999999999999     -0.00045581694267708694    
  0.108095     -0.0004558378055137119    
  0.1081     -0.00045585866831931304    
  0.10810499999999999     -0.0004558795310937863    
  0.10811     -0.0004559003938373156    
  0.108115     -0.00045592125654976903    
  0.10812     -0.0004559421192311709    
  0.108125     -0.0004559629818816427    
  0.10813     -0.0004559838445009068    
  0.108135     -0.00045600470708917484    
  0.10814     -0.00045602556964641217    
  0.10814499999999999     -0.00045604643217265345    
  0.10815     -0.0004560672946677599    
  0.108155     -0.0004560881571318183    
  0.10815999999999999     -0.0004561090195648841    
  0.108165     -0.00045612988196686716    
  0.10817     -0.000456150744337816    
  0.108175     -0.0004561716066777029    
  0.10818     -0.0004561924689864931    
  0.108185     -0.0004562133312642283    
  0.10819     -0.00045623419351089115    
  0.108195     -0.00045625505572654754    
  0.1082     -0.0004562759179111246    
  0.108205     -0.00045629678006461893    
  0.10821     -0.0004563176421870166    
  0.10821499999999999     -0.00045633850427849107    
  0.10822     -0.000456359366338744    
  0.108225     -0.0004563802283679419    
  0.10822999999999999     -0.00045640109036610907    
  0.108235     -0.00045642195233315183    
  0.10824     -0.00045644281426915    
  0.108245     -0.00045646367617414516    
  0.10825     -0.00045648453804794653    
  0.108255     -0.00045650539989071717    
  0.10826     -0.0004565262617024293    
  0.108265     -0.0004565471234829789    
  0.10826999999999999     -0.0004565679852325151    
  0.108275     -0.00045658884695095117    
  0.10828     -0.0004566097086382767    
  0.10828499999999999     -0.0004566305702944917    
  0.10829     -0.0004566514319196517    
  0.108295     -0.00045667229351373587    
  0.1083     -0.00045669315507672337    
  0.108305     -0.0004567140166086385    
  0.10831     -0.00045673487810934596    
  0.108315     -0.0004567557395790782    
  0.10832     -0.00045677660101765133    
  0.108325     -0.00045679746242507577    
  0.10833     -0.0004568183238015111    
  0.108335     -0.0004568391851467908    
  0.10833999999999999     -0.00045686004646090794    
  0.108345     -0.00045688090774398046    
  0.10835     -0.00045690176899595286    
  0.10835499999999999     -0.00045692263021676616    
  0.10836     -0.0004569434914065071    
  0.108365     -0.0004569643525650646    
  0.10837     -0.00045698521369269204    
  0.108375     -0.000457006074789032    
  0.10838     -0.0004570269358542198    
  0.108385     -0.0004570477968884462    
  0.10839     -0.0004570686578914372    
  0.10839499999999999     -0.0004570895188634287    
  0.1084     -0.0004571103798041744    
  0.108405     -0.00045713124071379563    
  0.10840999999999999     -0.00045715210159238615    
  0.108415     -0.0004571729624397204    
  0.10842     -0.0004571938232559962    
  0.108425     -0.0004572146840411337    
  0.10843     -0.0004572355447951676    
  0.108435     -0.0004572564055180424    
  0.10844     -0.0004572772662097685    
  0.108445     -0.000457298126870391    
  0.10844999999999999     -0.000457318987499903    
  0.108455     -0.0004573398480981587    
  0.10846     -0.00045736070866532474    
  0.10846499999999999     -0.0004573815692014184    
  0.10847     -0.00045740242970633213    
  0.108475     -0.00045742329018005207    
  0.10848     -0.00045744415062269617    
  0.108485     -0.0004574650110341569    
  0.10849     -0.00045748587141443767    
  0.108495     -0.0004575067317636877    
  0.1085     -0.0004575275920815948    
  0.108505     -0.0004575484523684052    
  0.10851     -0.00045756931262411205    
  0.108515     -0.00045759017284866324    
  0.10851999999999999     -0.00045761103304209    
  0.108525     -0.00045763189320423975    
  0.10853     -0.0004576527533353414    
  0.10853499999999999     -0.00045767361343522495    
  0.10854     -0.000457694473503939    
  0.108545     -0.0004577153335415113    
  0.10855     -0.000457736193547862    
  0.108555     -0.0004577570535231404    
  0.10856     -0.0004577779134671278    
  0.108565     -0.0004577987733800533    
  0.10857     -0.00045781963326170863    
  0.10857499999999999     -0.0004578404931122708    
  0.10858     -0.0004578613529316114    
  0.108585     -0.00045788221271975127    
  0.10858999999999999     -0.00045790307247676326    
  0.108595     -0.00045792393220261615    
  0.1086     -0.0004579447918971781    
  0.108605     -0.00045796565156069197    
  0.10861     -0.00045798651119288367    
  0.108615     -0.0004580073707939822    
  0.10862     -0.0004580282303639112    
  0.108625     -0.00045804908990252843    
  0.10863     -0.0004580699494100872    
  0.108635     -0.0004580908088863897    
  0.10864     -0.00045811166833148106    
  0.10864499999999999     -0.000458132527745448    
  0.10865     -0.0004581533871280963    
  0.108655     -0.0004581742464796895    
  0.10865999999999999     -0.00045819510579995365    
  0.108665     -0.0004582159650891038    
  0.10867     -0.00045823682434702195    
  0.108675     -0.0004582576835737047    
  0.10868     -0.0004582785427692526    
  0.108685     -0.0004582994019335755    
  0.10869     -0.0004583202610666248    
  0.108695     -0.00045834112016849074    
  0.10869999999999999     -0.00045836197923915245    
  0.108705     -0.00045838283827854404    
  0.10871     -0.00045840369728681815    
  0.10871499999999999     -0.00045842455626390194    
  0.10872     -0.0004584454152096566    
  0.108725     -0.0004584662741242383    
  0.10873     -0.00045848713300758806    
  0.108735     -0.00045850799185970584    
  0.10874     -0.0004585288506806298    
  0.108745     -0.0004585497094703149    
  0.10875     -0.0004585705682287472    
  0.10875499999999999     -0.0004585914269559857    
  0.10876     -0.00045861228565197143    
  0.108765     -0.000458633144316805    
  0.10876999999999999     -0.00045865400295022965    
  0.108775     -0.00045867486155262704    
  0.10878     -0.0004586957201236225    
  0.10878499999999999     -0.0004587165786634831    
  0.10879     -0.00045873743717206664    
  0.108795     -0.00045875829564939394    
  0.1088     -0.0004587791540955309    
  0.108805     -0.00045880001251039776    
  0.10881     -0.00045882087089398754    
  0.108815     -0.00045884172924634536    
  0.10882     -0.0004588625875675302    
  0.10882499999999999     -0.00045888344585738594    
  0.10883     -0.0004589043041159993    
  0.108835     -0.0004589251623433842    
  0.10883999999999999     -0.00045894602053947464    
  0.108845     -0.0004589668787043019    
  0.10885     -0.00045898773683790417    
  0.108855     -0.00045900859494027793    
  0.10886     -0.00045902945301142667    
  0.108865     -0.0004590503110511526    
  0.10887     -0.00045907116905978887    
  0.108875     -0.0004590920270370717    
  0.10887999999999999     -0.000459112884983081    
  0.108885     -0.0004591337428978687    
  0.10889     -0.0004591546007813897    
  0.10889499999999999     -0.00045917545863358514    
  0.1089     -0.0004591963164545139    
  0.108905     -0.00045921717424422803    
  0.10890999999999999     -0.00045923803200262    
  0.108915     -0.0004592588897297488    
  0.10892     -0.0004592797474255901    
  0.108925     -0.00045930060509011966    
  0.10893     -0.0004593214627234589    
  0.108935     -0.00045934232032544126    
  0.10894     -0.00045936317789617084    
  0.108945     -0.00045938403543561296    
  0.10894999999999999     -0.0004594048929438231    
  0.108955     -0.0004594257504206903    
  0.10896     -0.0004594466078662006    
  0.10896499999999999     -0.00045946746528047894    
  0.10897     -0.0004594883226634802    
  0.108975     -0.00045950918001520444    
  0.10898     -0.0004595300373355926    
  0.108985     -0.0004595508946247488    
  0.10899     -0.00045957175188249613    
  0.108995     -0.00045959260910894903    
  0.109     -0.00045961346630426017    
  0.10900499999999999     -0.00045963432346814853    
  0.10901     -0.0004596551806007737    
  0.109015     -0.00045967603770201426    
  0.10901999999999999     -0.00045969689477197775    
  0.109025     -0.0004597177518106711    
  0.10903     -0.0004597386088180666    
  0.10903499999999999     -0.0004597594657941573    
  0.10904     -0.0004597803227389119    
  0.109045     -0.0004598011796523027    
  0.10905     -0.000459822036534413    
  0.109055     -0.0004598428933851942    
  0.10906     -0.00045986375020469483    
  0.109065     -0.00045988460699286984    
  0.10907     -0.0004599054637496672    
  0.10907499999999999     -0.00045992632047521867    
  0.10908     -0.0004599471771693821    
  0.109085     -0.0004599680338322719    
  0.10908999999999999     -0.0004599888904637736    
  0.109095     -0.0004600097470640191    
  0.1091     -0.00046003060363287995    
  0.109105     -0.0004600514601704672    
  0.10911     -0.00046007231667664905    
  0.109115     -0.00046009317315153647    
  0.10912     -0.00046011402959505315    
  0.109125     -0.00046013488600723726    
  0.10912999999999999     -0.0004601557423880298    
  0.109135     -0.0004601765987375314    
  0.10914     -0.00046019745505573514    
  0.10914499999999999     -0.00046021831134256813    
  0.10915     -0.0004602391675980651    
  0.109155     -0.000460260023822167    
  0.10916     -0.0004602808800149641    
  0.109165     -0.0004603017361763731    
  0.10917     -0.0004603225923064981    
  0.109175     -0.0004603434484052142    
  0.10918     -0.0004603643044726151    
  0.109185     -0.00046038516050865563    
  0.10919     -0.0004604060165132526    
  0.109195     -0.00046042687248662104    
  0.10919999999999999     -0.0004604477284285355    
  0.109205     -0.00046046858433908613    
  0.10921     -0.00046048944021833196    
  0.10921499999999999     -0.00046051029606619664    
  0.10922     -0.0004605311518826524    
  0.109225     -0.000460552007667793    
  0.10923     -0.00046057286342153503    
  0.109235     -0.0004605937191439133    
  0.10924     -0.0004606145748349867    
  0.109245     -0.00046063543049461655    
  0.10925     -0.00046065628612281667    
  0.10925499999999999     -0.00046067714171969115    
  0.10926     -0.0004606979972852365    
  0.109265     -0.00046071885281935565    
  0.10926999999999999     -0.000460739708321993    
  0.109275     -0.0004607605637934366    
  0.10928     -0.00046078141923332205    
  0.109285     -0.0004608022746419513    
  0.10929     -0.00046082313001914385    
  0.109295     -0.0004608439853649657    
  0.1093     -0.0004608648406793786    
  0.109305     -0.00046088569596242773    
  0.10930999999999999     -0.0004609065512140749    
  0.109315     -0.000460927406434275    
  0.10932     -0.00046094826162310434    
  0.10932499999999999     -0.00046096911678061847    
  0.10933     -0.000460989971906578    
  0.109335     -0.0004610108270013333    
  0.10933999999999999     -0.0004610316820645166    
  0.109345     -0.00046105253709632574    
  0.10935     -0.0004610733920968127    
  0.109355     -0.00046109424706582136    
  0.10936     -0.00046111510200348704    
  0.109365     -0.0004611359569096189    
  0.10937     -0.0004611568117845015    
  0.109375     -0.0004611776666278468    
  0.10937999999999999     -0.00046119852143980053    
  0.109385     -0.00046121937622034884    
  0.10939     -0.00046124023096955416    
  0.10939499999999999     -0.0004612610856872708    
  0.1094     -0.0004612819403734883    
  0.109405     -0.00046130279502840793    
  0.10941     -0.0004613236496519048    
  0.109415     -0.00046134450424392334    
  0.10942     -0.00046136535880455035    
  0.109425     -0.00046138621333373375    
  0.10943     -0.0004614070678314666    
  0.10943499999999999     -0.0004614279222977316    
  0.10944     -0.0004614487767326987    
  0.109445     -0.00046146963113607997    
  0.10944999999999999     -0.00046149048550822233    
  0.109455     -0.0004615113398487372    
  0.10946     -0.0004615321941579542    
  0.10946499999999999     -0.00046155304843557496    
  0.10947     -0.0004615739026818909    
  0.109475     -0.0004615947568967077    
  0.10948     -0.00046161561108009827    
  0.109485     -0.0004616364652320591    
  0.10949     -0.0004616573193525521    
  0.109495     -0.00046167817344156675    
  0.1095     -0.00046169902749918293    
  0.10950499999999999     -0.0004617198815253    
  0.10951     -0.0004617407355200498    
  0.109515     -0.0004617615894832207    
  0.10951999999999999     -0.0004617824434150382    
  0.109525     -0.000461803297315367    
  0.10953     -0.0004618241511841689    
  0.109535     -0.0004618450050216348    
  0.10954     -0.0004618658588275877    
  0.109545     -0.00046188671260206926    
  0.10955     -0.0004619075663449962    
  0.109555     -0.00046192842005663565    
  0.10955999999999999     -0.0004619492737366858    
  0.109565     -0.00046197012738534785    
  0.10957     -0.0004619909810024622    
  0.10957499999999999     -0.0004620118345881642    
  0.10958     -0.00046203268814239487    
  0.109585     -0.00046205354166506743    
  0.10958999999999999     -0.0004620743951563623    
  0.109595     -0.000462095248616113    
  0.1096     -0.00046211610204445475    
  0.109605     -0.0004621369554411864    
  0.10961     -0.00046215780880655075    
  0.10961499999999999     -0.00046217866214037437    
  0.10962     -0.00046219951544273705    
  0.109625     -0.00046222036871364225    
  0.10962999999999999     -0.0004622412219530206    
  0.109635     -0.00046226207516087553    
  0.10964     -0.0004622829283373077    
  0.10964499999999999     -0.0004623037814822477    
  0.10965     -0.0004623246345956296    
  0.109655     -0.0004623454876775679    
  0.10966     -0.0004623663407280487    
  0.109665     -0.0004623871937469125    
  0.10967     -0.00046240804673437427    
  0.109675     -0.00046242889969030226    
  0.10968     -0.0004624497526147936    
  0.10968499999999999     -0.000462470605507595    
  0.10969     -0.00046249145836906036    
  0.109695     -0.00046251231119892947    
  0.10969999999999999     -0.0004625331639973966    
  0.109705     -0.00046255401676426056    
  0.10971     -0.0004625748694996115    
  0.109715     -0.0004625957222035293    
  0.10972     -0.000462616574875941    
  0.109725     -0.000462637427516701    
  0.10973     -0.00046265828012599305    
  0.109735     -0.00046267913270380684    
  0.10974     -0.00046269998525006253    
  0.109745     -0.00046272083776481565    
  0.10975     -0.0004627416902480176    
  0.10975499999999999     -0.00046276254269972394    
  0.10976     -0.0004627833951199867    
  0.109765     -0.00046280424750851437    
  0.10976999999999999     -0.00046282509986567133    
  0.109775     -0.0004628459521912598    
  0.10978     -0.0004628668044853526    
  0.109785     -0.0004628876567478596    
  0.10979     -0.0004629085089788605    
  0.109795     -0.0004629293611783068    
  0.1098     -0.00046295021334631994    
  0.109805     -0.0004629710654825703    
  0.10980999999999999     -0.0004629919175874776    
  0.109815     -0.00046301276966069504    
  0.10982     -0.00046303362170247234    
  0.10982499999999999     -0.00046305447371264297    
  0.10983     -0.0004630753256913006    
  0.109835     -0.00046309617763843486    
  0.10984     -0.00046311702955398673    
  0.109845     -0.0004631378814379493    
  0.10985     -0.0004631587332904058    
  0.109855     -0.0004631795851112938    
  0.10986     -0.00046320043690062374    
  0.10986499999999999     -0.0004632212886583921    
  0.10987     -0.0004632421403846544    
  0.109875     -0.00046326299207925803    
  0.10987999999999999     -0.00046328384374238335    
  0.109885     -0.00046330469537387425    
  0.10989     -0.0004633255469738348    
  0.10989499999999999     -0.00046334639854225465    
  0.1099     -0.0004633672500790678    
  0.109905     -0.0004633881015843472    
  0.10991     -0.0004634089530580407    
  0.109915     -0.0004634298045001137    
  0.10991999999999999     -0.00046345065591070836    
  0.109925     -0.0004634715072896374    
  0.10993     -0.0004634923586370604    
  0.10993499999999999     -0.00046351320995287673    
  0.10994     -0.00046353406123711416    
  0.109945     -0.0004635549124897276    
  0.10994999999999999     -0.00046357576371081413    
  0.109955     -0.00046359661490032525    
  0.10996     -0.00046361746605821236    
  0.109965     -0.0004636383171844824    
  0.10997     -0.0004636591682792013    
  0.109975     -0.00046368001934234473    
  0.10998     -0.0004637008703739093    
  0.109985     -0.0004637217213737978    
  0.10998999999999999     -0.0004637425723421733    
  0.109995     -0.00046376342327894907    
  0.11     -0.00046378427418407656   
