  0.10000500000000001     0.9927783906607588    
  0.10001     0.992778396917326    
  0.100015     0.9927784031742058    
  0.10002000000000001     0.9927784094313996    
  0.100025     0.992778415688907    
  0.10003000000000001     0.9927784219467282    
  0.100035     0.9927784282048635    
  0.10004     0.9927784344633117    
  0.10004500000000001     0.9927784407220741    
  0.10005     0.99277844698115    
  0.100055     0.9927784532405393    
  0.10006000000000001     0.9927784595002429    
  0.100065     0.9927784657602599    
  0.10007     0.9927784720205907    
  0.10007500000000001     0.9927784782812351    
  0.10008     0.9927784845421928    
  0.10008500000000001     0.9927784908034645    
  0.10009000000000001     0.9927784970650495    
  0.100095     0.9927785033269487    
  0.10010000000000001     0.9927785095891608    
  0.100105     0.9927785158516869    
  0.10011     0.9927785221145271    
  0.10011500000000001     0.9927785283776807    
  0.10012     0.9927785346411481    
  0.100125     0.9927785409049299    
  0.10013000000000001     0.9927785471690247    
  0.100135     0.9927785534334324    
  0.10014     0.9927785596981542    
  0.10014500000000001     0.99277856596319    
  0.10015     0.9927785722285393    
  0.10015500000000001     0.9927785784942026    
  0.10016     0.9927785847601791    
  0.100165     0.9927785910264695    
  0.10017000000000001     0.9927785972930737    
  0.100175     0.9927786035599913    
  0.10018     0.9927786098272224    
  0.10018500000000001     0.9927786160947671    
  0.10019     0.9927786223626267    
  0.100195     0.9927786286307982    
  0.10020000000000001     0.9927786348992846    
  0.100205     0.9927786411680841    
  0.10021000000000001     0.9927786474371981    
  0.100215     0.9927786537066245    
  0.10022     0.9927786599763655    
  0.10022500000000001     0.9927786662464197    
  0.10023     0.9927786725167881    
  0.100235     0.9927786787874702    
  0.10024000000000001     0.9927786850584656    
  0.100245     0.9927786913297743    
  0.10025     0.9927786976013974    
  0.10025500000000001     0.9927787038733338    
  0.10026     0.9927787101455839    
  0.100265     0.9927787164181472    
  0.10027000000000001     0.9927787226910247    
  0.100275     0.9927787289642163    
  0.10028000000000001     0.9927787352377216    
  0.100285     0.9927787415115394    
  0.10029     0.992778747785672    
  0.10029500000000001     0.9927787540601181    
  0.1003     0.9927787603348764    
  0.100305     0.9927787666099503    
  0.10031000000000001     0.992778772885337    
  0.100315     0.9927787791610376    
  0.10032     0.992778785437052    
  0.10032500000000001     0.9927787917133796    
  0.10033     0.9927787979900207    
  0.10033500000000001     0.9927788042669768    
  0.10034     0.9927788105442454    
  0.100345     0.9927788168218282    
  0.10035000000000001     0.9927788230997241    
  0.100355     0.9927788293779345    
  0.10036     0.9927788356564573    
  0.10036500000000001     0.9927788419352952    
  0.10037     0.9927788482144461    
  0.100375     0.9927788544939107    
  0.10038000000000001     0.9927788607736887    
  0.100385     0.9927788670537809    
  0.10039000000000001     0.9927788733341871    
  0.10039500000000001     0.9927788796149064    
  0.1004     0.9927788858959397    
  0.10040500000000001     0.9927788921772857    
  0.10041     0.9927788984589463    
  0.100415     0.9927789047409213    
  0.10042000000000001     0.9927789110232084    
  0.100425     0.9927789173058101    
  0.10043     0.992778923588725    
  0.10043500000000001     0.9927789298719535    
  0.10044     0.9927789361554955    
  0.100445     0.9927789424393523    
  0.10045000000000001     0.9927789487235221    
  0.100455     0.992778955008006    
  0.10046000000000001     0.9927789612928024    
  0.100465     0.9927789675779141    
  0.10047     0.9927789738633385    
  0.10047500000000001     0.9927789801490761    
  0.10048     0.9927789864351284    
  0.100485     0.9927789927214941    
  0.10049000000000001     0.9927789990081736    
  0.100495     0.9927790052951656    
  0.1005     0.9927790115824731    
  0.10050500000000001     0.9927790178700926    
  0.10051     0.992779024158027    
  0.10051500000000001     0.9927790304462738    
  0.10052000000000001     0.9927790367348358    
  0.100525     0.9927790430237108    
  0.10053000000000001     0.9927790493128993    
  0.100535     0.9927790556024023    
  0.10054     0.9927790618922181    
  0.10054500000000001     0.9927790681823483    
  0.10055     0.9927790744727912    
  0.100555     0.9927790807635484    
  0.10056000000000001     0.9927790870546195    
  0.100565     0.9927790933460034    
  0.10057     0.992779099637702    
  0.10057500000000001     0.9927791059297135    
  0.10058     0.9927791122220393    
  0.10058500000000001     0.9927791185146788    
  0.10059     0.9927791248076311    
  0.100595     0.992779131100898    
  0.10060000000000001     0.9927791373944782    
  0.100605     0.9927791436883722    
  0.10061     0.9927791499825804    
  0.10061500000000001     0.9927791562771007    
  0.10062     0.9927791625719358    
  0.100625     0.9927791688670844    
  0.10063000000000001     0.9927791751625473    
  0.100635     0.9927791814583229    
  0.10064000000000001     0.992779187754413    
  0.10064500000000001     0.9927791940508162    
  0.10065     0.9927792003475333    
  0.10065500000000001     0.9927792066445644    
  0.10066     0.9927792129419086    
  0.100665     0.9927792192395661    
  0.10067000000000001     0.992779225537539    
  0.100675     0.9927792318358234    
  0.10068     0.9927792381344231    
  0.10068500000000001     0.9927792444333363    
  0.10069     0.9927792507325619    
  0.100695     0.992779257032103    
  0.10070000000000001     0.9927792633319564    
  0.100705     0.9927792696321242    
  0.10071000000000001     0.9927792759326054    
  0.100715     0.9927792822334005    
  0.10072     0.9927792885345095    
  0.10072500000000001     0.9927792948359315    
  0.10073     0.992779301137668    
  0.100735     0.9927793074397175    
  0.10074000000000001     0.9927793137420813    
  0.100745     0.9927793200447577    
  0.10075     0.9927793263477485    
  0.10075500000000001     0.9927793326510531    
  0.10076     0.9927793389546715    
  0.10076500000000001     0.9927793452586027    
  0.10077     0.992779351562848    
  0.100775     0.9927793578674085    
  0.10078000000000001     0.9927793641722809    
  0.100785     0.9927793704774672    
  0.10079     0.9927793767829671    
  0.10079500000000001     0.9927793830887814    
  0.1008     0.992779389394909    
  0.100805     0.9927793957013509    
  0.10081000000000001     0.9927794020081062    
  0.100815     0.9927794083151749    
  0.10082     0.9927794146225568    
  0.10082500000000001     0.9927794209302525    
  0.10083     0.9927794272382626    
  0.10083500000000001     0.992779433546586    
  0.10084     0.9927794398552233    
  0.100845     0.9927794461641741    
  0.10085000000000001     0.9927794524734389    
  0.100855     0.9927794587830174    
  0.10086     0.9927794650929088    
  0.10086500000000001     0.9927794714031145    
  0.10087     0.9927794777136336    
  0.100875     0.9927794840244671    
  0.10088000000000001     0.9927794903356133    
  0.100885     0.9927794966470738    
  0.10089000000000001     0.9927795029588481    
  0.100895     0.9927795092709352    
  0.1009     0.992779515583337    
  0.10090500000000001     0.9927795218960519    
  0.10091     0.9927795282090812    
  0.100915     0.9927795345224234    
  0.10092000000000001     0.9927795408360791    
  0.100925     0.9927795471500491    
  0.10093     0.9927795534643327    
  0.10093500000000001     0.9927795597789307    
  0.10094     0.9927795660938413    
  0.10094500000000001     0.9927795724090664    
  0.10095000000000001     0.9927795787246043    
  0.100955     0.9927795850404566    
  0.10096000000000001     0.9927795913566222    
  0.100965     0.9927795976731013    
  0.10097     0.9927796039898954    
  0.10097500000000001     0.9927796103070017    
  0.10098     0.9927796166244224    
  0.100985     0.9927796229421559    
  0.10099000000000001     0.9927796292602038    
  0.100995     0.9927796355785659    
  0.101     0.9927796418972406    
  0.10100500000000001     0.9927796482162301    
  0.10101     0.9927796545355322    
  0.10101500000000001     0.9927796608551481    
  0.10102     0.9927796671750786    
  0.101025     0.9927796734953223    
  0.10103000000000001     0.99277967981588    
  0.101035     0.9927796861367508    
  0.10104     0.9927796924579355    
  0.10104500000000001     0.9927796987794342    
  0.10105     0.9927797051012464    
  0.101055     0.9927797114233731    
  0.10106000000000001     0.9927797177458122    
  0.101065     0.9927797240685658    
  0.10107000000000001     0.9927797303916329    
  0.101075     0.9927797367150129    
  0.10108     0.9927797430387075    
  0.10108500000000001     0.992779749362716    
  0.10109     0.9927797556870381    
  0.101095     0.9927797620116732    
  0.10110000000000001     0.992779768336622    
  0.101105     0.9927797746618845    
  0.10111     0.9927797809874606    
  0.10111500000000001     0.9927797873133516    
  0.10112     0.9927797936395554    
  0.101125     0.9927797999660734    
  0.10113000000000001     0.9927798062929051    
  0.101135     0.9927798126200498    
  0.10114000000000001     0.9927798189475079    
  0.101145     0.9927798252752801    
  0.10115     0.9927798316033662    
  0.10115500000000001     0.9927798379317665    
  0.10116     0.9927798442604795    
  0.101165     0.9927798505895074    
  0.10117000000000001     0.992779856918848    
  0.101175     0.9927798632485021    
  0.10118     0.9927798695784712    
  0.10118500000000001     0.9927798759087526    
  0.10119     0.992779882239349    
  0.10119500000000001     0.9927798885702577    
  0.1012     0.9927798949014812    
  0.101205     0.9927799012330181    
  0.10121000000000001     0.9927799075648684    
  0.101215     0.9927799138970328    
  0.10122     0.9927799202295101    
  0.10122500000000001     0.9927799265623016    
  0.10123     0.992779932895407    
  0.101235     0.9927799392288266    
  0.10124000000000001     0.9927799455625591    
  0.101245     0.9927799518966054    
  0.10125     0.9927799582309654    
  0.10125500000000001     0.9927799645656395    
  0.10126     0.9927799709006271    
  0.10126500000000001     0.9927799772359275    
  0.10127     0.9927799835715424    
  0.101275     0.9927799899074709    
  0.10128000000000001     0.9927799962437136    
  0.101285     0.9927800025802693    
  0.10129     0.9927800089171396    
  0.10129500000000001     0.9927800152543226    
  0.1013     0.9927800215918199    
  0.101305     0.9927800279296307    
  0.10131000000000001     0.9927800342677554    
  0.101315     0.9927800406061932    
  0.10132000000000001     0.9927800469449445    
  0.101325     0.9927800532840112    
  0.10133     0.99278005962339    
  0.10133500000000001     0.992780065963083    
  0.10134     0.9927800723030895    
  0.101345     0.99278007864341    
  0.10135000000000001     0.9927800849840437    
  0.101355     0.9927800913249911    
  0.10136     0.992780097666253    
  0.10136500000000001     0.9927801040078286    
  0.10137     0.9927801103497171    
  0.101375     0.9927801166919201    
  0.10138000000000001     0.9927801230344357    
  0.101385     0.9927801293772665    
  0.10139000000000001     0.99278013572041    
  0.101395     0.9927801420638669    
  0.1014     0.9927801484076383    
  0.10140500000000001     0.992780154751723    
  0.10141     0.9927801610961211    
  0.101415     0.9927801674408339    
  0.10142000000000001     0.9927801737858597    
  0.101425     0.9927801801311995    
  0.10143     0.9927801864768526    
  0.10143500000000001     0.9927801928228199    
  0.10144     0.9927801991691005    
  0.10144500000000001     0.992780205515695    
  0.10145     0.9927802118626026    
  0.101455     0.9927802182098251    
  0.10146000000000001     0.9927802245573598    
  0.101465     0.9927802309052092    
  0.10147     0.9927802372533727    
  0.10147500000000001     0.9927802436018489    
  0.10148     0.9927802499506393    
  0.101485     0.9927802562997441    
  0.10149000000000001     0.9927802626491611    
  0.101495     0.9927802689988932    
  0.1015     0.9927802753489382    
  0.10150500000000001     0.9927802816992968    
  0.10151     0.99278028804997    
  0.10151500000000001     0.9927802944009563    
  0.10152     0.9927803007522562    
  0.101525     0.9927803071038703    
  0.10153000000000001     0.9927803134557979    
  0.101535     0.9927803198080387    
  0.10154     0.9927803261605938    
  0.10154500000000001     0.9927803325134616    
  0.10155     0.9927803388666443    
  0.101555     0.99278034522014    
  0.10156000000000001     0.9927803515739495    
  0.101565     0.9927803579280728    
  0.10157000000000001     0.9927803642825108    
  0.101575     0.9927803706372609    
  0.10158     0.9927803769923256    
  0.10158500000000001     0.992780383347704    
  0.10159     0.9927803897033958    
  0.101595     0.9927803960594018    
  0.10160000000000001     0.992780402415721    
  0.101605     0.9927804087723534    
  0.10161     0.9927804151293009    
  0.10161500000000001     0.992780421486561    
  0.10162     0.992780427844135    
  0.10162500000000001     0.9927804342020231    
  0.10163     0.9927804405602247    
  0.101635     0.9927804469187398    
  0.10164000000000001     0.99278045327757    
  0.101645     0.9927804596367121    
  0.10165     0.9927804659961681    
  0.10165500000000001     0.9927804723559381    
  0.10166     0.9927804787160219    
  0.101665     0.9927804850764197    
  0.10167000000000001     0.9927804914371312    
  0.101675     0.9927804977981557    
  0.10168     0.9927805041594946    
  0.10168500000000001     0.9927805105211471    
  0.10169     0.992780516883113    
  0.10169500000000001     0.992780523245393    
  0.1017     0.9927805296079864    
  0.101705     0.9927805359708934    
  0.10171000000000001     0.992780542334115    
  0.101715     0.9927805486976495    
  0.10172     0.9927805550614981    
  0.10172500000000001     0.99278056142566    
  0.10173     0.9927805677901356    
  0.101735     0.9927805741549254    
  0.10174000000000001     0.9927805805200279    
  0.101745     0.992780586885446    
  0.10175000000000001     0.9927805932511762    
  0.101755     0.9927805996172202    
  0.10176     0.9927806059835784    
  0.10176500000000001     0.9927806123502505    
  0.10177     0.9927806187172354    
  0.101775     0.9927806250845344    
  0.10178000000000001     0.9927806314521475    
  0.101785     0.9927806378200743    
  0.10179     0.9927806441883151    
  0.10179500000000001     0.9927806505568686    
  0.1018     0.9927806569257362    
  0.101805     0.9927806632949189    
  0.10181000000000001     0.992780669664413    
  0.101815     0.9927806760342222    
  0.10182000000000001     0.9927806824043447    
  0.101825     0.9927806887747805    
  0.10183     0.9927806951455316    
  0.10183500000000001     0.9927807015165945    
  0.10184     0.9927807078879729    
  0.101845     0.9927807142596641    
  0.10185000000000001     0.9927807206316686    
  0.101855     0.9927807270039876    
  0.10186     0.9927807333766198    
  0.10186500000000001     0.9927807397495658    
  0.10187     0.9927807461228251    
  0.10187500000000001     0.9927807524963994    
  0.10188     0.9927807588702864    
  0.101885     0.9927807652444871    
  0.10189000000000001     0.9927807716190022    
  0.101895     0.9927807779938304    
  0.1019     0.9927807843689724    
  0.10190500000000001     0.9927807907444279    
  0.10191     0.9927807971201974    
  0.101915     0.992780803496281    
  0.10192000000000001     0.9927808098726782    
  0.101925     0.992780816249389    
  0.10193     0.992780822626413    
  0.101935     0.9927808290037505    
  0.10194     0.9927808353814033    
  0.10194500000000001     0.9927808417593682    
  0.10195     0.9927808481376472    
  0.101955     0.9927808545162409    
  0.10196000000000001     0.9927808608951472    
  0.101965     0.992780867274367    
  0.10197     0.9927808736539019    
  0.10197500000000001     0.9927808800337493    
  0.10198     0.9927808864139109    
  0.101985     0.9927808927943863    
  0.10199000000000001     0.9927808991751746    
  0.101995     0.9927809055562782    
  0.10200000000000001     0.992780911937694    
  0.102005     0.9927809183194245    
  0.10201     0.9927809247014685    
  0.10201500000000001     0.992780931083826    
  0.10202     0.9927809374664971    
  0.102025     0.9927809438494821    
  0.10203000000000001     0.9927809502327806    
  0.102035     0.9927809566163932    
  0.10204     0.9927809630003196    
  0.10204500000000001     0.9927809693845593    
  0.10205     0.9927809757691135    
  0.102055     0.9927809821539801    
  0.10206000000000001     0.9927809885391612    
  0.102065     0.9927809949246562    
  0.10207000000000001     0.9927810013104644    
  0.102075     0.9927810076965868    
  0.10208     0.9927810140830231    
  0.10208500000000001     0.9927810204697722    
  0.10209     0.9927810268568364    
  0.102095     0.9927810332442127    
  0.10210000000000001     0.9927810396319041    
  0.102105     0.992781046019908    
  0.10211     0.9927810524082268    
  0.10211500000000001     0.9927810587968585    
  0.10212     0.9927810651858039    
  0.10212500000000001     0.9927810715750645    
  0.10213     0.9927810779646369    
  0.102135     0.9927810843545237    
  0.10214000000000001     0.9927810907447241    
  0.102145     0.9927810971352384    
  0.10215     0.9927811035260663    
  0.10215500000000001     0.9927811099172086    
  0.10216     0.9927811163086637    
  0.102165     0.9927811227004335    
  0.10217000000000001     0.9927811290925157    
  0.102175     0.9927811354849132    
  0.10218     0.992781141877623    
  0.102185     0.992781148270647    
  0.10219     0.9927811546639855    
  0.10219500000000001     0.9927811610576367    
  0.1022     0.9927811674516019    
  0.102205     0.9927811738458812    
  0.10221000000000001     0.9927811802404736    
  0.102215     0.9927811866353806    
  0.10222     0.9927811930306005    
  0.10222500000000001     0.9927811994261342    
  0.10223     0.9927812058219818    
  0.102235     0.9927812122181429    
  0.10224     0.9927812186146189    
  0.102245     0.9927812250114074    
  0.10225000000000001     0.9927812314085093    
  0.102255     0.9927812378059258    
  0.10226     0.9927812442036563    
  0.10226500000000001     0.9927812506017    
  0.10227     0.9927812570000565    
  0.102275     0.9927812633987281    
  0.10228000000000001     0.9927812697977132    
  0.102285     0.992781276197011    
  0.10229     0.9927812825966242    
  0.10229500000000001     0.9927812889965497    
  0.1023     0.9927812953967892    
  0.10230500000000001     0.9927813017973437    
  0.10231     0.99278130819821    
  0.102315     0.9927813145993916    
  0.10232000000000001     0.9927813210008865    
  0.102325     0.9927813274026945    
  0.10233     0.9927813338048165    
  0.10233500000000001     0.9927813402072523    
  0.10234     0.9927813466100022    
  0.102345     0.9927813530130658    
  0.10235000000000001     0.9927813594164423    
  0.102355     0.992781365820133    
  0.10236     0.9927813722241379    
  0.10236500000000001     0.9927813786284561    
  0.10237     0.9927813850330878    
  0.10237500000000001     0.9927813914380332    
  0.10238     0.9927813978432931    
  0.102385     0.9927814042488664    
  0.10239000000000001     0.992781410654753    
  0.102395     0.9927814170609538    
  0.1024     0.9927814234674683    
  0.10240500000000001     0.9927814298742962    
  0.10241     0.9927814362814376    
  0.102415     0.9927814426888935    
  0.10242000000000001     0.9927814490966624    
  0.102425     0.9927814555047458    
  0.10243000000000001     0.9927814619131416    
  0.102435     0.9927814683218525    
  0.10244     0.9927814747308764    
  0.10244500000000001     0.992781481140215    
  0.10245     0.9927814875498664    
  0.102455     0.9927814939598318    
  0.10246000000000001     0.9927815003701108    
  0.102465     0.9927815067807038    
  0.10247     0.9927815131916099    
  0.10247500000000001     0.9927815196028303    
  0.10248     0.9927815260143644    
  0.102485     0.9927815324262125    
  0.10249     0.992781538838374    
  0.102495     0.9927815452508493    
  0.10250000000000001     0.9927815516636378    
  0.102505     0.9927815580767411    
  0.10251     0.9927815644901573    
  0.10251500000000001     0.992781570903887    
  0.10252     0.9927815773179316    
  0.102525     0.9927815837322886    
  0.10253000000000001     0.9927815901469599    
  0.102535     0.992781596561945    
  0.10254     0.992781602977244    
  0.10254500000000001     0.9927816093928564    
  0.10255     0.992781615808782    
  0.10255500000000001     0.9927816222250223    
  0.10256     0.992781628641577    
  0.102565     0.9927816350584442    
  0.10257     0.9927816414756256    
  0.102575     0.9927816478931197    
  0.10258     0.9927816543109287    
  0.102585     0.9927816607290509    
  0.10259     0.9927816671474866    
  0.10259499999999999     0.9927816735662367    
  0.1026     0.9927816799853006    
  0.102605     0.9927816864046783    
  0.10260999999999999     0.9927816928243687    
  0.102615     0.992781699244373    
  0.10262     0.9927817056646926    
  0.102625     0.9927817120853253    
  0.10263     0.9927817185062715    
  0.102635     0.9927817249275299    
  0.10264     0.9927817313491041    
  0.102645     0.9927817377709908    
  0.10265     0.9927817441931917    
  0.102655     0.9927817506157066    
  0.10266     0.9927817570385356    
  0.10266499999999999     0.9927817634616772    
  0.10267     0.9927817698851327    
  0.102675     0.9927817763089026    
  0.10268     0.9927817827329869    
  0.102685     0.9927817891573829    
  0.10269     0.9927817955820941    
  0.102695     0.9927818020071187    
  0.1027     0.9927818084324563    
  0.102705     0.9927818148581089    
  0.10271     0.9927818212840744    
  0.102715     0.9927818277103543    
  0.10271999999999999     0.9927818341369472    
  0.102725     0.9927818405638548    
  0.10273     0.9927818469910754    
  0.10273499999999999     0.9927818534186106    
  0.10274     0.992781859846458    
  0.102745     0.9927818662746202    
  0.10275     0.9927818727030957    
  0.102755     0.9927818791318853    
  0.10276     0.992781885560988    
  0.102765     0.992781891990405    
  0.10277     0.9927818984201361    
  0.102775     0.9927819048501803    
  0.10278     0.992781911280538    
  0.102785     0.9927819177112104    
  0.10278999999999999     0.9927819241421956    
  0.102795     0.9927819305734953    
  0.1028     0.9927819370051085    
  0.102805     0.9927819434370349    
  0.10281     0.9927819498692759    
  0.102815     0.9927819563018306    
  0.10282     0.9927819627346981    
  0.102825     0.9927819691678796    
  0.10283     0.992781975601375    
  0.102835     0.9927819820351842    
  0.10284     0.9927819884693068    
  0.10284499999999999     0.9927819949037442    
  0.10285     0.9927820013384949    
  0.102855     0.9927820077735584    
  0.10286     0.992782014208937    
  0.102865     0.9927820206446283    
  0.10287     0.992782027080634    
  0.102875     0.9927820335169527    
  0.10288     0.9927820399535867    
  0.102885     0.9927820463905327    
  0.10289     0.9927820528277932    
  0.102895     0.9927820592653676    
  0.10289999999999999     0.9927820657032552    
  0.102905     0.992782072141457    
  0.10291     0.992782078579973    
  0.10291499999999999     0.992782085018801    
  0.10292     0.9927820914579448    
  0.102925     0.9927820978974004    
  0.10293     0.9927821043371716    
  0.102935     0.9927821107772552    
  0.10294     0.9927821172176526    
  0.102945     0.9927821236583652    
  0.10295     0.9927821300993904    
  0.102955     0.9927821365407296    
  0.10296     0.9927821429823818    
  0.102965     0.9927821494243492    
  0.10296999999999999     0.9927821558666287    
  0.102975     0.992782162309223    
  0.10298     0.9927821687521303    
  0.102985     0.992782175195352    
  0.10299     0.9927821816388871    
  0.102995     0.9927821880827368    
  0.103     0.9927821945268986    
  0.103005     0.9927822009713758    
  0.10301     0.9927822074161667    
  0.103015     0.9927822138612699    
  0.10302     0.9927822203066874    
  0.10302499999999999     0.9927822267524193    
  0.10303     0.992782233198464    
  0.103035     0.9927822396448226    
  0.10303999999999999     0.9927822460914955    
  0.103045     0.9927822525384828    
  0.10305     0.9927822589857831    
  0.103055     0.9927822654333969    
  0.10306     0.9927822718813246    
  0.103065     0.9927822783295663    
  0.10307     0.9927822847781209    
  0.103075     0.9927822912269901    
  0.10308     0.9927822976761733    
  0.103085     0.9927823041256685    
  0.10309     0.9927823105754794    
  0.10309499999999999     0.9927823170256036    
  0.1031     0.9927823234760411    
  0.103105     0.9927823299267925    
  0.10311     0.9927823363778574    
  0.103115     0.9927823428292366    
  0.10312     0.9927823492809289    
  0.103125     0.9927823557329358    
  0.10313     0.9927823621852561    
  0.103135     0.9927823686378898    
  0.10314     0.9927823750908377    
  0.103145     0.9927823815440988    
  0.10314999999999999     0.9927823879976736    
  0.103155     0.9927823944515632    
  0.10316     0.9927824009057655    
  0.10316499999999999     0.9927824073602822    
  0.10317     0.992782413815112    
  0.103175     0.992782420270256    
  0.10318     0.992782426725714    
  0.103185     0.9927824331814854    
  0.10319     0.9927824396375702    
  0.103195     0.9927824460939692    
  0.1032     0.9927824525506816    
  0.10320499999999999     0.9927824590077081    
  0.10321     0.9927824654650486    
  0.103215     0.9927824719227023    
  0.10321999999999999     0.9927824783806694    
  0.103225     0.992782484838951    
  0.10323     0.9927824912975465    
  0.103235     0.9927824977564556    
  0.10324     0.9927825042156777    
  0.103245     0.9927825106752146    
  0.10325     0.9927825171350648    
  0.103255     0.9927825235952288    
  0.10326     0.9927825300557064    
  0.103265     0.9927825365164974    
  0.10327     0.9927825429776025    
  0.10327499999999999     0.9927825494390218    
  0.10328     0.9927825559007541    
  0.103285     0.9927825623628006    
  0.10328999999999999     0.9927825688251612    
  0.103295     0.992782575287835    
  0.1033     0.9927825817508227    
  0.103305     0.992782588214124    
  0.10331     0.9927825946777393    
  0.103315     0.9927826011416678    
  0.10332     0.9927826076059107    
  0.103325     0.992782614070467    
  0.10332999999999999     0.9927826205353371    
  0.103335     0.9927826270005216    
  0.10334     0.9927826334660194    
  0.10334499999999999     0.9927826399318307    
  0.10335     0.9927826463979557    
  0.103355     0.992782652864395    
  0.10336     0.9927826593311472    
  0.103365     0.9927826657982137    
  0.10337     0.9927826722655938    
  0.103375     0.9927826787332881    
  0.10338     0.9927826852012961    
  0.103385     0.9927826916696177    
  0.10339     0.9927826981382528    
  0.103395     0.9927827046072015    
  0.10339999999999999     0.9927827110764641    
  0.103405     0.9927827175460403    
  0.10341     0.9927827240159314    
  0.10341499999999999     0.9927827304861356    
  0.10342     0.9927827369566529    
  0.103425     0.992782743427484    
  0.10343     0.9927827498986301    
  0.103435     0.9927827563700886    
  0.10344     0.9927827628418617    
  0.103445     0.9927827693139478    
  0.10345     0.9927827757863481    
  0.10345499999999999     0.9927827822590627    
  0.10346     0.992782788732091    
  0.103465     0.992782795205432    
  0.10346999999999999     0.9927828016790865    
  0.103475     0.9927828081530568    
  0.10348     0.99278281462734    
  0.103485     0.9927828211019363    
  0.10349     0.992782827576846    
  0.103495     0.9927828340520704    
  0.1035     0.9927828405276082    
  0.103505     0.9927828470034603    
  0.10351     0.9927828534796254    
  0.103515     0.9927828599561048    
  0.10352     0.9927828664328981    
  0.10352499999999999     0.9927828729100047    
  0.10353     0.992782879387425    
  0.103535     0.9927828858651592    
  0.10354     0.9927828923432072    
  0.103545     0.9927828988215691    
  0.10355     0.9927829053002442    
  0.103555     0.9927829117792335    
  0.10356     0.9927829182585367    
  0.103565     0.9927829247381521    
  0.10357     0.9927829312180834    
  0.103575     0.9927829376983285    
  0.10357999999999999     0.992782944178886    
  0.103585     0.9927829506597581    
  0.10359     0.9927829571409439    
  0.10359499999999999     0.9927829636224424    
  0.1036     0.992782970104256    
  0.103605     0.9927829765863825    
  0.10361     0.9927829830688228    
  0.103615     0.9927829895515774    
  0.10362     0.9927829960346457    
  0.103625     0.9927830025180271    
  0.10363     0.9927830090017229    
  0.103635     0.9927830154857331    
  0.10364     0.9927830219700555    
  0.103645     0.9927830284546926    
  0.10364999999999999     0.9927830349396429    
  0.103655     0.9927830414249079    
  0.10366     0.992783047910486    
  0.103665     0.9927830543963777    
  0.10367     0.9927830608825841    
  0.103675     0.9927830673691034    
  0.10368     0.9927830738559362    
  0.103685     0.9927830803430836    
  0.10369     0.9927830868305438    
  0.103695     0.9927830933183188    
  0.1037     0.9927830998064069    
  0.10370499999999999     0.9927831062948091    
  0.10371     0.9927831127835249    
  0.103715     0.992783119272554    
  0.10371999999999999     0.9927831257618978    
  0.103725     0.992783132251555    
  0.10373     0.9927831387415255    
  0.103735     0.992783145231811    
  0.10374     0.9927831517224094    
  0.103745     0.9927831582133214    
  0.10375     0.9927831647045475    
  0.103755     0.992783171196087    
  0.10375999999999999     0.9927831776879406    
  0.103765     0.9927831841801071    
  0.10377     0.9927831906725888    
  0.10377499999999999     0.9927831971653828    
  0.10378     0.9927832036584923    
  0.103785     0.9927832101519138    
  0.10379     0.9927832166456507    
  0.103795     0.9927832231397005    
  0.1038     0.9927832296340635    
  0.103805     0.9927832361287414    
  0.10381     0.9927832426237324    
  0.103815     0.9927832491190375    
  0.10382     0.9927832556146561    
  0.103825     0.992783262110588    
  0.10382999999999999     0.9927832686068343    
  0.103835     0.992783275103394    
  0.10384     0.9927832816002683    
  0.10384499999999999     0.9927832880974554    
  0.10385     0.9927832945949568    
  0.103855     0.9927833010927722    
  0.10386     0.9927833075909004    
  0.103865     0.9927833140893433    
  0.10387     0.9927833205880996    
  0.103875     0.9927833270871699    
  0.10388     0.9927833335865541    
  0.10388499999999999     0.9927833400862509    
  0.10389     0.9927833465862628    
  0.103895     0.9927833530865877    
  0.10389999999999999     0.9927833595872273    
  0.103905     0.9927833660881795    
  0.10391     0.9927833725894466    
  0.103915     0.9927833790910265    
  0.10392     0.9927833855929207    
  0.103925     0.9927833920951277    
  0.10393     0.9927833985976495    
  0.103935     0.9927834051004846    
  0.10394     0.9927834116036347    
  0.103945     0.9927834181070964    
  0.10395     0.9927834246108729    
  0.10395499999999999     0.9927834311149645    
  0.10396     0.9927834376193684    
  0.103965     0.992783444124086    
  0.10396999999999999     0.9927834506291175    
  0.103975     0.992783457134463    
  0.10398     0.992783463640122    
  0.103985     0.9927834701460957    
  0.10399     0.9927834766523824    
  0.103995     0.9927834831589826    
  0.104     0.9927834896658969    
  0.104005     0.992783496173125    
  0.10400999999999999     0.992783502680667    
  0.104015     0.9927835091885223    
  0.10402     0.9927835156966933    
  0.10402499999999999     0.9927835222051753    
  0.10403     0.9927835287139722    
  0.104035     0.992783535223083    
  0.10404     0.9927835417325079    
  0.104045     0.9927835482422456    
  0.10405     0.9927835547522976    
  0.104055     0.9927835612626639    
  0.10406     0.9927835677733432    
  0.10406499999999999     0.9927835742843366    
  0.10407     0.9927835807956435    
  0.104075     0.992783587307265    
  0.10407999999999999     0.9927835938191999    
  0.104085     0.9927836003314476    
  0.10409     0.9927836068440108    
  0.104095     0.9927836133568865    
  0.1041     0.9927836198700757    
  0.104105     0.9927836263835791    
  0.10411     0.992783632897396    
  0.104115     0.9927836394115281    
  0.10412     0.9927836459259727    
  0.104125     0.9927836524407312    
  0.10413     0.9927836589558043    
  0.10413499999999999     0.9927836654711906    
  0.10414     0.9927836719868904    
  0.104145     0.9927836785029047    
  0.10414999999999999     0.9927836850192313    
  0.104155     0.992783691535873    
  0.10416     0.9927836980528282    
  0.104165     0.9927837045700961    
  0.10417     0.992783711087679    
  0.104175     0.9927837176055752    
  0.10418     0.9927837241237863    
  0.104185     0.9927837306423102    
  0.10418999999999999     0.9927837371611477    
  0.104195     0.9927837436802991    
  0.1042     0.9927837501997638    
  0.10420499999999999     0.9927837567195433    
  0.10421     0.9927837632396358    
  0.104215     0.9927837697600432    
  0.10422     0.9927837762807631    
  0.104225     0.9927837828017971    
  0.10423     0.9927837893231456    
  0.104235     0.9927837958448069    
  0.10424     0.9927838023667823    
  0.104245     0.9927838088890711    
  0.10425     0.992783815411675    
  0.104255     0.992783821934592    
  0.10425999999999999     0.9927838284578219    
  0.104265     0.9927838349813666    
  0.10427     0.9927838415052248    
  0.10427499999999999     0.9927838480293968    
  0.10428     0.9927838545538827    
  0.104285     0.9927838610786823    
  0.10429     0.9927838676037954    
  0.104295     0.9927838741292223    
  0.1043     0.9927838806549631    
  0.104305     0.9927838871810177    
  0.10431     0.9927838937073862    
  0.10431499999999999     0.9927839002340685    
  0.10432     0.9927839067610644    
  0.104325     0.992783913288374    
  0.10432999999999999     0.9927839198159971    
  0.104335     0.9927839263439342    
  0.10434     0.9927839328721861    
  0.104345     0.9927839394007509    
  0.10435     0.9927839459296297    
  0.104355     0.992783952458822    
  0.10436     0.9927839589883282    
  0.104365     0.9927839655181481    
  0.10437     0.9927839720482812    
  0.104375     0.9927839785787294    
  0.10438     0.99278398510949    
  0.10438499999999999     0.9927839916405653    
  0.10439     0.9927839981719547    
  0.104395     0.9927840047036571    
  0.10439999999999999     0.9927840112356741    
  0.104405     0.9927840177680036    
  0.10441     0.992784024300648    
  0.104415     0.9927840308336056    
  0.10442     0.992784037366877    
  0.104425     0.9927840439004626    
  0.10443     0.9927840504343617    
  0.104435     0.9927840569685751    
  0.10443999999999999     0.9927840635031011    
  0.104445     0.9927840700379416    
  0.10445     0.9927840765730958    
  0.10445499999999999     0.9927840831085639    
  0.10446     0.9927840896443461    
  0.104465     0.9927840961804422    
  0.10447     0.9927841027168507    
  0.104475     0.9927841092535741    
  0.10448     0.9927841157906114    
  0.104485     0.9927841223279619    
  0.10449     0.9927841288656267    
  0.104495     0.9927841354036047    
  0.1045     0.992784141941897    
  0.104505     0.9927841484805029    
  0.10450999999999999     0.9927841550194234    
  0.104515     0.9927841615586563    
  0.10452     0.9927841680982027    
  0.10452499999999999     0.9927841746380639    
  0.10453     0.9927841811782387    
  0.104535     0.9927841877187271    
  0.10454     0.9927841942595301    
  0.104545     0.9927842008006456    
  0.10455     0.9927842073420755    
  0.104555     0.9927842138838199    
  0.10456     0.9927842204258772    
  0.10456499999999999     0.992784226968249    
  0.10457     0.9927842335109338    
  0.104575     0.9927842400539326    
  0.10457999999999999     0.9927842465972454    
  0.104585     0.9927842531408715    
  0.10459     0.9927842596848118    
  0.104595     0.9927842662290663    
  0.1046     0.9927842727736336    
  0.104605     0.9927842793185153    
  0.10461     0.9927842858637104    
  0.104615     0.9927842924092196    
  0.10461999999999999     0.9927842989550427    
  0.104625     0.9927843055011798    
  0.10463     0.99278431204763    
  0.10463499999999999     0.9927843185943943    
  0.10464     0.9927843251414719    
  0.104645     0.9927843316888644    
  0.10464999999999999     0.9927843382365696    
  0.104655     0.9927843447845891    
  0.10466     0.9927843513329229    
  0.104665     0.9927843578815707    
  0.10467     0.9927843644305305    
  0.104675     0.9927843709798059    
  0.10468     0.9927843775293936    
  0.104685     0.9927843840792965    
  0.10468999999999999     0.9927843906295116    
  0.104695     0.9927843971800422    
  0.1047     0.9927844037308855    
  0.10470499999999999     0.9927844102820428    
  0.10471     0.9927844168335136    
  0.104715     0.9927844233852987    
  0.10472     0.9927844299373971    
  0.104725     0.9927844364898103    
  0.10473     0.9927844430425361    
  0.104735     0.9927844495955764    
  0.10474     0.9927844561489303    
  0.10474499999999999     0.9927844627025979    
  0.10475     0.9927844692565797    
  0.104755     0.9927844758108748    
  0.10475999999999999     0.9927844823654836    
  0.104765     0.9927844889204066    
  0.10477     0.9927844954756432    
  0.104775     0.9927845020311943    
  0.10478     0.9927845085870576    
  0.104785     0.9927845151432362    
  0.10479     0.9927845216997282    
  0.104795     0.9927845282565335    
  0.1048     0.992784534813653    
  0.104805     0.9927845413710862    
  0.10481     0.9927845479288333    
  0.10481499999999999     0.992784554486894    
  0.10482     0.992784561045269    
  0.104825     0.9927845676039566    
  0.10482999999999999     0.9927845741629584    
  0.104835     0.9927845807222748    
  0.10484     0.992784587281905    
  0.104845     0.992784593841848    
  0.10485     0.9927846004021051    
  0.104855     0.9927846069626767    
  0.10486     0.9927846135235618    
  0.104865     0.9927846200847599    
  0.10486999999999999     0.992784626646273    
  0.104875     0.9927846332080994    
  0.10488     0.992784639770239    
  0.10488499999999999     0.9927846463326929    
  0.10489     0.9927846528954605    
  0.104895     0.9927846594585421    
  0.1049     0.9927846660219373    
  0.104905     0.9927846725856468    
  0.10491     0.9927846791496686    
  0.104915     0.9927846857140061    
  0.10492     0.9927846922786561    
  0.10492499999999999     0.9927846988436203    
  0.10493     0.9927847054088985    
  0.104935     0.9927847119744906    
  0.10493999999999999     0.9927847185403966    
  0.104945     0.9927847251066161    
  0.10495     0.9927847316731491    
  0.10495499999999999     0.9927847382399959    
  0.10496     0.9927847448071572    
  0.104965     0.9927847513746313    
  0.10497     0.9927847579424198    
  0.104975     0.9927847645105219    
  0.10498     0.9927847710789386    
  0.104985     0.9927847776476675    
  0.10499     0.9927847842167113    
  0.10499499999999999     0.9927847907860685    
  0.105     0.9927847973557405    
  0.105005     0.9927848039257244    
  0.10500999999999999     0.9927848104960235    
  0.105015     0.9927848170666359    
  0.10502     0.9927848236375625    
  0.105025     0.9927848302088023    
  0.10503     0.9927848367803567    
  0.105035     0.9927848433522246    
  0.10504     0.992784849924406    
  0.105045     0.9927848564969013    
  0.10504999999999999     0.9927848630697105    
  0.105055     0.9927848696428336    
  0.10506     0.9927848762162704    
  0.10506499999999999     0.992784882790021    
  0.10507     0.9927848893640847    
  0.105075     0.9927848959384642    
  0.10507999999999999     0.9927849025131558    
  0.105085     0.9927849090881619    
  0.10509     0.9927849156634805    
  0.105095     0.9927849222391141    
  0.1051     0.992784928815061    
  0.105105     0.9927849353913223    
  0.10511     0.9927849419678971    
  0.105115     0.9927849485447858    
  0.10512     0.9927849551219885    
  0.10512500000000001     0.9927849616995045    
  0.10513     0.9927849682773344    
  0.105135     0.9927849748554771    
  0.10514000000000001     0.9927849814339358    
  0.105145     0.9927849880127071    
  0.10515000000000001     0.9927849945917917    
  0.105155     0.9927850011711916    
  0.10516     0.9927850077509046    
  0.10516500000000001     0.9927850143309305    
  0.10517     0.9927850209112707    
  0.105175     0.9927850274919244    
  0.10518000000000001     0.9927850340728928    
  0.105185     0.9927850406541749    
  0.10519     0.9927850472357704    
  0.10519500000000001     0.9927850538176805    
  0.1052     0.9927850603999024    
  0.105205     0.9927850669824405    
  0.10521000000000001     0.9927850735652908    
  0.105215     0.9927850801484557    
  0.10522000000000001     0.9927850867319341    
  0.105225     0.9927850933157254    
  0.10523     0.9927850998998318    
  0.10523500000000001     0.9927851064842513    
  0.10524     0.9927851130689858    
  0.105245     0.9927851196540329    
  0.10525000000000001     0.9927851262393939    
  0.105255     0.9927851328250693    
  0.10526     0.9927851394110582    
  0.10526500000000001     0.9927851459973602    
  0.10527     0.9927851525839769    
  0.10527500000000001     0.9927851591709067    
  0.10528     0.9927851657581517    
  0.105285     0.9927851723457095    
  0.10529000000000001     0.9927851789335811    
  0.105295     0.9927851855217666    
  0.1053     0.9927851921102662    
  0.10530500000000001     0.9927851986990792    
  0.10531     0.9927852052882055    
  0.105315     0.9927852118776462    
  0.10532000000000001     0.9927852184674008    
  0.105325     0.9927852250574696    
  0.10533000000000001     0.992785231647851    
  0.10533500000000001     0.992785238238547    
  0.10534     0.9927852448295567    
  0.10534500000000001     0.9927852514208801    
  0.10535     0.9927852580125173    
  0.105355     0.9927852646044681    
  0.10536000000000001     0.9927852711967341    
  0.105365     0.9927852777893127    
  0.10537     0.992785284382206    
  0.10537500000000001     0.9927852909754115    
  0.10538     0.9927852975689322    
  0.105385     0.9927853041627657    
  0.10539000000000001     0.9927853107569138    
  0.105395     0.9927853173513745    
  0.10540000000000001     0.9927853239461502    
  0.105405     0.9927853305412405    
  0.10541     0.9927853371366429    
  0.10541500000000001     0.9927853437323595    
  0.10542     0.9927853503283901    
  0.105425     0.9927853569247345    
  0.10543000000000001     0.9927853635213926    
  0.105435     0.9927853701183658    
  0.10544     0.992785376715651    
  0.10544500000000001     0.992785383313251    
  0.10545     0.9927853899111642    
  0.10545500000000001     0.9927853965093913    
  0.10546     0.9927854031079328    
  0.105465     0.9927854097067881    
  0.10547000000000001     0.9927854163059567    
  0.105475     0.9927854229054389    
  0.10548     0.9927854295052362    
  0.10548500000000001     0.9927854361053456    
  0.10549     0.9927854427057694    
  0.105495     0.9927854493065068    
  0.10550000000000001     0.992785455907559    
  0.105505     0.9927854625089245    
  0.10551     0.992785469110604    
  0.10551500000000001     0.9927854757125965    
  0.10552     0.9927854823149045    
  0.10552500000000001     0.9927854889175245    
  0.10553     0.9927854955204586    
  0.105535     0.9927855021237074    
  0.10554000000000001     0.9927855087272688    
  0.105545     0.9927855153311451    
  0.10555     0.9927855219353345    
  0.10555500000000001     0.9927855285398375    
  0.10556     0.9927855351446557    
  0.105565     0.9927855417497867    
  0.10557000000000001     0.9927855483552319    
  0.105575     0.9927855549609901    
  0.10558000000000001     0.9927855615670627    
  0.105585     0.9927855681734499    
  0.10559     0.9927855747801495    
  0.10559500000000001     0.9927855813871634    
  0.1056     0.9927855879944918    
  0.105605     0.9927855946021332    
  0.10561000000000001     0.9927856012100882    
  0.105615     0.9927856078183579    
  0.10562     0.9927856144269416    
  0.10562500000000001     0.9927856210358376    
  0.10563     0.992785627645049    
  0.105635     0.9927856342545731    
  0.10564000000000001     0.9927856408644119    
  0.105645     0.9927856474745644    
  0.10565000000000001     0.9927856540850295    
  0.105655     0.9927856606958091    
  0.10566     0.9927856673069033    
  0.10566500000000001     0.9927856739183112    
  0.10567     0.9927856805300317    
  0.105675     0.9927856871420673    
  0.10568000000000001     0.9927856937544155    
  0.105685     0.9927857003670779    
  0.10569     0.9927857069800551    
  0.10569500000000001     0.9927857135933453    
  0.1057     0.9927857202069494    
  0.10570500000000001     0.9927857268208684    
  0.10571     0.9927857334350991    
  0.105715     0.9927857400496451    
  0.10572000000000001     0.9927857466645043    
  0.105725     0.9927857532796777    
  0.10573     0.9927857598951649    
  0.10573500000000001     0.9927857665109657    
  0.10574     0.9927857731270799    
  0.105745     0.9927857797435089    
  0.10575000000000001     0.9927857863602512    
  0.105755     0.9927857929773081    
  0.10576     0.9927857995946772    
  0.105765     0.9927858062123611    
  0.10577     0.9927858128303588    
  0.10577500000000001     0.9927858194486707    
  0.10578     0.9927858260672959    
  0.105785     0.9927858326862344    
  0.10579000000000001     0.9927858393054876    
  0.105795     0.9927858459250545    
  0.1058     0.9927858525449343    
  0.10580500000000001     0.9927858591651291    
  0.10581     0.9927858657856372    
  0.105815     0.9927858724064589    
  0.10582000000000001     0.992785879027594    
  0.105825     0.9927858856490444    
  0.10583000000000001     0.9927858922708079    
  0.105835     0.9927858988928849    
  0.10584     0.9927859055152763    
  0.10584500000000001     0.9927859121379808    
  0.10585     0.9927859187609995    
  0.105855     0.9927859253843319    
  0.10586000000000001     0.9927859320079779    
  0.105865     0.9927859386319386    
  0.10587     0.9927859452562127    
  0.10587500000000001     0.9927859518808007    
  0.10588     0.9927859585057022    
  0.105885     0.9927859651309172    
  0.10589     0.9927859717564466    
  0.105895     0.99278597838229    
  0.10590000000000001     0.9927859850084471    
  0.105905     0.9927859916349175    
  0.10591     0.9927859982617023    
  0.10591500000000001     0.9927860048888002    
  0.10592     0.9927860115162124    
  0.105925     0.9927860181439385    
  0.10593000000000001     0.9927860247719777    
  0.105935     0.9927860314003321    
  0.10594     0.992786038028999    
  0.10594500000000001     0.9927860446579808    
  0.10595     0.9927860512872753    
  0.10595500000000001     0.992786057916885    
  0.10596     0.992786064546808    
  0.105965     0.9927860711770444    
  0.10597000000000001     0.9927860778075952    
  0.105975     0.9927860844384595    
  0.10598     0.9927860910696373    
  0.10598500000000001     0.9927860977011289    
  0.10599     0.9927861043329353    
  0.105995     0.9927861109650542    
  0.10600000000000001     0.9927861175974881    
  0.106005     0.9927861242302345    
  0.10601000000000001     0.9927861308632953    
  0.106015     0.9927861374966709    
  0.10602     0.9927861441303591    
  0.10602500000000001     0.992786150764362    
  0.10603     0.9927861573986776    
  0.106035     0.9927861640333082    
  0.10604000000000001     0.9927861706682523    
  0.106045     0.9927861773035103    
  0.10605     0.9927861839390814    
  0.10605500000000001     0.9927861905749671    
  0.10606     0.9927861972111667    
  0.106065     0.9927862038476791    
  0.10607000000000001     0.9927862104845069    
  0.106075     0.9927862171216473    
  0.10608000000000001     0.9927862237591021    
  0.106085     0.99278623039687    
  0.10609     0.9927862370349521    
  0.10609500000000001     0.9927862436733488    
  0.1061     0.9927862503120584    
  0.106105     0.9927862569510826    
  0.10611000000000001     0.9927862635904203    
  0.106115     0.9927862702300703    
  0.10612     0.9927862768700364    
  0.10612500000000001     0.9927862835103151    
  0.10613     0.9927862901509082    
  0.10613500000000001     0.9927862967918144    
  0.10614     0.9927863034330351    
  0.106145     0.9927863100745694    
  0.10615000000000001     0.9927863167164176    
  0.106155     0.9927863233585792    
  0.10616     0.9927863300010552    
  0.10616500000000001     0.992786336643845    
  0.10617     0.9927863432869481    
  0.106175     0.9927863499303657    
  0.10618000000000001     0.9927863565740968    
  0.106185     0.9927863632181423    
  0.10619     0.992786369862501    
  0.10619500000000001     0.9927863765071729    
  0.1062     0.9927863831521597    
  0.10620500000000001     0.9927863897974608    
  0.10621     0.9927863964430742    
  0.106215     0.9927864030890022    
  0.10622000000000001     0.9927864097352437    
  0.106225     0.9927864163818003    
  0.10623     0.9927864230286687    
  0.10623500000000001     0.9927864296758516    
  0.10624     0.9927864363233487    
  0.106245     0.99278644297116    
  0.10625000000000001     0.9927864496192847    
  0.106255     0.9927864562677238    
  0.10626000000000001     0.992786462916476    
  0.106265     0.9927864695655418    
  0.10627     0.9927864762149219    
  0.10627500000000001     0.9927864828646158    
  0.10628     0.9927864895146243    
  0.106285     0.9927864961649454    
  0.10629000000000001     0.9927865028155805    
  0.106295     0.99278650946653    
  0.1063     0.9927865161177931    
  0.10630500000000001     0.9927865227693697    
  0.10631     0.9927865294212613    
  0.106315     0.9927865360734656    
  0.10632     0.9927865427259839    
  0.106325     0.9927865493788159    
  0.10633000000000001     0.992786556031962    
  0.106335     0.9927865626854229    
  0.10634     0.9927865693391955    
  0.10634500000000001     0.9927865759932832    
  0.10635     0.9927865826476848    
  0.106355     0.9927865893023999    
  0.10636000000000001     0.9927865959574289    
  0.106365     0.9927866026127719    
  0.10637     0.9927866092684285    
  0.10637500000000001     0.992786615924399    
  0.10638     0.9927866225806835    
  0.10638500000000001     0.9927866292372811    
  0.10639     0.992786635894194    
  0.106395     0.9927866425514198    
  0.10640000000000001     0.99278664920896    
  0.106405     0.9927866558668128    
  0.10641     0.992786662524981    
  0.10641500000000001     0.9927866691834625    
  0.10642     0.9927866758422563    
  0.106425     0.9927866825013661    
  0.10643000000000001     0.9927866891607888    
  0.106435     0.9927866958205248    
  0.10644     0.9927867024805754    
  0.106445     0.9927867091409389    
  0.10645     0.9927867158016183    
  0.10645500000000001     0.9927867224626097    
  0.10646     0.992786729123915    
  0.106465     0.9927867357855348    
  0.10647000000000001     0.9927867424474688    
  0.106475     0.9927867491097155    
  0.10648     0.9927867557722776    
  0.10648500000000001     0.9927867624351522    
  0.10649     0.992786769098341    
  0.106495     0.9927867757618437    
  0.10650000000000001     0.9927867824256604    
  0.106505     0.9927867890897906    
  0.10651000000000001     0.9927867957542339    
  0.106515     0.9927868024189928    
  0.10652     0.9927868090840639    
  0.10652500000000001     0.9927868157494503    
  0.10653     0.9927868224151495    
  0.106535     0.9927868290811626    
  0.10654000000000001     0.9927868357474896    
  0.106545     0.9927868424141308    
  0.10655     0.9927868490810856    
  0.10655500000000001     0.9927868557483549    
  0.10656     0.9927868624159363    
  0.10656500000000001     0.9927868690838338    
  0.10657     0.9927868757520435    
  0.106575     0.9927868824205676    
  0.10658000000000001     0.992786889089406    
  0.106585     0.9927868957585576    
  0.10659     0.9927869024280231    
  0.10659500000000001     0.992786909097802    
  0.1066     0.9927869157678952    
  0.106605     0.9927869224383026    
  0.10661000000000001     0.992786929109023    
  0.106615     0.9927869357800583    
  0.10662     0.9927869424514072    
  0.106625     0.9927869491230696    
  0.10663     0.9927869557950455    
  0.10663500000000001     0.9927869624673361    
  0.10664     0.9927869691399398    
  0.106645     0.9927869758128576    
  0.10665000000000001     0.9927869824860889    
  0.106655     0.9927869891596348    
  0.10666     0.992786995833494    
  0.10666500000000001     0.9927870025076675    
  0.10667     0.9927870091821542    
  0.106675     0.9927870158569542    
  0.10668000000000001     0.9927870225320701    
  0.106685     0.9927870292074981    
  0.10669000000000001     0.9927870358832398    
  0.106695     0.9927870425592971    
  0.1067     0.9927870492356674    
  0.10670500000000001     0.9927870559123511    
  0.10671     0.9927870625893489    
  0.106715     0.9927870692666607    
  0.10672000000000001     0.9927870759442855    
  0.106725     0.9927870826222256    
  0.10673     0.9927870893004782    
  0.10673500000000001     0.9927870959790452    
  0.10674     0.992787102657926    
  0.106745     0.9927871093371211    
  0.10675     0.99278711601663    
  0.106755     0.9927871226964515    
  0.10676000000000001     0.9927871293765873    
  0.106765     0.9927871360570379    
  0.10677     0.9927871427378014    
  0.10677500000000001     0.9927871494188798    
  0.10678     0.992787156100271    
  0.106785     0.9927871627819767    
  0.10679000000000001     0.9927871694639956    
  0.106795     0.9927871761463294    
  0.1068     0.9927871828289763    
  0.10680500000000001     0.9927871895119367    
  0.10681     0.9927871961952117    
  0.10681500000000001     0.9927872028788011    
  0.10682     0.9927872095627028    
  0.106825     0.9927872162469185    
  0.10683000000000001     0.9927872229314489    
  0.106835     0.9927872296162925    
  0.10684     0.9927872363014505    
  0.10684500000000001     0.9927872429869227    
  0.10685     0.9927872496727077    
  0.106855     0.9927872563588069    
  0.10686000000000001     0.9927872630452198    
  0.106865     0.9927872697319469    
  0.10687     0.9927872764189881    
  0.106875     0.9927872831063427    
  0.10688     0.9927872897940105    
  0.10688500000000001     0.9927872964819933    
  0.10689     0.9927873031702896    
  0.106895     0.9927873098588997    
  0.10690000000000001     0.9927873165478239    
  0.106905     0.9927873232370609    
  0.10691     0.9927873299266134    
  0.10691500000000001     0.9927873366164786    
  0.10692     0.9927873433066583    
  0.106925     0.9927873499971512    
  0.10693000000000001     0.9927873566879578    
  0.106935     0.9927873633790785    
  0.10694000000000001     0.9927873700705137    
  0.106945     0.9927873767622619    
  0.10695     0.9927873834543253    
  0.10695500000000001     0.9927873901467006    
  0.10696     0.9927873968393909    
  0.106965     0.9927874035323951    
  0.10697000000000001     0.9927874102257119    
  0.106975     0.9927874169193442    
  0.10698     0.9927874236132899    
  0.10698500000000001     0.9927874303075497    
  0.10699     0.9927874370021228    
  0.106995     0.9927874436970098    
  0.107     0.992787450392211    
  0.107005     0.9927874570877246    
  0.10701000000000001     0.9927874637835536    
  0.107015     0.9927874704796963    
  0.10702     0.9927874771761529    
  0.10702500000000001     0.9927874838729231    
  0.10703     0.9927874905700064    
  0.107035     0.9927874972674045    
  0.10704000000000001     0.9927875039651164    
  0.107045     0.9927875106631421    
  0.10705     0.9927875173614813    
  0.10705500000000001     0.9927875240601347    
  0.10706     0.9927875307591018    
  0.10706500000000001     0.992787537458383    
  0.10707     0.9927875441579777    
  0.107075     0.9927875508578863    
  0.10708000000000001     0.9927875575581087    
  0.107085     0.9927875642586457    
  0.10709     0.9927875709594954    
  0.10709500000000001     0.9927875776606592    
  0.1071     0.9927875843621377    
  0.107105     0.9927875910639297    
  0.10711000000000001     0.9927875977660356    
  0.107115     0.9927876044684547    
  0.10712     0.9927876111711882    
  0.107125     0.9927876178742354    
  0.10713     0.9927876245775967    
  0.10713500000000001     0.9927876312812713    
  0.10714     0.9927876379852603    
  0.107145     0.9927876446895627    
  0.10715000000000001     0.9927876513941798    
  0.107155     0.9927876580991092    
  0.10716     0.9927876648043541    
  0.10716500000000001     0.9927876715099122    
  0.10717     0.9927876782157837    
  0.107175     0.9927876849219701    
  0.10718     0.9927876916284697    
  0.107185     0.9927876983352832    
  0.10719000000000001     0.9927877050424105    
  0.107195     0.9927877117498518    
  0.1072     0.9927877184576066    
  0.10720500000000001     0.9927877251656754    
  0.10721     0.9927877318740589    
  0.107215     0.9927877385827546    
  0.10722000000000001     0.9927877452917662    
  0.107225     0.9927877520010904    
  0.10723     0.9927877587107279    
  0.10723500000000001     0.99278776542068    
  0.10724     0.9927877721309464    
  0.10724500000000001     0.992787778841526    
  0.10725     0.9927877855524196    
  0.107255     0.9927877922636275    
  0.10726000000000001     0.9927877989751493    
  0.107265     0.9927878056869845    
  0.10727     0.9927878123991325    
  0.10727500000000001     0.9927878191115962    
  0.10728     0.992787825824373    
  0.107285     0.9927878325374636    
  0.10729000000000001     0.9927878392508682    
  0.107295     0.9927878459645862    
  0.1073     0.9927878526786186    
  0.107305     0.9927878593929649    
  0.10731     0.9927878661076246    
  0.10731500000000001     0.992787872822599    
  0.10732     0.9927878795378859    
  0.107325     0.9927878862534874    
  0.10733000000000001     0.9927878929694027    
  0.107335     0.9927878996856326    
  0.10734     0.9927879064021752    
  0.10734500000000001     0.9927879131190329    
  0.10735     0.9927879198362033    
  0.107355     0.9927879265536877    
  0.10736000000000001     0.9927879332714865    
  0.107365     0.9927879399895982    
  0.10737000000000001     0.992787946708025    
  0.107375     0.9927879534267654    
  0.10738     0.9927879601458187    
  0.10738500000000001     0.9927879668651871    
  0.10739     0.992787973584869    
  0.107395     0.9927879803048636    
  0.10740000000000001     0.9927879870251743    
  0.107405     0.9927879937457971    
  0.10741     0.9927880004667343    
  0.10741500000000001     0.9927880071879858    
  0.10742     0.9927880139095503    
  0.107425     0.992788020631429    
  0.10743     0.9927880273536216    
  0.107435     0.9927880340761286    
  0.10744000000000001     0.9927880407989491    
  0.107445     0.9927880475220827    
  0.10745     0.9927880542455307    
  0.10745500000000001     0.9927880609692928    
  0.10746     0.9927880676933686    
  0.107465     0.9927880744177593    
  0.10747000000000001     0.9927880811424615    
  0.107475     0.9927880878674791    
  0.10748     0.9927880945928103    
  0.107485     0.9927881013184556    
  0.10749     0.9927881080444151    
  0.10749500000000001     0.9927881147706877    
  0.1075     0.9927881214972745    
  0.107505     0.9927881282241751    
  0.10751000000000001     0.9927881349513896    
  0.107515     0.9927881416789176    
  0.10752     0.9927881484067597    
  0.10752500000000001     0.9927881551349157    
  0.10753     0.9927881618633858    
  0.107535     0.9927881685921701    
  0.10754000000000001     0.9927881753212672    
  0.107545     0.9927881820506783    
  0.10755     0.9927881887804044    
  0.107555     0.9927881955104434    
  0.10756     0.9927882022407962    
  0.10756500000000001     0.9927882089714637    
  0.10757     0.9927882157024438    
  0.107575     0.9927882224337388    
  0.10758000000000001     0.9927882291653478    
  0.107585     0.9927882358972708    
  0.10759     0.9927882426295062    
  0.10759500000000001     0.9927882493620568    
  0.1076     0.9927882560949208    
  0.107605     0.9927882628280985    
  0.10761     0.9927882695615908    
  0.107615     0.9927882762953966    
  0.10762000000000001     0.9927882830295157    
  0.107625     0.9927882897639495    
  0.10763     0.9927882964986969    
  0.10763500000000001     0.9927883032337574    
  0.10764     0.9927883099691325    
  0.107645     0.9927883167048213    
  0.10765000000000001     0.9927883234408235    
  0.107655     0.9927883301771399    
  0.10766     0.9927883369137704    
  0.10766500000000001     0.9927883436507151    
  0.10767     0.9927883503879731    
  0.107675     0.9927883571255456    
  0.10768     0.992788363863432    
  0.107685     0.9927883706016312    
  0.10769     0.9927883773401447    
  0.107695     0.9927883840789731    
  0.1077     0.9927883908181137    
  0.107705     0.9927883975575691    
  0.10771     0.9927884042973383    
  0.10771499999999999     0.992788411037421    
  0.10772     0.9927884177778182    
  0.107725     0.9927884245185288    
  0.10772999999999999     0.9927884312595536    
  0.107735     0.9927884380008927    
  0.10774     0.992788444742545    
  0.107745     0.992788451484511    
  0.10775     0.992788458226791    
  0.107755     0.9927884649693849    
  0.10776     0.9927884717122932    
  0.107765     0.992788478455515    
  0.10777     0.9927884851990507    
  0.107775     0.9927884919428999    
  0.10778     0.9927884986870626    
  0.10778499999999999     0.9927885054315404    
  0.10779     0.9927885121763312    
  0.107795     0.9927885189214365    
  0.10779999999999999     0.9927885256668552    
  0.107805     0.9927885324125882    
  0.10781     0.9927885391586351    
  0.107815     0.9927885459049949    
  0.10782     0.9927885526516697    
  0.107825     0.9927885593986574    
  0.10783     0.9927885661459604    
  0.107835     0.9927885728935758    
  0.10783999999999999     0.9927885796415057    
  0.107845     0.9927885863897492    
  0.10785     0.9927885931383077    
  0.10785499999999999     0.9927885998871787    
  0.10786     0.9927886066363638    
  0.107865     0.9927886133858627    
  0.10787     0.9927886201356761    
  0.107875     0.992788626885803    
  0.10788     0.9927886336362435    
  0.107885     0.9927886403869994    
  0.10789     0.9927886471380669    
  0.10789499999999999     0.9927886538894501    
  0.1079     0.9927886606411458    
  0.107905     0.9927886673931567    
  0.10790999999999999     0.9927886741454799    
  0.107915     0.9927886808981186    
  0.10792     0.9927886876510703    
  0.107925     0.9927886944043358    
  0.10793     0.9927887011579153    
  0.107935     0.9927887079118096    
  0.10794     0.9927887146660169    
  0.107945     0.9927887214205382    
  0.10795     0.9927887281753727    
  0.107955     0.9927887349305218    
  0.10796     0.9927887416859846    
  0.10796499999999999     0.9927887484417612    
  0.10797     0.9927887551978514    
  0.107975     0.9927887619542565    
  0.10797999999999999     0.9927887687109754    
  0.107985     0.9927887754680074    
  0.10799     0.9927887822253532    
  0.107995     0.9927887889830135    
  0.108     0.9927887957409873    
  0.108005     0.9927888024992753    
  0.10801     0.9927888092578763    
  0.108015     0.9927888160167921    
  0.10801999999999999     0.9927888227760222    
  0.108025     0.9927888295355646    
  0.10803     0.992788836295422    
  0.10803499999999999     0.9927888430555932    
  0.10804     0.9927888498160783    
  0.108045     0.9927888565768765    
  0.10805     0.9927888633379895    
  0.108055     0.9927888700994162    
  0.10806     0.9927888768611569    
  0.108065     0.9927888836232098    
  0.10807     0.9927888903855783    
  0.108075     0.992788897148261    
  0.10808     0.9927889039112567    
  0.108085     0.9927889106745673    
  0.10808999999999999     0.9927889174381906    
  0.108095     0.9927889242021276    
  0.1081     0.9927889309663791    
  0.10810499999999999     0.9927889377309452    
  0.10811     0.9927889444958239    
  0.108115     0.9927889512610177    
  0.10812     0.9927889580265246    
  0.108125     0.9927889647923451    
  0.10813     0.9927889715584803    
  0.108135     0.9927889783249286    
  0.10814     0.9927889850916909    
  0.10814499999999999     0.9927889918587676    
  0.10815     0.9927889986261575    
  0.108155     0.9927890053938625    
  0.10815999999999999     0.99278901216188    
  0.108165     0.9927890189302117    
  0.10817     0.9927890256988581    
  0.108175     0.992789032467818    
  0.10818     0.9927890392370906    
  0.108185     0.9927890460066788    
  0.10819     0.9927890527765804    
  0.108195     0.9927890595467963    
  0.1082     0.9927890663173243    
  0.108205     0.9927890730881673    
  0.10821     0.9927890798593243    
  0.10821499999999999     0.9927890866307953    
  0.10822     0.99278909340258    
  0.108225     0.9927891001746789    
  0.10822999999999999     0.9927891069470911    
  0.108235     0.9927891137198177    
  0.10824     0.9927891204928574    
  0.108245     0.9927891272662115    
  0.10825     0.99278913403988    
  0.108255     0.9927891408138618    
  0.10826     0.9927891475881572    
  0.108265     0.9927891543627674    
  0.10826999999999999     0.9927891611376906    
  0.108275     0.9927891679129273    
  0.10828     0.9927891746884794    
  0.10828499999999999     0.9927891814643449    
  0.10829     0.9927891882405233    
  0.108295     0.9927891950170171    
  0.1083     0.9927892017938229    
  0.108305     0.9927892085709438    
  0.10831     0.9927892153483785    
  0.108315     0.9927892221261272    
  0.10832     0.9927892289041895    
  0.108325     0.9927892356825658    
  0.10833     0.9927892424612559    
  0.108335     0.9927892492402599    
  0.10833999999999999     0.9927892560195776    
  0.108345     0.9927892627992099    
  0.10835     0.992789269579156    
  0.10835499999999999     0.9927892763594152    
  0.10836     0.9927892831399883    
  0.108365     0.9927892899208763    
  0.10837     0.9927892967020774    
  0.108375     0.9927893034835928    
  0.10838     0.9927893102654218    
  0.108385     0.992789317047565    
  0.10839     0.9927893238300216    
  0.10839499999999999     0.9927893306127921    
  0.1084     0.9927893373958763    
  0.108405     0.9927893441792743    
  0.10840999999999999     0.9927893509629874    
  0.108415     0.9927893577470136    
  0.10842     0.9927893645313538    
  0.108425     0.9927893713160079    
  0.10843     0.9927893781009756    
  0.108435     0.9927893848862575    
  0.10844     0.9927893916718535    
  0.108445     0.9927893984577625    
  0.10844999999999999     0.9927894052439865    
  0.108455     0.9927894120305236    
  0.10846     0.9927894188173747    
  0.10846499999999999     0.9927894256045402    
  0.10847     0.9927894323920199    
  0.108475     0.9927894391798129    
  0.10848     0.9927894459679185    
  0.108485     0.9927894527563397    
  0.10849     0.9927894595450741    
  0.108495     0.9927894663341232    
  0.1085     0.9927894731234854    
  0.108505     0.9927894799131625    
  0.10851     0.9927894867031519    
  0.108515     0.9927894934934562    
  0.10851999999999999     0.9927895002840741    
  0.108525     0.9927895070750058    
  0.10853     0.9927895138662519    
  0.10853499999999999     0.9927895206578115    
  0.10854     0.992789527449685    
  0.108545     0.9927895342418731    
  0.10855     0.9927895410343739    
  0.108555     0.9927895478271886    
  0.10856     0.992789554620318    
  0.108565     0.9927895614137612    
  0.10857     0.9927895682075178    
  0.10857499999999999     0.9927895750015893    
  0.10858     0.9927895817959739    
  0.108585     0.9927895885906719    
  0.10858999999999999     0.9927895953856851    
  0.108595     0.9927896021810108    
  0.1086     0.9927896089766508    
  0.108605     0.9927896157726053    
  0.10861     0.9927896225688742    
  0.108615     0.9927896293654555    
  0.10862     0.9927896361623518    
  0.108625     0.9927896429595604    
  0.10863     0.9927896497570854    
  0.108635     0.9927896565549229    
  0.10864     0.9927896633530742    
  0.10864499999999999     0.9927896701515396    
  0.10865     0.9927896769503186    
  0.108655     0.9927896837494117    
  0.10865999999999999     0.9927896905488194    
  0.108665     0.99278969734854    
  0.10867     0.9927897041485749    
  0.108675     0.9927897109489231    
  0.10868     0.9927897177495861    
  0.108685     0.9927897245505621    
  0.10869     0.992789731351853    
  0.108695     0.9927897381534578    
  0.10869999999999999     0.9927897449553755    
  0.108705     0.9927897517576072    
  0.10871     0.992789758560154    
  0.10871499999999999     0.9927897653630138    
  0.10872     0.992789772166187    
  0.108725     0.9927897789696749    
  0.10873     0.9927897857734768    
  0.108735     0.9927897925775923    
  0.10874     0.9927897993820212    
  0.108745     0.9927898061867644    
  0.10875     0.9927898129918217    
  0.10875499999999999     0.9927898197971925    
  0.10876     0.9927898266028781    
  0.108765     0.9927898334088775    
  0.10876999999999999     0.9927898402151893    
  0.108775     0.9927898470218162    
  0.10878     0.992789853828757    
  0.10878499999999999     0.9927898606360116    
  0.10879     0.9927898674435804    
  0.108795     0.992789874251462    
  0.1088     0.9927898810596588    
  0.108805     0.992789887868168    
  0.10881     0.9927898946769926    
  0.108815     0.9927899014861299    
  0.10882     0.9927899082955828    
  0.10882499999999999     0.9927899151053472    
  0.10883     0.9927899219154277    
  0.108835     0.9927899287258211    
  0.10883999999999999     0.9927899355365282    
  0.108845     0.9927899423475498    
  0.10885     0.9927899491588849    
  0.108855     0.9927899559705342    
  0.10886     0.9927899627824978    
  0.108865     0.9927899695947737    
  0.10887     0.9927899764073651    
  0.108875     0.9927899832202688    
  0.10887999999999999     0.9927899900334886    
  0.108885     0.9927899968470202    
  0.10889     0.9927900036608661    
  0.10889499999999999     0.9927900104750271    
  0.1089     0.9927900172895014    
  0.108905     0.9927900241042895    
  0.10890999999999999     0.9927900309193916    
  0.108915     0.9927900377348082    
  0.10892     0.9927900445505379    
  0.108925     0.9927900513665813    
  0.10893     0.9927900581829389    
  0.108935     0.9927900649996111    
  0.10894     0.9927900718165961    
  0.108945     0.9927900786338952    
  0.10894999999999999     0.9927900854515085    
  0.108955     0.9927900922694362    
  0.10896     0.9927900990876772    
  0.10896499999999999     0.9927901059062314    
  0.10897     0.992790112725101    
  0.108975     0.9927901195442835    
  0.10898     0.9927901263637801    
  0.108985     0.9927901331835915    
  0.10899     0.9927901400037149    
  0.108995     0.9927901468241542    
  0.109     0.9927901536449065    
  0.10900499999999999     0.9927901604659723    
  0.10901     0.9927901672873527    
  0.109015     0.9927901741090466    
  0.10901999999999999     0.9927901809310546    
  0.109025     0.992790187753376    
  0.10903     0.992790194576012    
  0.10903499999999999     0.9927902013989616    
  0.10904     0.9927902082222254    
  0.109045     0.9927902150458023    
  0.10905     0.9927902218696947    
  0.109055     0.9927902286939    
  0.10906     0.9927902355184186    
  0.109065     0.9927902423432506    
  0.10907     0.9927902491683993    
  0.10907499999999999     0.9927902559938594    
  0.10908     0.9927902628196346    
  0.109085     0.9927902696457234    
  0.10908999999999999     0.9927902764721257    
  0.109095     0.9927902832988422    
  0.1091     0.9927902901258724    
  0.109105     0.9927902969532174    
  0.10911     0.9927903037808752    
  0.109115     0.992790310608848    
  0.10912     0.9927903174371343    
  0.109125     0.9927903242657339    
  0.10912999999999999     0.9927903310946478    
  0.109135     0.9927903379238756    
  0.10914     0.9927903447534177    
  0.10914499999999999     0.9927903515832733    
  0.10915     0.9927903584134428    
  0.109155     0.9927903652439257    
  0.10916     0.9927903720747233    
  0.109165     0.9927903789058347    
  0.10917     0.99279038573726    
  0.109175     0.9927903925689991    
  0.10918     0.9927903994010521    
  0.109185     0.992790406233419    
  0.10919     0.9927904130660997    
  0.109195     0.9927904198990944    
  0.10919999999999999     0.9927904267324031    
  0.109205     0.9927904335660258    
  0.10921     0.9927904403999629    
  0.10921499999999999     0.9927904472342133    
  0.10922     0.9927904540687771    
  0.109225     0.9927904609036555    
  0.10923     0.9927904677388474    
  0.109235     0.9927904745743539    
  0.10924     0.9927904814101738    
  0.109245     0.9927904882463077    
  0.10925     0.9927904950827559    
  0.10925499999999999     0.9927905019195178    
  0.10926     0.9927905087565927    
  0.109265     0.9927905155939825    
  0.10926999999999999     0.9927905224316848    
  0.109275     0.9927905292697027    
  0.10928     0.9927905361080337    
  0.109285     0.9927905429466789    
  0.10929     0.9927905497856386    
  0.109295     0.9927905566249108    
  0.1093     0.9927905634644982    
  0.109305     0.992790570304399    
  0.10930999999999999     0.9927905771446136    
  0.109315     0.9927905839851432    
  0.10932     0.9927905908259852    
  0.10932499999999999     0.9927905976671421    
  0.10933     0.9927906045086115    
  0.109335     0.9927906113503968    
  0.10933999999999999     0.9927906181924943    
  0.109345     0.9927906250349071    
  0.10935     0.9927906318776327    
  0.109355     0.9927906387206731    
  0.10936     0.9927906455640265    
  0.109365     0.9927906524076947    
  0.10937     0.9927906592516761    
  0.109375     0.9927906660959724    
  0.10937999999999999     0.9927906729405815    
  0.109385     0.9927906797855044    
  0.10939     0.9927906866307423    
  0.10939499999999999     0.9927906934762936    
  0.1094     0.9927907003221583    
  0.109405     0.992790707168338    
  0.10941     0.9927907140148313    
  0.109415     0.9927907208616382    
  0.10942     0.9927907277087593    
  0.109425     0.992790734556194    
  0.10943     0.9927907414039434    
  0.10943499999999999     0.9927907482520055    
  0.10944     0.9927907551003825    
  0.109445     0.9927907619490721    
  0.10944999999999999     0.992790768798077    
  0.109455     0.9927907756473957    
  0.10946     0.9927907824970272    
  0.10946499999999999     0.9927907893469738    
  0.10947     0.9927907961972344    
  0.109475     0.9927908030478072    
  0.10948     0.9927908098986957    
  0.109485     0.9927908167498982    
  0.10949     0.992790823601414    
  0.109495     0.992790830453243    
  0.1095     0.9927908373053866    
  0.10950499999999999     0.9927908441578439    
  0.10951     0.9927908510106151    
  0.109515     0.992790857863701    
  0.10951999999999999     0.9927908647171    
  0.109525     0.9927908715708134    
  0.10953     0.9927908784248403    
  0.109535     0.9927908852791811    
  0.10954     0.9927908921338361    
  0.109545     0.9927908989888052    
  0.10955     0.9927909058440882    
  0.109555     0.9927909126996849    
  0.10955999999999999     0.9927909195555955    
  0.109565     0.9927909264118201    
  0.10957     0.9927909332683583    
  0.10957499999999999     0.9927909401252109    
  0.10958     0.9927909469823772    
  0.109585     0.9927909538398578    
  0.10958999999999999     0.9927909606976522    
  0.109595     0.9927909675557602    
  0.1096     0.9927909744141822    
  0.109605     0.9927909812729176    
  0.10961     0.9927909881319673    
  0.10961499999999999     0.9927909949913318    
  0.10962     0.9927910018510092    
  0.109625     0.9927910087110009    
  0.10962999999999999     0.9927910155713056    
  0.109635     0.9927910224319254    
  0.10964     0.9927910292928597    
  0.10964499999999999     0.9927910361541065    
  0.10965     0.9927910430156676    
  0.109655     0.9927910498775434    
  0.10966     0.9927910567397319    
  0.109665     0.9927910636022355    
  0.10967     0.9927910704650519    
  0.109675     0.9927910773281827    
  0.10968     0.9927910841916275    
  0.10968499999999999     0.992791091055386    
  0.10969     0.9927910979194596    
  0.109695     0.9927911047838465    
  0.10969999999999999     0.9927911116485459    
  0.109705     0.9927911185135609    
  0.10971     0.9927911253788891    
  0.109715     0.9927911322445313    
  0.10972     0.9927911391104871    
  0.109725     0.9927911459767575    
  0.10973     0.992791152843342    
  0.109735     0.9927911597102395    
  0.10974     0.9927911665774516    
  0.109745     0.992791173444977    
  0.10975     0.9927911803128169    
  0.10975499999999999     0.9927911871809705    
  0.10976     0.9927911940494383    
  0.109765     0.99279120091822    
  0.10976999999999999     0.9927912077873151    
  0.109775     0.992791214656725    
  0.10978     0.9927912215264476    
  0.109785     0.9927912283964855    
  0.10979     0.9927912352668364    
  0.109795     0.9927912421375021    
  0.1098     0.9927912490084809    
  0.109805     0.9927912558797743    
  0.10980999999999999     0.992791262751381    
  0.109815     0.9927912696233011    
  0.10982     0.9927912764955356    
  0.10982499999999999     0.9927912833680852    
  0.10983     0.9927912902409474    
  0.109835     0.9927912971141242    
  0.10984     0.9927913039876144    
  0.109845     0.9927913108614186    
  0.10985     0.9927913177355365    
  0.109855     0.9927913246099687    
  0.10986     0.9927913314847163    
  0.10986499999999999     0.9927913383597758    
  0.10987     0.9927913452351502    
  0.109875     0.9927913521108378    
  0.10987999999999999     0.9927913589868396    
  0.109885     0.9927913658631549    
  0.10989     0.9927913727397851    
  0.10989499999999999     0.9927913796167285    
  0.1099     0.9927913864939871    
  0.109905     0.9927913933715575    
  0.10991     0.9927914002494436    
  0.109915     0.9927914071276432    
  0.10991999999999999     0.9927914140061567    
  0.109925     0.9927914208849835    
  0.10993     0.9927914277641243    
  0.10993499999999999     0.9927914346435798    
  0.10994     0.9927914415233487    
  0.109945     0.9927914484034316    
  0.10994999999999999     0.9927914552838293    
  0.109955     0.99279146216454    
  0.10996     0.9927914690455648    
  0.109965     0.9927914759269024    
  0.10997     0.992791482808556    
  0.109975     0.9927914896905223    
  0.10998     0.9927914965728029    
  0.109985     0.9927915034553972    
  0.10998999999999999     0.9927915103383057    
  0.109995     0.9927915172215285    
  0.11     0.9927915241050649   
