  0.10000500000000001     -0.03853868210283886    
  0.10001     -0.03854059186820104    
  0.100015     -0.03854250163098802    
  0.10002000000000001     -0.038544411391199906    
  0.100025     -0.038546321148836535    
  0.10003000000000001     -0.038548230903899014    
  0.100035     -0.03855014065638567    
  0.10004     -0.03855205040629684    
  0.10004500000000001     -0.038553960153631904    
  0.10005     -0.03855586989839113    
  0.100055     -0.03855777964057555    
  0.10006000000000001     -0.03855968938018327    
  0.100065     -0.03856159911721406    
  0.10007     -0.03856350885167049    
  0.10007500000000001     -0.03856541858354831    
  0.10008     -0.03856732831285095    
  0.10008500000000001     -0.03856923803957791    
  0.10009000000000001     -0.038571147763725645    
  0.100095     -0.0385730574852976    
  0.10010000000000001     -0.03857496720429244    
  0.100105     -0.0385768769207112    
  0.10011     -0.03857878663455095    
  0.10011500000000001     -0.03858069634581351    
  0.10012     -0.03858260605449912    
  0.100125     -0.03858451576060668    
  0.10013000000000001     -0.03858642546413649    
  0.100135     -0.038588335165087743    
  0.10014     -0.03859024486346113    
  0.10014500000000001     -0.03859215455925643    
  0.10015     -0.03859406425247353    
  0.10015500000000001     -0.038595973943112025    
  0.10016     -0.038597883631171274    
  0.100165     -0.03859979331665257    
  0.10017000000000001     -0.03860170299955455    
  0.100175     -0.038603612679877275    
  0.10018     -0.03860552235762145    
  0.10018500000000001     -0.03860743203278605    
  0.10019     -0.03860934170536968    
  0.100195     -0.03861125137537659    
  0.10020000000000001     -0.03861316104280221    
  0.100205     -0.03861507070764764    
  0.10021000000000001     -0.03861698036991333    
  0.100215     -0.038618890029599506    
  0.10022     -0.03862079968670438    
  0.10022500000000001     -0.038622709341228925    
  0.10023     -0.038624618993174216    
  0.100235     -0.03862652864253812    
  0.10024000000000001     -0.03862843828932156    
  0.100245     -0.038630347933523816    
  0.10025     -0.038632257575144664    
  0.10025500000000001     -0.03863416721418503    
  0.10026     -0.03863607685064361    
  0.100265     -0.03863798648452118    
  0.10027000000000001     -0.038639896115816634    
  0.100275     -0.038641805744531035    
  0.10028000000000001     -0.038643715370662496    
  0.100285     -0.03864562499421265    
  0.10029     -0.0386475346151816    
  0.10029500000000001     -0.03864944423356703    
  0.1003     -0.038651353849370795    
  0.100305     -0.03865326346259202    
  0.10031000000000001     -0.03865517307322938    
  0.100315     -0.03865708268128606    
  0.10032     -0.03865899228675882    
  0.10032500000000001     -0.03866090188964767    
  0.10033     -0.03866281148995468    
  0.10033500000000001     -0.038664721087678496    
  0.10034     -0.03866663068281811    
  0.100345     -0.038668540275374454    
  0.10035000000000001     -0.0386704498653465    
  0.100355     -0.03867235945273638    
  0.10036     -0.038674269037540863    
  0.10036500000000001     -0.03867617861976146    
  0.10037     -0.03867808819939792    
  0.100375     -0.03867999777644977    
  0.10038000000000001     -0.038681907350917706    
  0.100385     -0.03868381692280014    
  0.10039000000000001     -0.038685726492099365    
  0.10039500000000001     -0.03868763605881257    
  0.1004     -0.038689545622940955    
  0.10040500000000001     -0.03869145518448402    
  0.10041     -0.038693364743442    
  0.100415     -0.038695274299815646    
  0.10042000000000001     -0.03869718385360207    
  0.100425     -0.03869909340480385    
  0.10043     -0.038701002953418884    
  0.10043500000000001     -0.03870291249944918    
  0.10044     -0.03870482204289245    
  0.100445     -0.038706731583749654    
  0.10045000000000001     -0.0387086411220206    
  0.100455     -0.03871055065770621    
  0.10046000000000001     -0.038712460190803565    
  0.100465     -0.038714369721315395    
  0.10047     -0.038716279249239725    
  0.10047500000000001     -0.038718188774576584    
  0.10048     -0.038720098297326956    
  0.100485     -0.03872200781749006    
  0.10049000000000001     -0.03872391733506693    
  0.100495     -0.03872582685005385    
  0.1005     -0.038727736362455266    
  0.10050500000000001     -0.03872964587226754    
  0.10051     -0.03873155537949207    
  0.10051500000000001     -0.038733464884129244    
  0.10052000000000001     -0.038735374386177704    
  0.100525     -0.03873728388563783    
  0.10053000000000001     -0.038739193382510057    
  0.100535     -0.038741102876792374    
  0.10054     -0.0387430123684864    
  0.10054500000000001     -0.03874492185759312    
  0.10055     -0.038746831344109146    
  0.100555     -0.03874874082803704    
  0.10056000000000001     -0.03875065030937522    
  0.100565     -0.038752559788124225    
  0.10057     -0.038754469264283435    
  0.10057500000000001     -0.03875637873785312    
  0.10058     -0.03875828820883304    
  0.10058500000000001     -0.03876019767722392    
  0.10059     -0.03876210714302413    
  0.100595     -0.03876401660623318    
  0.10060000000000001     -0.03876592606685285    
  0.100605     -0.0387678355248821    
  0.10061     -0.03876974498032009    
  0.10061500000000001     -0.03877165443316856    
  0.10062     -0.03877356388342635    
  0.100625     -0.038775473331091756    
  0.10063000000000001     -0.03877738277616688    
  0.100635     -0.03877929221865006    
  0.10064000000000001     -0.03878120165854322    
  0.10064500000000001     -0.03878311109584466    
  0.10065     -0.038785020530552605    
  0.10065500000000001     -0.038786929962670365    
  0.10066     -0.03878883939219614    
  0.100665     -0.03879074881912959    
  0.10067000000000001     -0.038792658243471854    
  0.100675     -0.0387945676652207    
  0.10068     -0.03879647708437665    
  0.10068500000000001     -0.038798386500941785    
  0.10069     -0.03880029591491322    
  0.100695     -0.03880220532629172    
  0.10070000000000001     -0.03880411473507721    
  0.100705     -0.03880602414126999    
  0.10071000000000001     -0.038807933544869486    
  0.100715     -0.038809842945875916    
  0.10072     -0.0388117523442882    
  0.10072500000000001     -0.038813661740107516    
  0.10073     -0.03881557113333258    
  0.100735     -0.038817480523964    
  0.10074000000000001     -0.038819389912001456    
  0.100745     -0.03882129929744473    
  0.10075     -0.03882320868029317    
  0.10075500000000001     -0.038825118060548405    
  0.10076     -0.038827027438208844    
  0.10076500000000001     -0.03882893681327335    
  0.10077     -0.03883084618574381    
  0.100775     -0.03883275555561964    
  0.10078000000000001     -0.038834664922900004    
  0.100785     -0.038836574287584934    
  0.10079     -0.03883848364967593    
  0.10079500000000001     -0.03884039300917066    
  0.1008     -0.038842302366069295    
  0.100805     -0.038844211720373216    
  0.10081000000000001     -0.03884612107207969    
  0.100815     -0.038848030421191324    
  0.10082     -0.03884993976770634    
  0.10082500000000001     -0.03885184911162598    
  0.10083     -0.038853758452948306    
  0.10083500000000001     -0.03885566779167398    
  0.10084     -0.03885757712780337    
  0.100845     -0.03885948646133625    
  0.10085000000000001     -0.03886139579227233    
  0.100855     -0.038863305120610765    
  0.10086     -0.0388652144463529    
  0.10086500000000001     -0.038867123769496574    
  0.10087     -0.0388690330900436    
  0.100875     -0.03887094240799243    
  0.10088000000000001     -0.038872851723344815    
  0.100885     -0.03887476103609732    
  0.10089000000000001     -0.038876670346252855    
  0.100895     -0.03887857965381035    
  0.1009     -0.03888048895876922    
  0.10090500000000001     -0.03888239826113026    
  0.10091     -0.038884307560892825    
  0.100915     -0.03888621685805658    
  0.10092000000000001     -0.038888126152622084    
  0.100925     -0.03889003544458731    
  0.10093     -0.038891944733954555    
  0.10093500000000001     -0.03889385402072277    
  0.10094     -0.03889576330489111    
  0.10094500000000001     -0.03889767258645967    
  0.10095000000000001     -0.038899581865428835    
  0.100955     -0.038901491141799895    
  0.10096000000000001     -0.03890340041556971    
  0.100965     -0.03890530968673934    
  0.10097     -0.038907218955309276    
  0.10097500000000001     -0.03890912822127967    
  0.10098     -0.03891103748464849    
  0.100985     -0.038912946745417794    
  0.10099000000000001     -0.03891485600358626    
  0.100995     -0.038916765259153815    
  0.101     -0.03891867451211969    
  0.10100500000000001     -0.03892058376248594    
  0.10101     -0.03892249301025044    
  0.10101500000000001     -0.03892440225541272    
  0.10102     -0.03892631149797416    
  0.101025     -0.03892822073793442    
  0.10103000000000001     -0.03893012997529337    
  0.101035     -0.03893203921004991    
  0.10104     -0.038933948442204845    
  0.10104500000000001     -0.038935857671757924    
  0.10105     -0.03893776689870802    
  0.101055     -0.03893967612305589    
  0.10106000000000001     -0.03894158534480125    
  0.101065     -0.03894349456394497    
  0.10107000000000001     -0.03894540378048476    
  0.101075     -0.03894731299442147    
  0.10108     -0.03894922220575646    
  0.10108500000000001     -0.03895113141448771    
  0.10109     -0.03895304062061536    
  0.101095     -0.03895494982413953    
  0.10110000000000001     -0.03895685902506129    
  0.101105     -0.03895876822337799    
  0.10111     -0.038960677419091774    
  0.10111500000000001     -0.038962586612200915    
  0.10112     -0.03896449580270678    
  0.101125     -0.03896640499060804    
  0.10113000000000001     -0.038968314175904656    
  0.101135     -0.038970223358597664    
  0.10114000000000001     -0.03897213253868513    
  0.101145     -0.038974041716168216    
  0.10115     -0.03897595089104632    
  0.10115500000000001     -0.03897786006331961    
  0.10116     -0.038979769232988105    
  0.101165     -0.03898167840005107    
  0.10117000000000001     -0.038983587564507836    
  0.101175     -0.038985496726360806    
  0.10118     -0.038987405885607354    
  0.10118500000000001     -0.038989315042247966    
  0.10119     -0.038991224196282086    
  0.10119500000000001     -0.03899313334771099    
  0.1012     -0.03899504249653336    
  0.101205     -0.03899695164275021    
  0.10121000000000001     -0.03899886078635946    
  0.101215     -0.03900076992736207    
  0.10122     -0.03900267906575881    
  0.10122500000000001     -0.03900458820154815    
  0.10123     -0.03900649733473052    
  0.101235     -0.03900840646530601    
  0.10124000000000001     -0.039010315593274406    
  0.101245     -0.039012224718634816    
  0.10125     -0.03901413384138819    
  0.10125500000000001     -0.039016042961533735    
  0.10126     -0.03901795207907188    
  0.10126500000000001     -0.03901986119400141    
  0.10127     -0.03902177030632379    
  0.101275     -0.03902367941603776    
  0.10128000000000001     -0.03902558852314241    
  0.101285     -0.03902749762764016    
  0.10129     -0.03902940672952809    
  0.10129500000000001     -0.03903131582880718    
  0.1013     -0.039033224925479296    
  0.101305     -0.03903513401954127    
  0.10131000000000001     -0.03903704311099406    
  0.101315     -0.03903895219983769    
  0.10132000000000001     -0.03904086128607218    
  0.101325     -0.039042770369696084    
  0.10133     -0.039044679450711856    
  0.10133500000000001     -0.03904658852911678    
  0.10134     -0.03904849760491221    
  0.101345     -0.03905040667809774    
  0.10135000000000001     -0.03905231574867322    
  0.101355     -0.03905422481663696    
  0.10136     -0.039056133881992076    
  0.10136500000000001     -0.03905804294473632    
  0.10137     -0.039059952004870065    
  0.101375     -0.03906186106239255    
  0.10138000000000001     -0.03906377011730423    
  0.101385     -0.039065679169604364    
  0.10139000000000001     -0.03906758821929312    
  0.101395     -0.039069497266371295    
  0.1014     -0.0390714063108376    
  0.10140500000000001     -0.039073315352692775    
  0.10141     -0.03907522439193569    
  0.101415     -0.03907713342856636    
  0.10142000000000001     -0.039079042462586616    
  0.101425     -0.039080951493993286    
  0.10143     -0.03908286052278761    
  0.10143500000000001     -0.03908476954896989    
  0.10144     -0.039086678572540036    
  0.10144500000000001     -0.03908858759349679    
  0.10145     -0.03909049661184085    
  0.101455     -0.039092405627572525    
  0.10146000000000001     -0.039094314640690686    
  0.101465     -0.039096223651195576    
  0.10147     -0.03909813265908798    
  0.10147500000000001     -0.03910004166436574    
  0.10148     -0.03910195066703104    
  0.101485     -0.039103859667081055    
  0.10149000000000001     -0.039105768664518335    
  0.101495     -0.039107677659341616    
  0.1015     -0.039109586651550704    
  0.10150500000000001     -0.03911149564114583    
  0.10151     -0.03911340462812618    
  0.10151500000000001     -0.03911531361249171    
  0.10152     -0.039117222594242745    
  0.101525     -0.03911913157337914    
  0.10153000000000001     -0.03912104054989961    
  0.101535     -0.03912294952380681    
  0.10154     -0.03912485849509856    
  0.10154500000000001     -0.039126767463774095    
  0.10155     -0.03912867642983462    
  0.101555     -0.03913058539327937    
  0.10156000000000001     -0.039132494354108094    
  0.101565     -0.039134403312321    
  0.10157000000000001     -0.03913631226791781    
  0.101575     -0.039138221220899536    
  0.10158     -0.03914013017126433    
  0.10158500000000001     -0.039142039119013546    
  0.10159     -0.03914394806414542    
  0.101595     -0.03914585700665956    
  0.10160000000000001     -0.03914776594655849    
  0.101605     -0.03914967488384012    
  0.10161     -0.03915158381850393    
  0.10161500000000001     -0.0391534927505527    
  0.10162     -0.03915540167998203    
  0.10162500000000001     -0.03915731060679528    
  0.10163     -0.039159219530990025    
  0.101635     -0.03916112845256762    
  0.10164000000000001     -0.039163037371526925    
  0.101645     -0.03916494628786851    
  0.10165     -0.03916685520159152    
  0.10165500000000001     -0.03916876411269724    
  0.10166     -0.03917067302118407    
  0.101665     -0.03917258192705173    
  0.10167000000000001     -0.03917449083030189    
  0.101675     -0.03917639973093332    
  0.10168     -0.03917830862894471    
  0.10168500000000001     -0.03918021752433818    
  0.10169     -0.03918212641711211    
  0.10169500000000001     -0.03918403530726785    
  0.1017     -0.03918594419480181    
  0.101705     -0.039187853079717026    
  0.10171000000000001     -0.03918976196201317    
  0.101715     -0.039191670841689355    
  0.10172     -0.03919357971874536    
  0.10172500000000001     -0.03919548859318033    
  0.10173     -0.0391973974649972    
  0.101735     -0.03919930633419251    
  0.10174000000000001     -0.039201215200766956    
  0.101745     -0.03920312406472219    
  0.10175000000000001     -0.03920503292605573    
  0.101755     -0.03920694178476846    
  0.10176     -0.03920885064086052    
  0.10176500000000001     -0.03921075949433032    
  0.10177     -0.03921266834517995    
  0.101775     -0.0392145771934076    
  0.10178000000000001     -0.03921648603901399    
  0.101785     -0.03921839488199854    
  0.10179     -0.03922030372236101    
  0.10179500000000001     -0.03922221256010112    
  0.1018     -0.03922412139522096    
  0.101805     -0.03922603022771759    
  0.10181000000000001     -0.039227939057590686    
  0.101815     -0.03922984788484317    
  0.10182000000000001     -0.03923175670947292    
  0.101825     -0.0392336655314778    
  0.10183     -0.03923557435086248    
  0.10183500000000001     -0.03923748316762224    
  0.10184     -0.03923939198175973    
  0.101845     -0.03924130079327485    
  0.10185000000000001     -0.03924320960216525    
  0.101855     -0.03924511840843088    
  0.10186     -0.03924702721207568    
  0.10186500000000001     -0.03924893601309597    
  0.10187     -0.039250844811491464    
  0.10187500000000001     -0.03925275360726261    
  0.10188     -0.03925466240041103    
  0.101885     -0.03925657119093347    
  0.10189000000000001     -0.03925847997883207    
  0.101895     -0.039260388764106834    
  0.1019     -0.03926229754675504    
  0.10190500000000001     -0.03926420632677927    
  0.10191     -0.03926611510417907    
  0.101915     -0.03926802387895388    
  0.10192000000000001     -0.03926993265110334    
  0.101925     -0.03927184142062697    
  0.10193     -0.039273750187524735    
  0.101935     -0.03927565895179736    
  0.10194     -0.03927756771344434    
  0.10194500000000001     -0.03927947647246592    
  0.10195     -0.039281385228860405    
  0.101955     -0.03928329398262848    
  0.10196000000000001     -0.03928520273377017    
  0.101965     -0.03928711148228774    
  0.10197     -0.039289020228176076    
  0.10197500000000001     -0.03929092897143993    
  0.10198     -0.03929283771207504    
  0.101985     -0.03929474645008398    
  0.10199000000000001     -0.03929665518546578    
  0.101995     -0.039298563918219794    
  0.10200000000000001     -0.03930047264834658    
  0.102005     -0.039302381375846906    
  0.10201     -0.03930429010071779    
  0.10201500000000001     -0.03930619882296167    
  0.10202     -0.03930810754257871    
  0.102025     -0.039310016259566836    
  0.10203000000000001     -0.03931192497392652    
  0.102035     -0.0393138336856575    
  0.10204     -0.039315742394762335    
  0.10204500000000001     -0.039317651101236584    
  0.10205     -0.039319559805082824    
  0.102055     -0.039321468506300014    
  0.10206000000000001     -0.03932337720488732    
  0.102065     -0.039325285900847586    
  0.10207000000000001     -0.039327194594176634    
  0.102075     -0.039329103284878146    
  0.10208     -0.0393310119729475    
  0.10208500000000001     -0.039332920658388996    
  0.10209     -0.039334829341202276    
  0.102095     -0.03933673802138343    
  0.10210000000000001     -0.039338646698934575    
  0.102105     -0.03934055537385529    
  0.10211     -0.039342464046146976    
  0.10211500000000001     -0.03934437271580801    
  0.10212     -0.03934628138283864    
  0.10212500000000001     -0.0393481900472386    
  0.10213     -0.03935009870900695    
  0.102135     -0.03935200736814544    
  0.10214000000000001     -0.03935391602465127    
  0.102145     -0.03935582467852763    
  0.10215     -0.03935773332977106    
  0.10215500000000001     -0.039359641978384735    
  0.10216     -0.03936155062436487    
  0.102165     -0.039363459267714146    
  0.10217000000000001     -0.039365367908431474    
  0.102175     -0.03936727654651709    
  0.10218     -0.03936918518197118    
  0.102185     -0.039371093814791765    
  0.10219     -0.03937300244497968    
  0.10219500000000001     -0.039374911072536115    
  0.1022     -0.039376819697459625    
  0.102205     -0.03937872831975102    
  0.10221000000000001     -0.039380636939408464    
  0.102215     -0.03938254555643266    
  0.10222     -0.039384454170823376    
  0.10222500000000001     -0.039386362782581896    
  0.10223     -0.03938827139170608    
  0.102235     -0.039390179998197716    
  0.10224     -0.03939208860205399    
  0.102245     -0.0393939972032779    
  0.10225000000000001     -0.03939590580186662    
  0.102255     -0.03939781439782221    
  0.10226     -0.03939972299114362    
  0.10226500000000001     -0.039401631581829424    
  0.10227     -0.03940354016988104    
  0.102275     -0.03940544875529833    
  0.10228000000000001     -0.03940735733808162    
  0.102285     -0.03940926591822851    
  0.10229     -0.039411174495742086    
  0.10229500000000001     -0.03941308307061949    
  0.1023     -0.03941499164286034    
  0.10230500000000001     -0.039416900212467895    
  0.10231     -0.03941880877943857    
  0.102315     -0.039420717343773545    
  0.10232000000000001     -0.03942262590547433    
  0.102325     -0.03942453446453769    
  0.10233     -0.03942644302096388    
  0.10233500000000001     -0.03942835157475556    
  0.10234     -0.039430260125909236    
  0.102345     -0.039432168674428066    
  0.10235000000000001     -0.039434077220309637    
  0.102355     -0.03943598576355369    
  0.10236     -0.039437894304162044    
  0.10236500000000001     -0.039439802842133095    
  0.10237     -0.0394417113774665    
  0.10237500000000001     -0.03944361991016284    
  0.10238     -0.03944552844022187    
  0.102385     -0.03944743696764212    
  0.10239000000000001     -0.03944934549242492    
  0.102395     -0.03945125401457108    
  0.1024     -0.039453162534078455    
  0.10240500000000001     -0.03945507105094922    
  0.10241     -0.03945697956518083    
  0.102415     -0.039458888076773585    
  0.10242000000000001     -0.03946079658572826    
  0.102425     -0.03946270509204375    
  0.10243000000000001     -0.03946461359572115    
  0.102435     -0.0394665220967588    
  0.10244     -0.03946843059515853    
  0.10244500000000001     -0.03947033909091719    
  0.10245     -0.03947224758403816    
  0.102455     -0.03947415607452035    
  0.10246000000000001     -0.03947606456236086    
  0.102465     -0.03947797304756339    
  0.10247     -0.0394798815301249    
  0.10247500000000001     -0.03948179001004705    
  0.10248     -0.03948369848732981    
  0.102485     -0.039485606961970246    
  0.10249     -0.03948751543397226    
  0.102495     -0.03948942390333377    
  0.10250000000000001     -0.03949133237005475    
  0.102505     -0.039493240834133816    
  0.10251     -0.039495149295571484    
  0.10251500000000001     -0.03949705775436989    
  0.10252     -0.03949896621052603    
  0.102525     -0.03950087466404156    
  0.10253000000000001     -0.03950278311491532    
  0.102535     -0.03950469156314839    
  0.10254     -0.039506600008738624    
  0.10254500000000001     -0.039508508451687296    
  0.10255     -0.039510416891993326    
  0.10255500000000001     -0.03951232532965811    
  0.10256     -0.03951423376468124    
  0.102565     -0.039516142197061704    
  0.10257     -0.0395180506267984    
  0.102575     -0.039519959053893924    
  0.10258     -0.039521867478346226    
  0.102585     -0.03952377590015463    
  0.10259     -0.03952568431932083    
  0.10259499999999999     -0.03952759273584469    
  0.1026     -0.039529501149725456    
  0.102605     -0.039531409560961794    
  0.10260999999999999     -0.03953331796955418    
  0.102615     -0.03953522637550419    
  0.10262     -0.039537134778808894    
  0.102625     -0.039539043179470684    
  0.10263     -0.039540951577487576    
  0.102635     -0.03954285997286152    
  0.10264     -0.03954476836558984    
  0.102645     -0.03954667675567532    
  0.10265     -0.03954858514311457    
  0.102655     -0.03955049352791053    
  0.10266     -0.03955240191006068    
  0.10266499999999999     -0.03955431028956506    
  0.10267     -0.039556218666425794    
  0.102675     -0.039558127040640476    
  0.10268     -0.03956003541221063    
  0.102685     -0.03956194378113411    
  0.10269     -0.03956385214741172    
  0.102695     -0.0395657605110453    
  0.1027     -0.039567668872032134    
  0.102705     -0.039569577230371696    
  0.10271     -0.03957148558606608    
  0.102715     -0.03957339393911504    
  0.10271999999999999     -0.03957530228951609    
  0.102725     -0.03957721063727038    
  0.10273     -0.03957911898237883    
  0.10273499999999999     -0.03958102732484122    
  0.10274     -0.0395829356646551    
  0.102745     -0.03958484400182261    
  0.10275     -0.03958675233634399    
  0.102755     -0.039588660668214724    
  0.10276     -0.039590568997440824    
  0.102765     -0.039592477324017    
  0.10277     -0.03959438564794751    
  0.102775     -0.039596293969228834    
  0.10278     -0.03959820228786287    
  0.102785     -0.03960011060384845    
  0.10278999999999999     -0.03960201891718533    
  0.102795     -0.03960392722787326    
  0.1028     -0.03960583553591345    
  0.102805     -0.039607743841305706    
  0.10281     -0.039609652144048144    
  0.102815     -0.03961156044414168    
  0.10282     -0.039613468741585944    
  0.102825     -0.03961537703638131    
  0.10283     -0.039617285328527554    
  0.102835     -0.03961919361802407    
  0.10284     -0.03962110190487065    
  0.10284499999999999     -0.039623010189066984    
  0.10285     -0.039624918470614584    
  0.102855     -0.03962682674951136    
  0.10286     -0.03962873502575864    
  0.102865     -0.03963064329935525    
  0.10287     -0.0396325515703007    
  0.102875     -0.039634459838596536    
  0.10288     -0.039636368104242196    
  0.102885     -0.039638276367236144    
  0.10289     -0.039640184627578866    
  0.102895     -0.03964209288527102    
  0.10289999999999999     -0.03964400114031085    
  0.102905     -0.03964590939270018    
  0.10291     -0.039647817642438674    
  0.10291499999999999     -0.039649725889525575    
  0.10292     -0.03965163413395947    
  0.102925     -0.03965354237574197    
  0.10293     -0.03965545061487358    
  0.102935     -0.03965735885135054    
  0.10294     -0.03965926708517656    
  0.102945     -0.039661175316350286    
  0.10295     -0.039663083544871976    
  0.102955     -0.039664991770740794    
  0.10296     -0.039666899993955916    
  0.102965     -0.03966880821451868    
  0.10296999999999999     -0.039670716432428775    
  0.102975     -0.03967262464768408    
  0.10298     -0.03967453286028719    
  0.102985     -0.0396764410702373    
  0.10299     -0.039678349277532846    
  0.102995     -0.0396802574821745    
  0.103     -0.03968216568416342    
  0.103005     -0.0396840738834971    
  0.10301     -0.03968598208017666    
  0.103015     -0.03968789027420274    
  0.10302     -0.03968979846557416    
  0.10302499999999999     -0.03969170665429161    
  0.10303     -0.03969361484035325    
  0.103035     -0.039695523023761364    
  0.10303999999999999     -0.03969743120451334    
  0.103045     -0.03969933938261045    
  0.10305     -0.039701247558052474    
  0.103055     -0.039703155730839844    
  0.10306     -0.03970506390097097    
  0.103065     -0.03970697206844722    
  0.10307     -0.03970888023326716    
  0.103075     -0.03971078839543025    
  0.10308     -0.03971269655493864    
  0.103085     -0.03971460471179009    
  0.10309     -0.03971651286598683    
  0.10309499999999999     -0.039718421017526595    
  0.1031     -0.039720329166408934    
  0.103105     -0.03972223731263461    
  0.10311     -0.03972414545620433    
  0.103115     -0.03972605359711674    
  0.10312     -0.03972796173537242    
  0.103125     -0.03972986987097002    
  0.10313     -0.03973177800391002    
  0.103135     -0.03973368613419343    
  0.10314     -0.039735594261820224    
  0.103145     -0.03973750238678755    
  0.10314999999999999     -0.03973941050909718    
  0.103155     -0.03974131862874992    
  0.10316     -0.03974322674574329    
  0.10316499999999999     -0.03974513486007972    
  0.10317     -0.03974704297175576    
  0.103175     -0.03974895108077448    
  0.10318     -0.0397508591871349    
  0.103185     -0.039752767290836925    
  0.10319     -0.039754675391879234    
  0.103195     -0.03975658349026392    
  0.1032     -0.039758491585987814    
  0.10320499999999999     -0.03976039967905189    
  0.10321     -0.03976230776945779    
  0.103215     -0.039764215857202814    
  0.10321999999999999     -0.03976612394228931    
  0.103225     -0.03976803202471617    
  0.10323     -0.03976994010448207    
  0.103235     -0.03977184818158732    
  0.10324     -0.039773756256033875    
  0.103245     -0.039775664327819524    
  0.10325     -0.03977757239694486    
  0.103255     -0.039779480463408345    
  0.10326     -0.03978138852721238    
  0.103265     -0.039783296588355305    
  0.10327     -0.03978520464683676    
  0.10327499999999999     -0.03978711270265745    
  0.10328     -0.039789020755817424    
  0.103285     -0.03979092880631386    
  0.10328999999999999     -0.03979283685415091    
  0.103295     -0.03979474489932624    
  0.1033     -0.039796652941837395    
  0.103305     -0.039798560981688054    
  0.10331     -0.039800469018876336    
  0.103315     -0.03980237705340304    
  0.10332     -0.03980428508526679    
  0.103325     -0.03980619311446762    
  0.10332999999999999     -0.039808101141007336    
  0.103335     -0.0398100091648833    
  0.10334     -0.03981191718609671    
  0.10334499999999999     -0.03981382520464707    
  0.10335     -0.03981573322053413    
  0.103355     -0.03981764123375681    
  0.10336     -0.03981954924431766    
  0.103365     -0.039821457252213546    
  0.10337     -0.039823365257446036    
  0.103375     -0.039825273260015566    
  0.10338     -0.03982718125992067    
  0.103385     -0.039829089257161464    
  0.10339     -0.039830997251739476    
  0.103395     -0.03983290524365138    
  0.10339999999999999     -0.03983481323289973    
  0.103405     -0.03983672121948346    
  0.10341     -0.039838629203400665    
  0.10341499999999999     -0.039840537184655314    
  0.10342     -0.03984244516324268    
  0.103425     -0.03984435313916687    
  0.10343     -0.039846261112425    
  0.103435     -0.0398481690830179    
  0.10344     -0.039850077050945155    
  0.103445     -0.03985198501620818    
  0.10345     -0.0398538929788032    
  0.10345499999999999     -0.03985580093873258    
  0.10346     -0.03985770889599654    
  0.103465     -0.03985961685059326    
  0.10346999999999999     -0.03986152480252554    
  0.103475     -0.039863432751790294    
  0.10348     -0.03986534069838772    
  0.103485     -0.03986724864231931    
  0.10349     -0.039869156583583636    
  0.103495     -0.039871064522180436    
  0.1035     -0.039872972458110896    
  0.103505     -0.03987488039137448    
  0.10351     -0.039876788321969295    
  0.103515     -0.03987869624989629    
  0.10352     -0.039880604175158436    
  0.10352499999999999     -0.039882512097751954    
  0.10353     -0.0398844200176751    
  0.103535     -0.03988632793493244    
  0.10354     -0.039888235849520365    
  0.103545     -0.03989014376144038    
  0.10355     -0.039892051670692506    
  0.103555     -0.03989395957727462    
  0.10356     -0.039895867481189236    
  0.103565     -0.039897775382433276    
  0.10357     -0.039899683281010866    
  0.103575     -0.039901591176918355    
  0.10357999999999999     -0.03990349907015567    
  0.103585     -0.039905406960724935    
  0.10359     -0.03990731484862349    
  0.10359499999999999     -0.039909222733851286    
  0.1036     -0.03991113061641196    
  0.103605     -0.03991303849630139    
  0.10361     -0.03991494637352153    
  0.103615     -0.03991685424807082    
  0.10362     -0.03991876211995037    
  0.103625     -0.039920669989158435    
  0.10363     -0.03992257785569566    
  0.103635     -0.03992448571956295    
  0.10364     -0.03992639358075988    
  0.103645     -0.03992830143928631    
  0.10364999999999999     -0.03993020929513916    
  0.103655     -0.039932117148322545    
  0.10366     -0.03993402499883332    
  0.103665     -0.039935932846674106    
  0.10367     -0.039937840691842155    
  0.103675     -0.039939748534339695    
  0.10368     -0.03994165637416399    
  0.103685     -0.03994356421131768    
  0.10369     -0.03994547204579754    
  0.103695     -0.039947379877604584    
  0.1037     -0.039949287706741    
  0.10370499999999999     -0.03995119553320348    
  0.10371     -0.039953103356995305    
  0.103715     -0.03995501117811105    
  0.10371999999999999     -0.039956918996557025    
  0.103725     -0.03995882681232805    
  0.10373     -0.039960734625426125    
  0.103735     -0.039962642435851216    
  0.10374     -0.039964550243602834    
  0.103745     -0.0399664580486804    
  0.10375     -0.039968365851083314    
  0.103755     -0.039970273650814354    
  0.10375999999999999     -0.039972181447869584    
  0.103765     -0.03997408924225273    
  0.10377     -0.03997599703395866    
  0.10377499999999999     -0.03997790482299247    
  0.10378     -0.039979812609350504    
  0.103785     -0.0399817203930343    
  0.10379     -0.03998362817404329    
  0.103795     -0.039985535952376444    
  0.1038     -0.039987443728036316    
  0.103805     -0.03998935150102033    
  0.10381     -0.039991259271327344    
  0.103815     -0.039993167038961025    
  0.10382     -0.039995074803918736    
  0.103825     -0.039996982566199935    
  0.10382999999999999     -0.03999889032580461    
  0.103835     -0.0400007980827343    
  0.10384     -0.04000270583698735    
  0.10384499999999999     -0.0400046135885633    
  0.10385     -0.04000652133746423    
  0.103855     -0.04000842908368744    
  0.10386     -0.04001033682723549    
  0.103865     -0.0400122445681064    
  0.10387     -0.04001415230630048    
  0.103875     -0.04001606004181576    
  0.10388     -0.04001796777465537    
  0.10388499999999999     -0.040019875504816574    
  0.10389     -0.04002178323230149    
  0.103895     -0.040023690957107456    
  0.10389999999999999     -0.04002559867923557    
  0.103905     -0.04002750639868779    
  0.10391     -0.04002941411546098    
  0.103915     -0.04003132182955522    
  0.10392     -0.04003322954097189    
  0.103925     -0.04003513724970957    
  0.10393     -0.04003704495576915    
  0.103935     -0.0400389526591507    
  0.10394     -0.04004086035985312    
  0.103945     -0.04004276805787631    
  0.10395     -0.0400446757532198    
  0.10395499999999999     -0.0400465834458841    
  0.10396     -0.040048491135870265    
  0.103965     -0.040050398823174994    
  0.10396999999999999     -0.04005230650780207    
  0.103975     -0.04005421418974878    
  0.10398     -0.0400561218690156    
  0.103985     -0.0400580295456015    
  0.10399     -0.04005993721950806    
  0.103995     -0.040061844890734714    
  0.104     -0.04006375255928038    
  0.104005     -0.04006566022514602    
  0.10400999999999999     -0.040067567888331185    
  0.104015     -0.0400694755488348    
  0.10402     -0.04007138320665675    
  0.10402499999999999     -0.04007329086179975    
  0.10403     -0.04007519851426052    
  0.104035     -0.04007710616404017    
  0.10404     -0.040079013811137064    
  0.104045     -0.0400809214555538    
  0.10405     -0.040082829097286665    
  0.104055     -0.040084736736339895    
  0.10406     -0.04008664437271084    
  0.10406499999999999     -0.040088552006399936    
  0.10407     -0.04009045963740563    
  0.104075     -0.04009236726572891    
  0.10407999999999999     -0.04009427489136984    
  0.104085     -0.04009618251432776    
  0.10409     -0.04009809013460424    
  0.104095     -0.04009999775219782    
  0.1041     -0.04010190536710674    
  0.104105     -0.04010381297933368    
  0.10411     -0.04010572058887654    
  0.104115     -0.040107628195737835    
  0.10412     -0.04010953579991183    
  0.104125     -0.04011144340140586    
  0.10413     -0.04011335100021404    
  0.10413499999999999     -0.040115258596338056    
  0.10414     -0.040117166189779375    
  0.104145     -0.040119073780534815    
  0.10414999999999999     -0.0401209813686054    
  0.104155     -0.04012288895399383    
  0.10416     -0.0401247965366963    
  0.104165     -0.04012670411671389    
  0.10417     -0.04012861169404713    
  0.104175     -0.04013051926869484    
  0.10418     -0.04013242684065706    
  0.104185     -0.04013433440993436    
  0.10418999999999999     -0.04013624197652705    
  0.104195     -0.040138149540433224    
  0.1042     -0.040140057101653824    
  0.10420499999999999     -0.0401419646601888    
  0.10421     -0.04014387221603708    
  0.104215     -0.04014577976919921    
  0.10422     -0.040147687319675704    
  0.104225     -0.04014959486746645    
  0.10423     -0.04015150241256938    
  0.104235     -0.04015340995498605    
  0.10424     -0.04015531749471698    
  0.104245     -0.040157225031758975    
  0.10425     -0.04015913256611462    
  0.104255     -0.040161040097785004    
  0.10425999999999999     -0.04016294762676528    
  0.104265     -0.04016485515306019    
  0.10427     -0.040166762676665614    
  0.10427499999999999     -0.04016867019758607    
  0.10428     -0.040170577715815343    
  0.104285     -0.040172485231359245    
  0.10429     -0.04017439274421392    
  0.104295     -0.04017630025438003    
  0.1043     -0.040178207761859014    
  0.104305     -0.04018011526664772    
  0.10431     -0.04018202276874985    
  0.10431499999999999     -0.04018393026816273    
  0.10432     -0.04018583776488527    
  0.104325     -0.040187745258921166    
  0.10432999999999999     -0.04018965275026456    
  0.104335     -0.04019156023892121    
  0.10434     -0.040193467724887445    
  0.104345     -0.040195375208164345    
  0.10435     -0.040197282688751786    
  0.104355     -0.04019919016664978    
  0.10436     -0.04020109764185621    
  0.104365     -0.04020300511437369    
  0.10437     -0.0402049125842006    
  0.104375     -0.04020682005133747    
  0.10438     -0.040208727515784345    
  0.10438499999999999     -0.04021063497754053    
  0.10439     -0.0402125424366045    
  0.104395     -0.04021444989297826    
  0.10439999999999999     -0.040216357346661395    
  0.104405     -0.04021826479765277    
  0.10441     -0.04022017224595336    
  0.104415     -0.04022207969156221    
  0.10442     -0.04022398713448075    
  0.104425     -0.04022589457470476    
  0.10443     -0.04022780201223959    
  0.104435     -0.04022970944708145    
  0.10443999999999999     -0.04023161687923192    
  0.104445     -0.04023352430868938    
  0.10445     -0.04023543173545431    
  0.10445499999999999     -0.0402373391595273    
  0.10446     -0.04023924658090772    
  0.104465     -0.040241153999594534    
  0.10447     -0.04024306141558873    
  0.104475     -0.040244968828890844    
  0.10448     -0.04024687623949931    
  0.104485     -0.040248783647414584    
  0.10449     -0.040250691052636664    
  0.104495     -0.04025259845516443    
  0.1045     -0.04025450585499849    
  0.104505     -0.04025641325213864    
  0.10450999999999999     -0.04025832064658612    
  0.104515     -0.04026022803833813    
  0.10452     -0.0402621354273968    
  0.10452499999999999     -0.04026404281376106    
  0.10453     -0.04026595019743093    
  0.104535     -0.04026785757840579    
  0.10454     -0.04026976495668514    
  0.104545     -0.04027167233227047    
  0.10455     -0.04027357970516075    
  0.104555     -0.040275487075356484    
  0.10456     -0.040277394442855025    
  0.10456499999999999     -0.04027930180766058    
  0.10457     -0.04028120916976936    
  0.104575     -0.04028311652918198    
  0.10457999999999999     -0.0402850238859004    
  0.104585     -0.040286931239920436    
  0.10459     -0.040288838591246844    
  0.104595     -0.04029074593987595    
  0.1046     -0.040292653285808125    
  0.104605     -0.040294560629045545    
  0.10461     -0.040296467969584006    
  0.104615     -0.04029837530742708    
  0.10461999999999999     -0.04030028264257428    
  0.104625     -0.04030218997502395    
  0.10463     -0.04030409730477556    
  0.10463499999999999     -0.04030600463183019    
  0.10464     -0.04030791195618722    
  0.104645     -0.04030981927784724    
  0.10464999999999999     -0.04031172659680909    
  0.104655     -0.040313633913073854    
  0.10466     -0.040315541226640425    
  0.104665     -0.040317448537508266    
  0.10467     -0.04031935584567893    
  0.104675     -0.04032126315115029    
  0.10468     -0.040323170453923446    
  0.104685     -0.04032507775399868    
  0.10468999999999999     -0.0403269850513747    
  0.104695     -0.04032889234605174    
  0.1047     -0.040330799638031066    
  0.10470499999999999     -0.04033270692730824    
  0.10471     -0.04033461421388913    
  0.104715     -0.04033652149776901    
  0.10472     -0.04033842877894983    
  0.104725     -0.04034033605743116    
  0.10473     -0.040342243333212416    
  0.104735     -0.04034415060629408    
  0.10474     -0.040346057876676146    
  0.10474499999999999     -0.040347965144357074    
  0.10475     -0.040349872409337746    
  0.104755     -0.04035177967161827    
  0.10475999999999999     -0.040353686931198625    
  0.104765     -0.04035559418807714    
  0.10477     -0.04035750144225543    
  0.104775     -0.04035940869373232    
  0.10478     -0.040361315942509454    
  0.104785     -0.04036322318858369    
  0.10479     -0.04036513043195753    
  0.104795     -0.04036703767263048    
  0.1048     -0.04036894491060089    
  0.104805     -0.04037085214586884    
  0.10481     -0.04037275937843427    
  0.10481499999999999     -0.04037466660830076    
  0.10482     -0.040376573835462025    
  0.104825     -0.04037848105992231    
  0.10482999999999999     -0.040380388281679946    
  0.104835     -0.04038229550073441    
  0.10484     -0.040384202717087175    
  0.104845     -0.04038610993073681    
  0.10485     -0.040388017141683136    
  0.104855     -0.04038992434992781    
  0.10486     -0.0403918315554676    
  0.104865     -0.0403937387583046    
  0.10486999999999999     -0.04039564595843825    
  0.104875     -0.04039755315586696    
  0.10488     -0.04039946035059227    
  0.10488499999999999     -0.04040136754261473    
  0.10489     -0.04040327473193323    
  0.104895     -0.040405181918546716    
  0.1049     -0.04040708910245612    
  0.104905     -0.040408996283661604    
  0.10491     -0.04041090346216141    
  0.104915     -0.04041281063795768    
  0.10492     -0.040414717811048786    
  0.10492499999999999     -0.040416624981434265    
  0.10493     -0.04041853214911508    
  0.104935     -0.04042043931409056    
  0.10493999999999999     -0.04042234647636142    
  0.104945     -0.04042425363592547    
  0.10495     -0.040426160792784764    
  0.10495499999999999     -0.040428067946938685    
  0.10496     -0.040429975098385786    
  0.104965     -0.040431882247126454    
  0.10497     -0.0404337893931612    
  0.104975     -0.0404356965364911    
  0.10498     -0.04043760367711351    
  0.104985     -0.04043951081502939    
  0.10499     -0.04044141795023876    
  0.10499499999999999     -0.040443325082741066    
  0.105     -0.04044523221253683    
  0.105005     -0.04044713933962443    
  0.10500999999999999     -0.040449046464006495    
  0.105015     -0.04045095358568034    
  0.10502     -0.04045286070464596    
  0.105025     -0.04045476782090438    
  0.10503     -0.0404566749344551    
  0.105035     -0.040458582045298036    
  0.10504     -0.04046048915343368    
  0.105045     -0.04046239625886043    
  0.10504999999999999     -0.04046430336157883    
  0.105055     -0.040466210461589394    
  0.10506     -0.04046811755889155    
  0.10506499999999999     -0.040470024653483753    
  0.10507     -0.04047193174536743    
  0.105075     -0.040473838834542655    
  0.10507999999999999     -0.04047574592100884    
  0.105085     -0.04047765300476544    
  0.10509     -0.04047956008581249    
  0.105095     -0.04048146716414993    
  0.1051     -0.040483374239778734    
  0.105105     -0.040485281312697914    
  0.10511     -0.04048718838290582    
  0.105115     -0.04048909545040399    
  0.10512     -0.04049100251519304    
  0.10512500000000001     -0.04049290957727114    
  0.10513     -0.04049481663663951    
  0.105135     -0.04049672369329608    
  0.10514000000000001     -0.04049863074724275    
  0.105145     -0.040500537798479584    
  0.10515000000000001     -0.04050244484700391    
  0.105155     -0.04050435189281728    
  0.10516     -0.04050625893591924    
  0.10516500000000001     -0.04050816597631118    
  0.10517     -0.0405100730139906    
  0.105175     -0.04051198004895838    
  0.10518000000000001     -0.04051388708121517    
  0.105185     -0.04051579411075878    
  0.10519     -0.040517701137591296    
  0.10519500000000001     -0.04051960816171263    
  0.1052     -0.040521515183119715    
  0.105205     -0.04052342220181561    
  0.10521000000000001     -0.04052532921779874    
  0.105215     -0.04052723623106962    
  0.10522000000000001     -0.04052914324162714    
  0.105225     -0.04053105024947075    
  0.10523     -0.04053295725460316    
  0.10523500000000001     -0.04053486425702    
  0.10524     -0.04053677125672551    
  0.105245     -0.04053867825371762    
  0.10525000000000001     -0.040540585247995704    
  0.105255     -0.040542492239559705    
  0.10526     -0.04054439922840916    
  0.10526500000000001     -0.04054630621454719    
  0.10527     -0.040548213197968544    
  0.10527500000000001     -0.040550120178677866    
  0.10528     -0.04055202715667088    
  0.105285     -0.04055393413194822    
  0.10529000000000001     -0.04055584110451243    
  0.105295     -0.04055774807436241    
  0.1053     -0.040559655041498666    
  0.10530500000000001     -0.04056156200591653    
  0.10531     -0.04056346896762058    
  0.105315     -0.04056537592661036    
  0.10532000000000001     -0.0405672828828837    
  0.105325     -0.040569189836442254    
  0.10533000000000001     -0.040571096787283746    
  0.10533500000000001     -0.040573003735409834    
  0.10534     -0.04057491068082093    
  0.10534500000000001     -0.04057681762351556    
  0.10535     -0.04057872456349355    
  0.105355     -0.040580631500755006    
  0.10536000000000001     -0.04058253843530039    
  0.105365     -0.040584445367128616    
  0.10537     -0.04058635229623972    
  0.10537500000000001     -0.04058825922263353    
  0.10538     -0.040590166146311744    
  0.105385     -0.04059207306727171    
  0.10539000000000001     -0.040593979985514825    
  0.105395     -0.04059588690104073    
  0.10540000000000001     -0.04059779381384987    
  0.105405     -0.0405997007239395    
  0.10541     -0.04060160763131236    
  0.10541500000000001     -0.04060351453596519    
  0.10542     -0.040605421437902744    
  0.105425     -0.040607328337121246    
  0.10543000000000001     -0.040609235233620214    
  0.105435     -0.040611142127401766    
  0.10544     -0.040613049018464735    
  0.10544500000000001     -0.04061495590680752    
  0.10545     -0.04061686279243284    
  0.10545500000000001     -0.040618769675338444    
  0.10546     -0.040620676555524884    
  0.105465     -0.04062258343299223    
  0.10547000000000001     -0.040624490307739757    
  0.105475     -0.04062639717976806    
  0.10548     -0.04062830404907665    
  0.10548500000000001     -0.040630210915665835    
  0.10549     -0.040632117779535314    
  0.105495     -0.04063402464068337    
  0.10550000000000001     -0.040635931499112064    
  0.105505     -0.04063783835481981    
  0.10551     -0.0406397452078071    
  0.10551500000000001     -0.04064165205807395    
  0.10552     -0.040643558905618764    
  0.10552500000000001     -0.040645465750444566    
  0.10553     -0.040647372592548844    
  0.105535     -0.04064927943193102    
  0.10554000000000001     -0.04065118626859362    
  0.105545     -0.040653093102533025    
  0.10555     -0.04065499993375232    
  0.10555500000000001     -0.04065690676224884    
  0.10556     -0.04065881358802425    
  0.105565     -0.04066072041107785    
  0.10557000000000001     -0.04066262723140812    
  0.105575     -0.04066453404901662    
  0.10558000000000001     -0.040666440863902295    
  0.105585     -0.04066834767606713    
  0.10559     -0.04067025448550801    
  0.10559500000000001     -0.040672161292227546    
  0.1056     -0.04067406809622153    
  0.105605     -0.040675974897494666    
  0.10561000000000001     -0.04067788169604424    
  0.105615     -0.04067978849186977    
  0.10562     -0.04068169528497273    
  0.10562500000000001     -0.0406836020753511    
  0.10563     -0.04068550886300688    
  0.105635     -0.04068741564793747    
  0.10564000000000001     -0.040689322430145475    
  0.105645     -0.040691229209628726    
  0.10565000000000001     -0.04069313598638769    
  0.105655     -0.04069504276042299    
  0.10566     -0.04069694953173298    
  0.10566500000000001     -0.04069885630031813    
  0.10567     -0.040700763066178924    
  0.105675     -0.040702669829315974    
  0.10568000000000001     -0.04070457658972653    
  0.105685     -0.04070648334741216    
  0.10569     -0.0407083901023728    
  0.10569500000000001     -0.04071029685460856    
  0.1057     -0.04071220360411772    
  0.10570500000000001     -0.04071411035090193    
  0.10571     -0.04071601709496    
  0.105715     -0.04071792383629144    
  0.10572000000000001     -0.040719830574896844    
  0.105725     -0.040721737310776496    
  0.10573     -0.04072364404393008    
  0.10573500000000001     -0.040725550774357924    
  0.10574     -0.040727457502057536    
  0.105745     -0.04072936422702983    
  0.10575000000000001     -0.040731270949276886    
  0.105755     -0.04073317766879714    
  0.10576     -0.04073508438558902    
  0.105765     -0.040736991099654514    
  0.10577     -0.040738897810992124    
  0.10577500000000001     -0.04074080451960181    
  0.10578     -0.040742711225484514    
  0.105785     -0.040744617928640287    
  0.10579000000000001     -0.04074652462906544    
  0.105795     -0.040748431326764624    
  0.1058     -0.04075033802173417    
  0.10580500000000001     -0.04075224471397722    
  0.10581     -0.04075415140349054    
  0.105815     -0.04075605809027525    
  0.10582000000000001     -0.040757964774331815    
  0.105825     -0.040759871455659125    
  0.10583000000000001     -0.04076177813425718    
  0.105835     -0.040763684810126016    
  0.10584     -0.040765591483267076    
  0.10584500000000001     -0.040767498153675655    
  0.10585     -0.040769404821357    
  0.105855     -0.04077131148630742    
  0.10586000000000001     -0.04077321814853002    
  0.105865     -0.04077512480802059    
  0.10587     -0.04077703146478224    
  0.10587500000000001     -0.04077893811881391    
  0.10588     -0.040780844770115086    
  0.105885     -0.04078275141868457    
  0.10589     -0.04078465806452461    
  0.105895     -0.04078656470763404    
  0.10590000000000001     -0.04078847134801179    
  0.105905     -0.04079037798565887    
  0.10591     -0.040792284620575305    
  0.10591500000000001     -0.040794191252758946    
  0.10592     -0.04079609788221241    
  0.105925     -0.0407980045089341    
  0.10593000000000001     -0.04079991113292398    
  0.105935     -0.040801817754181964    
  0.10594     -0.04080372437270812    
  0.10594500000000001     -0.04080563098850241    
  0.10595     -0.04080753760156483    
  0.10595500000000001     -0.040809444211893184    
  0.10596     -0.04081135081949067    
  0.105965     -0.04081325742435618    
  0.10597000000000001     -0.04081516402648761    
  0.105975     -0.040817070625886985    
  0.10598     -0.04081897722255174    
  0.10598500000000001     -0.04082088381648446    
  0.10599     -0.04082279040768504    
  0.105995     -0.04082469699615089    
  0.10600000000000001     -0.040826603581883614    
  0.106005     -0.04082851016488206    
  0.10601000000000001     -0.04083041674514777    
  0.106015     -0.04083232332267762    
  0.10602     -0.04083422989747632    
  0.10602500000000001     -0.04083613646953807    
  0.10603     -0.04083804303886695    
  0.106035     -0.04083994960546101    
  0.10604000000000001     -0.04084185616932064    
  0.106045     -0.04084376273044529    
  0.10605     -0.04084566928883651    
  0.10605500000000001     -0.04084757584449069    
  0.10606     -0.04084948239740973    
  0.106065     -0.040851388947593804    
  0.10607000000000001     -0.04085329549504442    
  0.106075     -0.040855202039757205    
  0.10608000000000001     -0.040857108581736024    
  0.106085     -0.040859015120977484    
  0.10609     -0.04086092165748335    
  0.10609500000000001     -0.040862828191253454    
  0.1061     -0.04086473472228842    
  0.106105     -0.04086664125058545    
  0.10611000000000001     -0.040868547776146694    
  0.106115     -0.04087045429897217    
  0.10612     -0.04087236081905819    
  0.10612500000000001     -0.0408742673364093    
  0.10613     -0.04087617385102406    
  0.10613500000000001     -0.04087808036290034    
  0.10614     -0.0408799868720401    
  0.106145     -0.04088189337844245    
  0.10615000000000001     -0.040883799882108225    
  0.106155     -0.040885706383033356    
  0.10616     -0.0408876128812224    
  0.10616500000000001     -0.04088951937667438    
  0.10617     -0.04089142586938818    
  0.106175     -0.04089333235936336    
  0.10618000000000001     -0.04089523884660076    
  0.106185     -0.0408971453310995    
  0.10619     -0.04089905181285835    
  0.10619500000000001     -0.04090095829187845    
  0.1062     -0.040902864768160775    
  0.10620500000000001     -0.04090477124170422    
  0.10621     -0.04090667771250782    
  0.106215     -0.04090858418057299    
  0.10622000000000001     -0.04091049064589874    
  0.106225     -0.04091239710848405    
  0.10623     -0.04091430356833034    
  0.10623500000000001     -0.040916210025437126    
  0.10624     -0.040918116479803354    
  0.106245     -0.04092002293142897    
  0.10625000000000001     -0.04092192938031611    
  0.106255     -0.04092383582646254    
  0.10626000000000001     -0.04092574226986724    
  0.106265     -0.040927648710532394    
  0.10627     -0.04092955514845673    
  0.10627500000000001     -0.04093146158363989    
  0.10628     -0.040933368016082196    
  0.106285     -0.040935274445782766    
  0.10629000000000001     -0.0409371808727425    
  0.106295     -0.040939087296961954    
  0.1063     -0.04094099371843839    
  0.10630500000000001     -0.04094290013717504    
  0.10631     -0.04094480655316767    
  0.106315     -0.0409467129664204    
  0.10632     -0.04094861937692953    
  0.106325     -0.040950525784697815    
  0.10633000000000001     -0.040952432189721805    
  0.106335     -0.04095433859200594    
  0.10634     -0.04095624499154586    
  0.10634500000000001     -0.04095815138834365    
  0.10635     -0.040960057782397766    
  0.106355     -0.04096196417370975    
  0.10636000000000001     -0.040963870562278966    
  0.106365     -0.0409657769481029    
  0.10637     -0.040967683331186715    
  0.10637500000000001     -0.04096958971152507    
  0.10638     -0.04097149608911859    
  0.10638500000000001     -0.04097340246397088    
  0.10639     -0.04097530883607713    
  0.106395     -0.04097721520544051    
  0.10640000000000001     -0.04097912157206002    
  0.106405     -0.04098102793593402    
  0.10641     -0.04098293429706341    
  0.10641500000000001     -0.04098484065544991    
  0.10642     -0.04098674701109087    
  0.106425     -0.04098865336398666    
  0.10643000000000001     -0.040990559714137835    
  0.106435     -0.04099246606154285    
  0.10644     -0.04099437240620478    
  0.106445     -0.040996278748120514    
  0.10645     -0.04099818508729101    
  0.10645500000000001     -0.04100009142371365    
  0.10646     -0.04100199775739209    
  0.106465     -0.041003904088325736    
  0.10647000000000001     -0.04100581041651204    
  0.106475     -0.04100771674195245    
  0.10648     -0.04100962306464647    
  0.10648500000000001     -0.041011529384594625    
  0.10649     -0.04101343570179628    
  0.106495     -0.04101534201625042    
  0.10650000000000001     -0.041017248327956564    
  0.106505     -0.04101915463691717    
  0.10651000000000001     -0.041021060943131814    
  0.106515     -0.04102296724659722    
  0.10652     -0.041024873547316654    
  0.10652500000000001     -0.0410267798452878    
  0.10653     -0.04102868614051243    
  0.106535     -0.041030592432987734    
  0.10654000000000001     -0.041032498722716866    
  0.106545     -0.041034405009695095    
  0.10655     -0.04103631129392772    
  0.10655500000000001     -0.041038217575412504    
  0.10656     -0.04104012385414687    
  0.10656500000000001     -0.041042030130133356    
  0.10657     -0.04104393640337044    
  0.106575     -0.041045842673860175    
  0.10658000000000001     -0.041047748941600376    
  0.106585     -0.04104965520659168    
  0.10659     -0.041051561468833424    
  0.10659500000000001     -0.0410534677283266    
  0.1066     -0.04105537398506872    
  0.106605     -0.04105728023906273    
  0.10661000000000001     -0.0410591864903067    
  0.106615     -0.04106109273880043    
  0.10662     -0.04106299898454457    
  0.106625     -0.041064905227537404    
  0.10663     -0.04106681146778153    
  0.10663500000000001     -0.04106871770527281    
  0.10664     -0.04107062394001645    
  0.106645     -0.0410725301720077    
  0.10665000000000001     -0.04107443640124857    
  0.106655     -0.0410763426277386    
  0.10666     -0.041078248851477206    
  0.10666500000000001     -0.04108015507246544    
  0.10667     -0.04108206129069952    
  0.106675     -0.04108396750618479    
  0.10668000000000001     -0.041085873718918475    
  0.106685     -0.041087779928900184    
  0.10669000000000001     -0.041089686136129226    
  0.106695     -0.04109159234060724    
  0.1067     -0.041093498542332095    
  0.10670500000000001     -0.04109540474130526    
  0.10671     -0.04109731093752579    
  0.106715     -0.04109921713099409    
  0.10672000000000001     -0.04110112332170908    
  0.106725     -0.04110302950967192    
  0.10673     -0.04110493569488033    
  0.10673500000000001     -0.04110684187733748    
  0.10674     -0.04110874805704024    
  0.106745     -0.04111065423399065    
  0.10675     -0.041112560408187164    
  0.106755     -0.04111446657962968    
  0.10676000000000001     -0.04111637274831929    
  0.106765     -0.041118278914254354    
  0.10677     -0.04112018507743539    
  0.10677500000000001     -0.04112209123786239    
  0.10678     -0.041123997395534295    
  0.106785     -0.0411259035504542    
  0.10679000000000001     -0.04112780970261677    
  0.106795     -0.04112971585202631    
  0.1068     -0.04113162199868062    
  0.10680500000000001     -0.0411335281425802    
  0.10681     -0.04113543428372402    
  0.10681500000000001     -0.04113734042211367    
  0.10682     -0.041139246557747394    
  0.106825     -0.04114115269062533    
  0.10683000000000001     -0.04114305882074786    
  0.106835     -0.041144964948115065    
  0.10684     -0.04114687107272632    
  0.10684500000000001     -0.04114877719458112    
  0.10685     -0.04115068331368093    
  0.106855     -0.04115258943002223    
  0.10686000000000001     -0.04115449554360911    
  0.106865     -0.04115640165443881    
  0.10687     -0.04115830776251038    
  0.106875     -0.04116021386782907    
  0.10688     -0.041162119970386386    
  0.10688500000000001     -0.04116402607018912    
  0.10689     -0.04116593216723413    
  0.106895     -0.04116783826152139    
  0.10690000000000001     -0.041169744353052    
  0.106905     -0.04117165044182473    
  0.10691     -0.04117355652783804    
  0.10691500000000001     -0.041175462611097294    
  0.10692     -0.041177368691595495    
  0.106925     -0.04117927476933625    
  0.10693000000000001     -0.04118118084431872    
  0.106935     -0.04118308691654316    
  0.10694000000000001     -0.041184992986008084    
  0.106945     -0.04118689905271508    
  0.10695     -0.04118880511666298    
  0.10695500000000001     -0.04119071117785241    
  0.10696     -0.0411926172362826    
  0.106965     -0.04119452329195328    
  0.10697000000000001     -0.041196429344864754    
  0.106975     -0.04119833539501706    
  0.10698     -0.04120024144241019    
  0.10698500000000001     -0.04120214748704202    
  0.10699     -0.04120405352891568    
  0.106995     -0.04120595956802853    
  0.107     -0.041207865604380486    
  0.107005     -0.041209771637973645    
  0.10701000000000001     -0.041211677668804896    
  0.107015     -0.041213583696877894    
  0.10702     -0.04121548972218826    
  0.10702500000000001     -0.04121739574473773    
  0.10703     -0.04121930176452722    
  0.107035     -0.04122120778155625    
  0.10704000000000001     -0.04122311379582158    
  0.107045     -0.04122501980732857    
  0.10705     -0.041226925816071236    
  0.10705500000000001     -0.04122883182205547    
  0.10706     -0.04123073782527597    
  0.10706500000000001     -0.04123264382573475    
  0.10707     -0.04123454982343126    
  0.107075     -0.04123645581836614    
  0.10708000000000001     -0.041238361810538214    
  0.107085     -0.04124026779995006    
  0.10709     -0.041242173786597516    
  0.10709500000000001     -0.04124407977048154    
  0.1071     -0.041245985751604826    
  0.107105     -0.04124789172996257    
  0.10711000000000001     -0.041249797705558935    
  0.107115     -0.04125170367839241    
  0.10712     -0.0412536096484623    
  0.107125     -0.04125551561576925    
  0.10713     -0.04125742158031049    
  0.10713500000000001     -0.04125932754208976    
  0.10714     -0.041261233501104486    
  0.107145     -0.04126313945735649    
  0.10715000000000001     -0.04126504541084339    
  0.107155     -0.04126695136156548    
  0.10716     -0.041268857309523475    
  0.10716500000000001     -0.04127076325471767    
  0.10717     -0.04127266919714709    
  0.107175     -0.0412745751368112    
  0.10718     -0.04127648107371056    
  0.107185     -0.04127838700784549    
  0.10719000000000001     -0.041280292939214494    
  0.107195     -0.041282198867818684    
  0.1072     -0.04128410479365632    
  0.10720500000000001     -0.04128601071672907    
  0.10721     -0.04128791663703621    
  0.107215     -0.04128982255457793    
  0.10722000000000001     -0.04129172846935205    
  0.107225     -0.04129363438136318    
  0.10723     -0.041295540290605046    
  0.10723500000000001     -0.04129744619708135    
  0.10724     -0.041299352100790915    
  0.10724500000000001     -0.04130125800173443    
  0.10725     -0.04130316389991111    
  0.107255     -0.04130506979532107    
  0.10726000000000001     -0.04130697568796373    
  0.107265     -0.0413088815778391    
  0.10727     -0.04131078746494712    
  0.10727500000000001     -0.04131269334928719    
  0.10728     -0.04131459923086051    
  0.107285     -0.04131650510966638    
  0.10729000000000001     -0.04131841098570321    
  0.107295     -0.04132031685897259    
  0.1073     -0.041322222729474035    
  0.107305     -0.04132412859720794    
  0.10731     -0.04132603446217114    
  0.10731500000000001     -0.04132794032436741    
  0.10732     -0.04132984618379601    
  0.107325     -0.04133175204045499    
  0.10733000000000001     -0.0413336578943453    
  0.107335     -0.041335563745465834    
  0.10734     -0.04133746959381715    
  0.10734500000000001     -0.04133937543939972    
  0.10735     -0.041341281282212004    
  0.107355     -0.0413431871222555    
  0.10736000000000001     -0.04134509295952861    
  0.107365     -0.04134699879403232    
  0.10737000000000001     -0.04134890462576722    
  0.107375     -0.04135081045472962    
  0.10738     -0.041352716280924635    
  0.10738500000000001     -0.041354622104347066    
  0.10739     -0.04135652792499906    
  0.107395     -0.041358433742880424    
  0.10740000000000001     -0.04136033955799183    
  0.107405     -0.041362245370332625    
  0.10741     -0.041364151179901214    
  0.10741500000000001     -0.04136605698669869    
  0.10742     -0.041367962790726534    
  0.107425     -0.04136986859198164    
  0.10743     -0.04137177439046499    
  0.107435     -0.04137368018617653    
  0.10744000000000001     -0.04137558597911634    
  0.107445     -0.0413774917692848    
  0.10745     -0.04137939755668198    
  0.10745500000000001     -0.04138130334130577    
  0.10746     -0.041383209123157044    
  0.107465     -0.041385114902235426    
  0.10747000000000001     -0.041387020678542434    
  0.107475     -0.041388926452075835    
  0.10748     -0.04139083222283576    
  0.107485     -0.04139273799082361    
  0.10749     -0.04139464375603794    
  0.10749500000000001     -0.04139654951847758    
  0.1075     -0.04139845527814619    
  0.107505     -0.041400361035040016    
  0.10751000000000001     -0.04140226678916132    
  0.107515     -0.0414041725405073    
  0.10752     -0.0414060782890795    
  0.10752500000000001     -0.04140798403487853    
  0.10753     -0.041409889777902775    
  0.107535     -0.04141179551815261    
  0.10754000000000001     -0.04141370125562814    
  0.107545     -0.04141560699032768    
  0.10755     -0.04141751272225441    
  0.107555     -0.041419418451405156    
  0.10756     -0.04142132417778089    
  0.10756500000000001     -0.041423229901381246    
  0.10757     -0.04142513562220751    
  0.107575     -0.041427041340257716    
  0.10758000000000001     -0.04142894705553286    
  0.107585     -0.0414308527680303    
  0.10759     -0.04143275847775422    
  0.10759500000000001     -0.041434664184699356    
  0.1076     -0.04143656988887091    
  0.107605     -0.041438475590266755    
  0.10761     -0.041440381288885345    
  0.107615     -0.04144228698472602    
  0.10762000000000001     -0.04144419267779149    
  0.107625     -0.04144609836807909    
  0.10763     -0.04144800405559186    
  0.10763500000000001     -0.04144990974032522    
  0.10764     -0.04145181542228369    
  0.107645     -0.04145372110146314    
  0.10765000000000001     -0.041455626777865164    
  0.107655     -0.0414575324514912    
  0.10766     -0.041459438122338224    
  0.10766500000000001     -0.04146134379040865    
  0.10767     -0.04146324945569838    
  0.107675     -0.041465155118212096    
  0.10768     -0.04146706077794772    
  0.107685     -0.04146896643490462    
  0.10769     -0.0414708720890823    
  0.107695     -0.041472777740481755    
  0.1077     -0.04147468338910298    
  0.107705     -0.04147658903494593    
  0.10771     -0.04147849467800908    
  0.10771499999999999     -0.041480400318292775    
  0.10772     -0.04148230595579661    
  0.107725     -0.04148421159052165    
  0.10772999999999999     -0.041486117222467776    
  0.107735     -0.041488022851633374    
  0.10774     -0.04148992847802005    
  0.107745     -0.04149183410162565    
  0.10775     -0.04149373972245122    
  0.107755     -0.041495645340496705    
  0.10776     -0.04149755095576319    
  0.107765     -0.0414994565682474    
  0.10777     -0.04150136217795206    
  0.107775     -0.041503267784876084    
  0.10778     -0.041505173389017797    
  0.10778499999999999     -0.04150707899037988    
  0.10779     -0.04150898458896012    
  0.107795     -0.041510890184759064    
  0.10779999999999999     -0.04151279577777566    
  0.107805     -0.041514701368013496    
  0.10781     -0.04151660695546743    
  0.107815     -0.04151851254014041    
  0.10782     -0.04152041812203052    
  0.107825     -0.0415223237011391    
  0.10783     -0.041524229277465755    
  0.107835     -0.04152613485100932    
  0.10783999999999999     -0.04152804042177091    
  0.107845     -0.041529945989749885    
  0.10785     -0.04153185155494527    
  0.10785499999999999     -0.04153375711736006    
  0.10786     -0.04153566267699016    
  0.107865     -0.041537568233836045    
  0.10787     -0.04153947378790077    
  0.107875     -0.041541379339181776    
  0.10788     -0.04154328488767734    
  0.107885     -0.041545190433389764    
  0.10789     -0.04154709597631987    
  0.10789499999999999     -0.041549001516465546    
  0.1079     -0.04155090705382685    
  0.107905     -0.04155281258840272    
  0.10790999999999999     -0.0415547181201968    
  0.107915     -0.041556623649204254    
  0.10792     -0.04155852917542821    
  0.107925     -0.0415604346988662    
  0.10793     -0.041562340219519545    
  0.107935     -0.04156424573738896    
  0.10794     -0.04156615125247324    
  0.107945     -0.04156805676477081    
  0.10795     -0.04156996227428532    
  0.107955     -0.041571867781012545    
  0.10796     -0.041573773284954554    
  0.10796499999999999     -0.04157567878610977    
  0.10797     -0.04157758428447924    
  0.107975     -0.04157948978006341    
  0.10797999999999999     -0.04158139527286131    
  0.107985     -0.0415833007628728    
  0.10799     -0.04158520625009842    
  0.107995     -0.04158711173453662    
  0.108     -0.04158901721618834    
  0.108005     -0.041590922695052025    
  0.10801     -0.04159282817112931    
  0.108015     -0.04159473364442064    
  0.10801999999999999     -0.04159663911492379    
  0.108025     -0.041598544582640375    
  0.10803     -0.04160045004756734    
  0.10803499999999999     -0.04160235550970865    
  0.10804     -0.041604260969060794    
  0.108045     -0.04160616642562627    
  0.10805     -0.041608071879402436    
  0.108055     -0.04160997733039035    
  0.10806     -0.04161188277859161    
  0.108065     -0.04161378822400294    
  0.10807     -0.041615693666626555    
  0.108075     -0.04161759910645963    
  0.10808     -0.041619504543504854    
  0.108085     -0.04162140997776126    
  0.10808999999999999     -0.04162331540922968    
  0.108095     -0.04162522083790752    
  0.1081     -0.04162712626379539    
  0.10810499999999999     -0.041629031686894795    
  0.10811     -0.041630937107203524    
  0.108115     -0.041632842524722706    
  0.10812     -0.04163474793945332    
  0.108125     -0.04163665335139278    
  0.10813     -0.04163855876054201    
  0.108135     -0.04164046416690053    
  0.10814     -0.041642369570468823    
  0.10814499999999999     -0.04164427497124685    
  0.10815     -0.04164618036923465    
  0.108155     -0.041648085764430055    
  0.10815999999999999     -0.041649991156835604    
  0.108165     -0.041651896546448755    
  0.10817     -0.041653801933272123    
  0.108175     -0.041655707317303496    
  0.10818     -0.04165761269854338    
  0.108185     -0.0416595180769918    
  0.10819     -0.04166142345264718    
  0.108195     -0.04166332882551211    
  0.1082     -0.04166523419558435    
  0.108205     -0.04166713956286403    
  0.10821     -0.04166904492735261    
  0.10821499999999999     -0.04167095028904695    
  0.10822     -0.04167285564794971    
  0.108225     -0.04167476100405969    
  0.10822999999999999     -0.041676666357377504    
  0.108235     -0.041678571707900965    
  0.10824     -0.04168047705563111    
  0.108245     -0.04168238240056901    
  0.10825     -0.041684287742713516    
  0.108255     -0.041686193082064685    
  0.10826     -0.04168809841862086    
  0.108265     -0.04169000375238466    
  0.10826999999999999     -0.04169190908335396    
  0.108275     -0.041693814411529265    
  0.10828     -0.04169571973690954    
  0.10828499999999999     -0.041697625059496826    
  0.10829     -0.041699530379288995    
  0.108295     -0.04170143569628549    
  0.1083     -0.04170334101048842    
  0.108305     -0.041705246321895616    
  0.10831     -0.04170715163050924    
  0.108315     -0.04170905693632755    
  0.10832     -0.04171096223935021    
  0.108325     -0.04171286753957646    
  0.10833     -0.04171477283700798    
  0.108335     -0.04171667813164366    
  0.10833999999999999     -0.04171858342348502    
  0.108345     -0.041720488712527884    
  0.10835     -0.041722393998776426    
  0.10835499999999999     -0.04172429928222797    
  0.10836     -0.041726204562883576    
  0.108365     -0.041728109840742184    
  0.10837     -0.041730015115804715    
  0.108375     -0.041731920388071254    
  0.10838     -0.04173382565754071    
  0.108385     -0.04173573092421093    
  0.10839     -0.04173763618808665    
  0.10839499999999999     -0.04173954144916305    
  0.1084     -0.0417414467074439    
  0.108405     -0.041743351962925945    
  0.10840999999999999     -0.0417452572156102    
  0.108415     -0.04174716246549776    
  0.10842     -0.041749067712586435    
  0.108425     -0.04175097295687785    
  0.10843     -0.04175287819837139    
  0.108435     -0.041754783437064937    
  0.10844     -0.04175668867296171    
  0.108445     -0.04175859390605835    
  0.10844999999999999     -0.041760499136357605    
  0.108455     -0.04176240436385683    
  0.10846     -0.04176430958855857    
  0.10846499999999999     -0.04176621481045913    
  0.10847     -0.041768120029561165    
  0.108475     -0.04177002524586513    
  0.10848     -0.041771930459367404    
  0.108485     -0.04177383567007149    
  0.10849     -0.04177574087797484    
  0.108495     -0.041777646083079954    
  0.1085     -0.0417795512853839    
  0.108505     -0.04178145648488759    
  0.10851     -0.04178336168158975    
  0.108515     -0.04178526687549325    
  0.10851999999999999     -0.041787172066596316    
  0.108525     -0.04178907725489689    
  0.10853     -0.04179098244039818    
  0.10853499999999999     -0.04179288762309745    
  0.10854     -0.04179479280299516    
  0.108545     -0.041796697980093445    
  0.10855     -0.041798603154389685    
  0.108555     -0.041800508325883286    
  0.10856     -0.04180241349457634    
  0.108565     -0.041804318660466765    
  0.10857     -0.041806223823556046    
  0.10857499999999999     -0.041808128983842625    
  0.10858     -0.04181003414132851    
  0.108585     -0.04181193929600957    
  0.10858999999999999     -0.04181384444789042    
  0.108595     -0.041815749596966975    
  0.1086     -0.04181765474324222    
  0.108605     -0.041819559886714146    
  0.10861     -0.0418214650273826    
  0.108615     -0.04182337016524874    
  0.10862     -0.04182527530030925    
  0.108625     -0.041827180432569486    
  0.10863     -0.04182908556202361    
  0.108635     -0.04183099068867524    
  0.10864     -0.04183289581252446    
  0.10864499999999999     -0.04183480093356847    
  0.10865     -0.0418367060518084    
  0.108655     -0.04183861116724315    
  0.10865999999999999     -0.041840516279875804    
  0.108665     -0.04184242138970222    
  0.10867     -0.04184432649672496    
  0.108675     -0.04184623160094239    
  0.10868     -0.04184813670235456    
  0.108685     -0.04185004180096247    
  0.10869     -0.04185194689676499    
  0.108695     -0.04185385198976219    
  0.10869999999999999     -0.04185575707995396    
  0.108705     -0.04185766216733985    
  0.10871     -0.04185956725192078    
  0.10871499999999999     -0.04186147233369571    
  0.10872     -0.041863377412665756    
  0.108725     -0.04186528248882812    
  0.10873     -0.04186718756218404    
  0.108735     -0.041869092632734826    
  0.10874     -0.041870997700479515    
  0.108745     -0.04187290276541599    
  0.10875     -0.041874807827547426    
  0.10875499999999999     -0.041876712886869984    
  0.10876     -0.041878617943387944    
  0.108765     -0.04188052299709712    
  0.10876999999999999     -0.041882428047999    
  0.108775     -0.041884333096094614    
  0.10878     -0.04188623814138184    
  0.10878499999999999     -0.04188814318386223    
  0.10879     -0.041890048223534745    
  0.108795     -0.041891953260397206    
  0.1088     -0.04189385829445287    
  0.108805     -0.04189576332570094    
  0.10881     -0.04189766835414006    
  0.108815     -0.04189957337977113    
  0.10882     -0.04190147840259522    
  0.10882499999999999     -0.041903383422608076    
  0.10883     -0.0419052884398129    
  0.108835     -0.04190719345420902    
  0.10883999999999999     -0.04190909846579605    
  0.108845     -0.04191100347457326    
  0.10885     -0.04191290848054188    
  0.108855     -0.041914813483698535    
  0.10886     -0.04191671848404697    
  0.108865     -0.04191862348158723    
  0.10887     -0.041920528476316006    
  0.108875     -0.04192243346823594    
  0.10887999999999999     -0.04192433845734397    
  0.108885     -0.04192624344364308    
  0.10889     -0.041928148427130704    
  0.10889499999999999     -0.04193005340780838    
  0.1089     -0.04193195838567553    
  0.108905     -0.041933863360731086    
  0.10890999999999999     -0.041935768332975035    
  0.108915     -0.04193767330240898    
  0.10892     -0.04193957826903181    
  0.108925     -0.04194148323284348    
  0.10893     -0.04194338819384343    
  0.108935     -0.0419452931520306    
  0.10894     -0.04194719810740766    
  0.108945     -0.04194910305997036    
  0.10894999999999999     -0.04195100800972327    
  0.108955     -0.04195291295666392    
  0.10896     -0.04195481790079165    
  0.10896499999999999     -0.041956722842107046    
  0.10897     -0.04195862778060899    
  0.108975     -0.04196053271629953    
  0.10898     -0.04196243764917499    
  0.108985     -0.04196434257924014    
  0.10899     -0.04196624750649008    
  0.108995     -0.041968152430927635    
  0.109     -0.041970057352552576    
  0.10900499999999999     -0.04197196227136329    
  0.10901     -0.041973867187359994    
  0.109015     -0.041975772100544    
  0.10901999999999999     -0.04197767701091276    
  0.109025     -0.04197958191846839    
  0.10903     -0.0419814868232092    
  0.10903499999999999     -0.04198339172513624    
  0.10904     -0.04198529662424692    
  0.109045     -0.04198720152054588    
  0.10905     -0.04198910641402954    
  0.109055     -0.04199101130469718    
  0.10906     -0.04199291619254987    
  0.109065     -0.04199482107758767    
  0.10907     -0.041996725959811014    
  0.10907499999999999     -0.04199863083921785    
  0.10908     -0.04200053571581022    
  0.109085     -0.04200244058958639    
  0.10908999999999999     -0.0420043454605466    
  0.109095     -0.042006250328690556    
  0.1091     -0.042008155194019015    
  0.109105     -0.042010060056531205    
  0.10911     -0.04201196491622829    
  0.109115     -0.04201386977310709    
  0.10912     -0.04201577462717011    
  0.109125     -0.04201767947841584    
  0.10912999999999999     -0.04201958432684482    
  0.109135     -0.042021489172456884    
  0.10914     -0.042023394015252735    
  0.10914499999999999     -0.04202529885523    
  0.10915     -0.04202720369239092    
  0.109155     -0.04202910852673282    
  0.10916     -0.04203101335825943    
  0.109165     -0.04203291818696635    
  0.10917     -0.04203482301285582    
  0.109175     -0.04203672783592769    
  0.10918     -0.04203863265618144    
  0.109185     -0.042040537473616656    
  0.10919     -0.04204244228823263    
  0.109195     -0.042044347100029925    
  0.10919999999999999     -0.04204625190900951    
  0.109205     -0.04204815671516941    
  0.10921     -0.04205006151851109    
  0.10921499999999999     -0.0420519663190339    
  0.10922     -0.04205387111673743    
  0.109225     -0.04205577591162009    
  0.10923     -0.042057680703684375    
  0.109235     -0.042059585492929284    
  0.10924     -0.04206149027935368    
  0.109245     -0.04206339506295816    
  0.10925     -0.042065299843742666    
  0.10925499999999999     -0.042067204621706676    
  0.10926     -0.04206910939685162    
  0.109265     -0.04207101416917499    
  0.10926999999999999     -0.04207291893867881    
  0.109275     -0.04207482370536092    
  0.10928     -0.04207672846922242    
  0.109285     -0.042078633230263215    
  0.10929     -0.04208053798848232    
  0.109295     -0.04208244274388067    
  0.1093     -0.04208434749645776    
  0.109305     -0.042086252246213006    
  0.10930999999999999     -0.04208815699314641    
  0.109315     -0.042090061737258024    
  0.10932     -0.04209196647854824    
  0.10932499999999999     -0.04209387121701551    
  0.10933     -0.0420957759526609    
  0.109335     -0.04209768068548533    
  0.10933999999999999     -0.04209958541548624    
  0.109345     -0.04210149014266409    
  0.10935     -0.04210339486701992    
  0.109355     -0.04210529958855268    
  0.10936     -0.04210720430726119    
  0.109365     -0.04210910902314877    
  0.10937     -0.04211101373621205    
  0.109375     -0.042112918446450646    
  0.10937999999999999     -0.042114823153868136    
  0.109385     -0.04211672785846027    
  0.10939     -0.04211863256022916    
  0.10939499999999999     -0.04212053725917476    
  0.1094     -0.04212244195529549    
  0.109405     -0.0421243466485924    
  0.10941     -0.04212625133906434    
  0.109415     -0.042128156026713486    
  0.10942     -0.042130060711536604    
  0.109425     -0.04213196539353525    
  0.10943     -0.04213387007270942    
  0.10943499999999999     -0.04213577474905863    
  0.10944     -0.04213767942258164    
  0.109445     -0.04213958409328013    
  0.10944999999999999     -0.04214148876115345    
  0.109455     -0.04214339342620175    
  0.10946     -0.04214529808842325    
  0.10946499999999999     -0.04214720274781903    
  0.10947     -0.04214910740438916    
  0.109475     -0.042151012058132514    
  0.10948     -0.04215291670905003    
  0.109485     -0.0421548213571429    
  0.10949     -0.04215672600240887    
  0.109495     -0.04215863064484636    
  0.1095     -0.0421605352844585    
  0.10950499999999999     -0.04216243992124377    
  0.10951     -0.04216434455520146    
  0.109515     -0.042166249186332286    
  0.10951999999999999     -0.042168153814636046    
  0.109525     -0.042170058440112825    
  0.10953     -0.042171963062760984    
  0.109535     -0.042173867682581544    
  0.10954     -0.042175772299575    
  0.109545     -0.04217767691374138    
  0.10955     -0.04217958152507848    
  0.109555     -0.042181486133587374    
  0.10955999999999999     -0.04218339073926805    
  0.109565     -0.04218529534212046    
  0.10957     -0.04218719994214405    
  0.10957499999999999     -0.042189104539338856    
  0.10958     -0.04219100913370535    
  0.109585     -0.04219291372524297    
  0.10958999999999999     -0.042194818313950624    
  0.109595     -0.042196722899829835    
  0.1096     -0.04219862748287912    
  0.109605     -0.04220053206309892    
  0.10961     -0.04220243664048918    
  0.10961499999999999     -0.042204341215048895    
  0.10962     -0.042206245786780575    
  0.109625     -0.04220815035568114    
  0.10962999999999999     -0.042210054921751054    
  0.109635     -0.042211959484991325    
  0.10964     -0.04221386404540148    
  0.10964499999999999     -0.04221576860297872    
  0.10965     -0.04221767315772835    
  0.109655     -0.04221957770964577    
  0.10966     -0.04222148225873173    
  0.109665     -0.04222338680498696    
  0.10967     -0.042225291348410285    
  0.109675     -0.04222719588900433    
  0.10968     -0.04222910042676437    
  0.10968499999999999     -0.042231004961694    
  0.10969     -0.04223290949379161    
  0.109695     -0.04223481402305733    
  0.10969999999999999     -0.0422367185494915    
  0.109705     -0.042238623073092556    
  0.10971     -0.0422405275938615    
  0.109715     -0.042242432111797915    
  0.10972     -0.042244336626902114    
  0.109725     -0.04224624113917321    
  0.10973     -0.042248145648612095    
  0.109735     -0.0422500501552178    
  0.10974     -0.042251954658989704    
  0.109745     -0.04225385915992931    
  0.10975     -0.04225576365803568    
  0.10975499999999999     -0.042257668153307684    
  0.10976     -0.04225957264574528    
  0.109765     -0.04226147713535109    
  0.10976999999999999     -0.04226338162212183    
  0.109775     -0.0422652861060582    
  0.10978     -0.04226719058716161    
  0.109785     -0.042269095065430515    
  0.10979     -0.04227099954086231    
  0.109795     -0.04227290401346265    
  0.1098     -0.04227480848322678    
  0.109805     -0.042276712950156926    
  0.10980999999999999     -0.042278617414251346    
  0.109815     -0.042280521875510596    
  0.10982     -0.04228242633393468    
  0.10982499999999999     -0.04228433078952454    
  0.10983     -0.0422862352422776    
  0.109835     -0.04228813969219647    
  0.10984     -0.042290044139277366    
  0.109845     -0.04229194858352406    
  0.10985     -0.04229385302493326    
  0.109855     -0.04229575746350763    
  0.10986     -0.042297661899244575    
  0.10986499999999999     -0.04229956633214552    
  0.10987     -0.04230147076220948    
  0.109875     -0.04230337518943799    
  0.10987999999999999     -0.04230527961382849    
  0.109885     -0.042307184035381806    
  0.10989     -0.04230908845409964    
  0.10989499999999999     -0.042310992869979296    
  0.1099     -0.04231289728302181    
  0.109905     -0.04231480169322565    
  0.10991     -0.042316706100591635    
  0.109915     -0.042318610505121576    
  0.10991999999999999     -0.04232051490681315    
  0.109925     -0.042322419305666534    
  0.10993     -0.04232432370168044    
  0.10993499999999999     -0.04232622809485709    
  0.10994     -0.04232813248519587    
  0.109945     -0.04233003687269476    
  0.10994999999999999     -0.04233194125735457    
  0.109955     -0.04233384563917754    
  0.10996     -0.042335750018161096    
  0.109965     -0.042337654394304466    
  0.10997     -0.042339558767608906    
  0.109975     -0.0423414631380747    
  0.10998     -0.04234336750570099    
  0.109985     -0.04234527187048705    
  0.10998999999999999     -0.04234717623243295    
  0.109995     -0.04234908059153972    
  0.11     -0.042350984947806224   
