 0.10000500000000001     -0.6610061830767308    
  0.10001     -0.6610056166351725    
  0.100015     -0.6610050501652507    
  0.10002000000000001     -0.6610044836669345    
  0.100025     -0.6610039171402265    
  0.10003000000000001     -0.6610033505851058    
  0.100035     -0.6610027840015401    
  0.10004     -0.6610022173896486    
  0.10004500000000001     -0.6610016507493092    
  0.10005     -0.6610010840805626    
  0.100055     -0.6610005173834372    
  0.10006000000000001     -0.6609999506579003    
  0.100065     -0.6609993839039505    
  0.10007     -0.6609988171216584    
  0.10007500000000001     -0.6609982503109043    
  0.10008     -0.660997683471757    
  0.10008500000000001     -0.6609971166042152    
  0.10009000000000001     -0.6609965497082764    
  0.100095     -0.6609959827839638    
  0.10010000000000001     -0.660995415831219    
  0.100105     -0.660994848850067    
  0.10011     -0.6609942818405359    
  0.10011500000000001     -0.6609937148025935    
  0.10012     -0.6609931477362396    
  0.100125     -0.6609925806415082    
  0.10013000000000001     -0.6609920135183331    
  0.100135     -0.6609914463668127    
  0.10014     -0.6609908791868498    
  0.10014500000000001     -0.6609903119785053    
  0.10015     -0.6609897447417354    
  0.10015500000000001     -0.6609891774766046    
  0.10016     -0.6609886101830793    
  0.100165     -0.6609880428610921    
  0.10017000000000001     -0.6609874755107442    
  0.100175     -0.6609869081320185    
  0.10018     -0.6609863407248311    
  0.10018500000000001     -0.660985773289266    
  0.10019     -0.6609852058253244    
  0.100195     -0.6609846383329703    
  0.10020000000000001     -0.6609840708121738    
  0.100205     -0.6609835032629982    
  0.10021000000000001     -0.6609829356854943    
  0.100215     -0.6609823680795115    
  0.10022     -0.6609818004451355    
  0.10022500000000001     -0.6609812327823498    
  0.10023     -0.6609806650911679    
  0.100235     -0.6609800973716087    
  0.10024000000000001     -0.660979529623638    
  0.100245     -0.6609789618472545    
  0.10025     -0.6609783940425297    
  0.10025500000000001     -0.660977826209325    
  0.10026     -0.6609772583477439    
  0.100265     -0.6609766904577838    
  0.10027000000000001     -0.6609761225393969    
  0.100275     -0.6609755545925972    
  0.10028000000000001     -0.6609749866174381    
  0.100285     -0.660974418613834    
  0.10029     -0.6609738505818678    
  0.10029500000000001     -0.6609732825214589    
  0.1003     -0.6609727144326518    
  0.100305     -0.660972146315471    
  0.10031000000000001     -0.660971578169862    
  0.100315     -0.6609710099959063    
  0.10032     -0.6609704417934732    
  0.10032500000000001     -0.6609698735626963    
  0.10033     -0.6609693053034924    
  0.10033500000000001     -0.660968737015925    
  0.10034     -0.6609681686998984    
  0.100345     -0.6609676003554928    
  0.10035000000000001     -0.6609670319826927    
  0.100355     -0.6609664635814981    
  0.10036     -0.6609658951518936    
  0.10036500000000001     -0.6609653266939086    
  0.10037     -0.6609647582074646    
  0.100375     -0.6609641896926414    
  0.10038000000000001     -0.6609636211494405    
  0.100385     -0.6609630525778283    
  0.10039000000000001     -0.6609624839777739    
  0.10039500000000001     -0.6609619153493713    
  0.1004     -0.6609613466925615    
  0.10040500000000001     -0.6609607780073544    
  0.10041     -0.6609602092937037    
  0.100415     -0.6609596405516741    
  0.10042000000000001     -0.6609590717812667    
  0.100425     -0.6609585029824001    
  0.10043     -0.6609579341551853    
  0.10043500000000001     -0.6609573652995453    
  0.10044     -0.6609567964154925    
  0.100445     -0.6609562275030801    
  0.10045000000000001     -0.6609556585622229    
  0.100455     -0.6609550895929879    
  0.10046000000000001     -0.6609545205953388    
  0.100465     -0.6609539515693318    
  0.10047     -0.6609533825148626    
  0.10047500000000001     -0.6609528134320329    
  0.10048     -0.6609522443207747    
  0.100485     -0.6609516751811041    
  0.10049000000000001     -0.6609511060130386    
  0.100495     -0.6609505368165803    
  0.1005     -0.6609499675917584    
  0.10050500000000001     -0.6609493983385123    
  0.10051     -0.6609488290568171    
  0.10051500000000001     -0.6609482597467624    
  0.10052000000000001     -0.6609476904082822    
  0.100525     -0.6609471210414217    
  0.10053000000000001     -0.6609465516461512    
  0.100535     -0.6609459822224525    
  0.10054     -0.6609454127704241    
  0.10054500000000001     -0.660944843289918    
  0.10055     -0.6609442737810693    
  0.100555     -0.6609437042437745    
  0.10056000000000001     -0.660943134678085    
  0.100565     -0.6609425650840165    
  0.10057     -0.6609419954615253    
  0.10057500000000001     -0.6609414258106326    
  0.10058     -0.6609408561313665    
  0.10058500000000001     -0.6609402864236371    
  0.10059     -0.660939716687547    
  0.100595     -0.6609391469230467    
  0.10060000000000001     -0.6609385771301661    
  0.100605     -0.6609380073088419    
  0.10061     -0.6609374374591244    
  0.10061500000000001     -0.6609368675810097    
  0.10062     -0.6609362976745342    
  0.100625     -0.6609357277396305    
  0.10063000000000001     -0.6609351577762832    
  0.100635     -0.6609345877845931    
  0.10064000000000001     -0.6609340177644724    
  0.10064500000000001     -0.6609334477159413    
  0.10065     -0.6609328776390638    
  0.10065500000000001     -0.6609323075337101    
  0.10066     -0.6609317373999761    
  0.100665     -0.6609311672378025    
  0.10067000000000001     -0.6609305970473118    
  0.100675     -0.6609300268283957    
  0.10068     -0.6609294565810021    
  0.10068500000000001     -0.6609288863052815    
  0.10069     -0.6609283160011454    
  0.100695     -0.6609277456685683    
  0.10070000000000001     -0.660927175307695    
  0.100705     -0.6609266049183107    
  0.10071000000000001     -0.6609260345005823    
  0.100715     -0.6609254640544077    
  0.10072     -0.6609248935798399    
  0.10072500000000001     -0.6609243230769097    
  0.10073     -0.660923752545536    
  0.100735     -0.6609231819857664    
  0.10074000000000001     -0.6609226113976205    
  0.100745     -0.6609220407810255    
  0.10075     -0.6609214701360568    
  0.10075500000000001     -0.6609208994626911    
  0.10076     -0.6609203287609151    
  0.10076500000000001     -0.660919758030728    
  0.10077     -0.6609191872721617    
  0.100775     -0.6609186164852023    
  0.10078000000000001     -0.6609180456698316    
  0.100785     -0.6609174748259976    
  0.10079     -0.6609169039537859    
  0.10079500000000001     -0.6609163330531811    
  0.1008     -0.6609157621241789    
  0.100805     -0.6609151911668005    
  0.10081000000000001     -0.660914620180994    
  0.100815     -0.6609140491668097    
  0.10082     -0.6609134781241791    
  0.10082500000000001     -0.6609129070531707    
  0.10083     -0.6609123359537525    
  0.10083500000000001     -0.6609117648259552    
  0.10084     -0.6609111936697296    
  0.100845     -0.660910622485094    
  0.10085000000000001     -0.6609100512720794    
  0.100855     -0.6609094800306522    
  0.10086     -0.6609089087608486    
  0.10086500000000001     -0.6609083374625815    
  0.10087     -0.6609077661359539    
  0.100875     -0.6609071947809163    
  0.10088000000000001     -0.6609066233974659    
  0.100885     -0.6609060519856531    
  0.10089000000000001     -0.6609054805453816    
  0.100895     -0.6609049090767124    
  0.1009     -0.6609043375796839    
  0.10090500000000001     -0.6609037660542104    
  0.10091     -0.6609031945003593    
  0.100915     -0.660902622918094    
  0.10092000000000001     -0.6609020513074187    
  0.100925     -0.6609014796683488    
  0.10093     -0.6609009080008676    
  0.10093500000000001     -0.660900336304992    
  0.10094     -0.6608997645807541    
  0.10094500000000001     -0.6608991928280543    
  0.10095000000000001     -0.660898621046963    
  0.100955     -0.6608980492374895    
  0.10096000000000001     -0.6608974773996061    
  0.100965     -0.6608969055332933    
  0.10097     -0.660896333638621    
  0.10097500000000001     -0.6608957617154881    
  0.10098     -0.6608951897640086    
  0.100985     -0.6608946177840994    
  0.10099000000000001     -0.6608940457757985    
  0.100995     -0.6608934737390666    
  0.101     -0.6608929016739571    
  0.10100500000000001     -0.6608923295804362    
  0.10101     -0.6608917574585221    
  0.10101500000000001     -0.6608911853082136    
  0.10102     -0.6608906131294741    
  0.101025     -0.6608900409223414    
  0.10103000000000001     -0.6608894686867804    
  0.101035     -0.6608888964229066    
  0.10104     -0.6608883241305411    
  0.10104500000000001     -0.660887751809763    
  0.10105     -0.6608871794606381    
  0.101055     -0.6608866070830852    
  0.10106000000000001     -0.6608860346771545    
  0.101065     -0.6608854622427969    
  0.10107000000000001     -0.6608848897800098    
  0.101075     -0.660884317288845    
  0.10108     -0.6608837447693193    
  0.10108500000000001     -0.6608831722212812    
  0.10109     -0.6608825996449653    
  0.101095     -0.6608820270401705    
  0.10110000000000001     -0.6608814544069657    
  0.101105     -0.660880881745382    
  0.10111     -0.6608803090554192    
  0.10111500000000001     -0.660879736337028    
  0.10112     -0.6608791635902439    
  0.101125     -0.6608785908150132    
  0.10113000000000001     -0.6608780180114386    
  0.101135     -0.6608774451794358    
  0.10114000000000001     -0.6608768723190357    
  0.101145     -0.6608762994302101    
  0.10115     -0.6608757265129732    
  0.10115500000000001     -0.6608751535674064    
  0.10116     -0.6608745805933456    
  0.101165     -0.6608740075909392    
  0.10117000000000001     -0.6608734345601214    
  0.101175     -0.6608728615008755    
  0.10118     -0.660872288413252    
  0.10118500000000001     -0.6608717152971988    
  0.10119     -0.6608711421527188    
  0.10119500000000001     -0.6608705689798934    
  0.1012     -0.6608699957786566    
  0.101205     -0.6608694225490058    
  0.10121000000000001     -0.660868849290914    
  0.101215     -0.6608682760044431    
  0.10122     -0.6608677026895919    
  0.10122500000000001     -0.6608671293463306    
  0.10123     -0.6608665559746555    
  0.101235     -0.6608659825745727    
  0.10124000000000001     -0.6608654091460929    
  0.101245     -0.6608648356892016    
  0.10125     -0.6608642622038977    
  0.10125500000000001     -0.660863688690233    
  0.10126     -0.66086311514814    
  0.10126500000000001     -0.6608625415776358    
  0.10127     -0.6608619679787018    
  0.101275     -0.660861394351459    
  0.10128000000000001     -0.6608608206957177    
  0.101285     -0.660860247011617    
  0.10129     -0.6608596732990896    
  0.10129500000000001     -0.6608590995581971    
  0.1013     -0.6608585257888455    
  0.101305     -0.6608579519911485    
  0.10131000000000001     -0.6608573781649884    
  0.101315     -0.6608568043104168    
  0.10132000000000001     -0.6608562304275013    
  0.101325     -0.6608556565161587    
  0.10133     -0.6608550825764192    
  0.10133500000000001     -0.6608545086082682    
  0.10134     -0.6608539346116706    
  0.101345     -0.6608533605866983    
  0.10135000000000001     -0.6608527865333623    
  0.101355     -0.6608522124515968    
  0.10136     -0.660851638341424    
  0.10136500000000001     -0.6608510642028188    
  0.10137     -0.6608504900358697    
  0.101375     -0.6608499158404433    
  0.10138000000000001     -0.6608493416166855    
  0.101385     -0.6608487673644868    
  0.10139000000000001     -0.6608481930838753    
  0.101395     -0.6608476187748836    
  0.1014     -0.6608470444374972    
  0.10140500000000001     -0.6608464700716336    
  0.10141     -0.6608458956774426    
  0.101415     -0.660845321254804    
  0.10142000000000001     -0.6608447468038058    
  0.101425     -0.6608441723243922    
  0.10143     -0.6608435978165207    
  0.10143500000000001     -0.6608430232803377    
  0.10144     -0.6608424487156759    
  0.10144500000000001     -0.6608418741226169    
  0.10145     -0.6608412995011983    
  0.101455     -0.6608407248513178    
  0.10146000000000001     -0.6608401501730752    
  0.101465     -0.6608395754664197    
  0.10147     -0.6608390007313388    
  0.10147500000000001     -0.6608384259678776    
  0.10148     -0.6608378511759867    
  0.101485     -0.660837276355721    
  0.10149000000000001     -0.6608367015070398    
  0.101495     -0.6608361266299653    
  0.1015     -0.6608355517244626    
  0.10150500000000001     -0.660834976790564    
  0.10151     -0.6608344018282555    
  0.10151500000000001     -0.6608338268375988    
  0.10152     -0.6608332518184494    
  0.101525     -0.660832676770921    
  0.10153000000000001     -0.6608321016950316    
  0.101535     -0.6608315265906957    
  0.10154     -0.6608309514579835    
  0.10154500000000001     -0.6608303762968406    
  0.10155     -0.6608298011072706    
  0.101555     -0.6608292258893722    
  0.10156000000000001     -0.6608286506429951    
  0.101565     -0.6608280753682557    
  0.10157000000000001     -0.6608275000651063    
  0.101575     -0.6608269247335259    
  0.10158     -0.6608263493735862    
  0.10158500000000001     -0.6608257739851999    
  0.10159     -0.6608251985684205    
  0.101595     -0.6608246231232751    
  0.10160000000000001     -0.6608240476496869    
  0.101605     -0.660823472147689    
  0.10161     -0.6608228966173442    
  0.10161500000000001     -0.6608223210585208    
  0.10162     -0.6608217454713012    
  0.10162500000000001     -0.6608211698557043    
  0.10163     -0.660820594211714    
  0.101635     -0.6608200185393097    
  0.10164000000000001     -0.6608194428384786    
  0.101645     -0.6608188671092333    
  0.10165     -0.6608182913515949    
  0.10165500000000001     -0.6608177155655942    
  0.10166     -0.6608171397511472    
  0.101665     -0.66081656390829    
  0.10167000000000001     -0.6608159880370539    
  0.101675     -0.660815412137405    
  0.10168     -0.6608148362093799    
  0.10168500000000001     -0.6608142602529097    
  0.10169     -0.6608136842680071    
  0.10169500000000001     -0.6608131082547464    
  0.1017     -0.660812532213056    
  0.101705     -0.6608119561430024    
  0.10171000000000001     -0.6608113800444739    
  0.101715     -0.6608108039176647    
  0.10172     -0.660810227762343    
  0.10172500000000001     -0.6608096515786114    
  0.10173     -0.6608090753664992    
  0.101735     -0.6608084991260083    
  0.10174000000000001     -0.6608079228570748    
  0.101745     -0.6608073465597624    
  0.10175000000000001     -0.6608067702340695    
  0.101755     -0.6608061938799147    
  0.10176     -0.6608056174973823    
  0.10176500000000001     -0.660805041086389    
  0.10177     -0.6608044646470818    
  0.101775     -0.6608038881793826    
  0.10178000000000001     -0.6608033116832017    
  0.101785     -0.6608027351585942    
  0.10179     -0.6608021586056413    
  0.10179500000000001     -0.660801582024277    
  0.1018     -0.6608010054145309    
  0.101805     -0.6608004287762933    
  0.10181000000000001     -0.6607998521097412    
  0.101815     -0.6607992754147302    
  0.10182000000000001     -0.6607986986913554    
  0.101825     -0.660798121939551    
  0.10183     -0.6607975451593535    
  0.10183500000000001     -0.6607969683507448    
  0.10184     -0.6607963915137232    
  0.101845     -0.6607958146483043    
  0.10185000000000001     -0.6607952377544768    
  0.101855     -0.6607946608322507    
  0.10186     -0.6607940838815977    
  0.10186500000000001     -0.6607935069025516    
  0.10187     -0.6607929298951235    
  0.10187500000000001     -0.6607923528592506    
  0.10188     -0.6607917757950181    
  0.101885     -0.6607911987023406    
  0.10189000000000001     -0.6607906215812813    
  0.101895     -0.6607900444317963    
  0.1019     -0.6607894672539325    
  0.10190500000000001     -0.6607888900476209    
  0.10191     -0.6607883128129329    
  0.101915     -0.6607877355498335    
  0.10192000000000001     -0.6607871582583524    
  0.101925     -0.6607865809384458    
  0.10193     -0.6607860035900927    
  0.101935     -0.6607854262133773    
  0.10194     -0.6607848488083014    
  0.10194500000000001     -0.660784271374714    
  0.10195     -0.6607836939127957    
  0.101955     -0.6607831164224504    
  0.10196000000000001     -0.6607825389037274    
  0.101965     -0.6607819613565565    
  0.10197     -0.6607813837810081    
  0.10197500000000001     -0.6607808061770638    
  0.10198     -0.6607802285447107    
  0.101985     -0.6607796508839422    
  0.10199000000000001     -0.6607790731947456    
  0.101995     -0.6607784954771543    
  0.10200000000000001     -0.6607779177311686    
  0.102005     -0.6607773399568037    
  0.10201     -0.66077676215396    
  0.10201500000000001     -0.6607761843227373    
  0.10202     -0.6607756064631356    
  0.102025     -0.6607750285751072    
  0.10203000000000001     -0.660774450658715    
  0.102035     -0.6607738727138946    
  0.10204     -0.6607732947406629    
  0.10204500000000001     -0.6607727167390003    
  0.10205     -0.6607721387089458    
  0.102055     -0.6607715606504926    
  0.10206000000000001     -0.6607709825636309    
  0.102065     -0.6607704044483874    
  0.10207000000000001     -0.6607698263047183    
  0.102075     -0.6607692481326506    
  0.10208     -0.6607686699321587    
  0.10208500000000001     -0.6607680917032824    
  0.10209     -0.6607675134459665    
  0.102095     -0.6607669351602843    
  0.10210000000000001     -0.6607663568461934    
  0.102105     -0.6607657785036716    
  0.10211     -0.660765200132737    
  0.10211500000000001     -0.660764621733443    
  0.10212     -0.6607640433057179    
  0.10212500000000001     -0.6607634648495505    
  0.10213     -0.6607628863650169    
  0.102135     -0.6607623078521251    
  0.10214000000000001     -0.6607617293107365    
  0.102145     -0.6607611507409854    
  0.10215     -0.6607605721428048    
  0.10215500000000001     -0.6607599935162143    
  0.10216     -0.660759414861277    
  0.102165     -0.6607588361779297    
  0.10217000000000001     -0.6607582574661346    
  0.102175     -0.6607576787259294    
  0.10218     -0.6607570999573283    
  0.102185     -0.6607565211603316    
  0.10219     -0.6607559423349063    
  0.10219500000000001     -0.6607553634810853    
  0.1022     -0.6607547845988683    
  0.102205     -0.6607542056882749    
  0.10221000000000001     -0.6607536267492171    
  0.102215     -0.6607530477818139    
  0.10222     -0.6607524687859331    
  0.10222500000000001     -0.6607518897616397    
  0.10223     -0.660751310708984    
  0.102235     -0.6607507316279339    
  0.10224     -0.6607501525184386    
  0.102245     -0.6607495733805461    
  0.10225000000000001     -0.6607489942142941    
  0.102255     -0.6607484150195787    
  0.10226     -0.6607478357965167    
  0.10226500000000001     -0.6607472565449913    
  0.10227     -0.6607466772650925    
  0.102275     -0.6607460979568118    
  0.10228000000000001     -0.660745518620051    
  0.102285     -0.6607449392549463    
  0.10229     -0.6607443598613976    
  0.10229500000000001     -0.66074378043947    
  0.1023     -0.6607432009891129    
  0.10230500000000001     -0.6607426215103752    
  0.10231     -0.660742042003194    
  0.102315     -0.6607414624676335    
  0.10232000000000001     -0.6607408829036436    
  0.102325     -0.6607403033112929    
  0.10233     -0.6607397236905124    
  0.10233500000000001     -0.6607391440413037    
  0.10234     -0.6607385643637006    
  0.102345     -0.6607379846576833    
  0.10235000000000001     -0.6607374049233193    
  0.102355     -0.6607368251604975    
  0.10236     -0.6607362453692964    
  0.10236500000000001     -0.6607356655496647    
  0.10237     -0.6607350857015865    
  0.10237500000000001     -0.6607345058251458    
  0.10238     -0.660733925920329    
  0.102385     -0.6607333459870334    
  0.10239000000000001     -0.6607327660254235    
  0.102395     -0.6607321860353373    
  0.1024     -0.6607316060168359    
  0.10240500000000001     -0.6607310259699594    
  0.10241     -0.6607304458946842    
  0.102415     -0.6607298657909821    
  0.10242000000000001     -0.6607292856588842    
  0.102425     -0.6607287054983723    
  0.10243000000000001     -0.6607281253094671    
  0.102435     -0.6607275450921154    
  0.10244     -0.6607269648464199    
  0.10244500000000001     -0.6607263845722933    
  0.10245     -0.6607258042697383    
  0.102455     -0.6607252239387568    
  0.10246000000000001     -0.660724643579427    
  0.102465     -0.660724063191652    
  0.10247     -0.6607234827754825    
  0.10247500000000001     -0.6607229023309187    
  0.10248     -0.6607223218579575    
  0.102485     -0.6607217413565512    
  0.10249     -0.6607211608267489    
  0.102495     -0.6607205802685522    
  0.10250000000000001     -0.6607199996819426    
  0.102505     -0.6607194190669373    
  0.10251     -0.6607188384234868    
  0.10251500000000001     -0.6607182577516924    
  0.10252     -0.660717677051467    
  0.102525     -0.6607170963227809    
  0.10253000000000001     -0.6607165155657467    
  0.102535     -0.6607159347802871    
  0.10254     -0.6607153539664135    
  0.10254500000000001     -0.6607147731241607    
  0.10255     -0.6607141922534783    
  0.10255500000000001     -0.6607136113543677    
  0.10256     -0.6607130304268457    
  0.102565     -0.6607124494710119    
  0.10257     -0.6607118684866813    
  0.102575     -0.6607112874739716    
  0.10258     -0.6607107064328854    
  0.102585     -0.6607101253633165    
  0.10259     -0.6607095442653895    
  0.10259499999999999     -0.6607089631390469    
  0.1026     -0.6607083819843126    
  0.102605     -0.6607078008011629    
  0.10260999999999999     -0.6607072195896003    
  0.102615     -0.6607066383496276    
  0.10262     -0.6607060570812423    
  0.102625     -0.6607054757844442    
  0.10263     -0.6607048944592671    
  0.102635     -0.6607043131056604    
  0.10264     -0.6607037317237109    
  0.102645     -0.66070315031328    
  0.10265     -0.6607025688744377    
  0.102655     -0.6607019874072332    
  0.10266     -0.6607014059115836    
  0.10266499999999999     -0.660700824387538    
  0.10267     -0.6607002428351108    
  0.102675     -0.6606996612542411    
  0.10268     -0.6606990796450106    
  0.102685     -0.6606984980073154    
  0.10269     -0.6606979163412258    
  0.102695     -0.6606973346467387    
  0.1027     -0.6606967529238572    
  0.102705     -0.66069617117258    
  0.10271     -0.6606955893928405    
  0.102715     -0.6606950075847389    
  0.10271999999999999     -0.660694425748226    
  0.102725     -0.6606938438832989    
  0.10273     -0.6606932619899604    
  0.10273499999999999     -0.6606926800682247    
  0.10274     -0.6606920981180789    
  0.102745     -0.6606915161395204    
  0.10275     -0.6606909341325491    
  0.102755     -0.6606903520971817    
  0.10276     -0.6606897700334019    
  0.102765     -0.6606891879412119    
  0.10277     -0.660688605820591    
  0.102775     -0.6606880236715768    
  0.10278     -0.6606874414941964    
  0.102785     -0.6606868592883904    
  0.10278999999999999     -0.6606862770541717    
  0.102795     -0.6606856947915222    
  0.1028     -0.660685112500496    
  0.102805     -0.6606845301810547    
  0.10281     -0.6606839478331877    
  0.102815     -0.6606833654569234    
  0.10282     -0.6606827830522631    
  0.102825     -0.6606822006192057    
  0.10283     -0.6606816181577226    
  0.102835     -0.6606810356678242    
  0.10284     -0.660680453149499    
  0.10284499999999999     -0.6606798706027945    
  0.10285     -0.6606792880276774    
  0.102855     -0.6606787054241643    
  0.10286     -0.6606781227922385    
  0.102865     -0.6606775401319168    
  0.10287     -0.6606769574431512    
  0.102875     -0.6606763747259886    
  0.10288     -0.6606757919804481    
  0.102885     -0.6606752092064262    
  0.10289     -0.660674626404077    
  0.102895     -0.6606740435732661    
  0.10289999999999999     -0.6606734607141083    
  0.102905     -0.6606728778264873    
  0.10291     -0.6606722949104716    
  0.10291499999999999     -0.6606717119660432    
  0.10292     -0.6606711289932695    
  0.102925     -0.6606705459920184    
  0.10293     -0.6606699629623868    
  0.102935     -0.6606693799043101    
  0.10294     -0.6606687968178699    
  0.102945     -0.6606682137030337    
  0.10295     -0.6606676305597369    
  0.102955     -0.6606670473880766    
  0.10296     -0.6606664641879699    
  0.102965     -0.6606658809595009    
  0.10296999999999999     -0.6606652977026036    
  0.102975     -0.66066471441726    
  0.10298     -0.6606641311035554    
  0.102985     -0.6606635477614381    
  0.10299     -0.6606629643908742    
  0.102995     -0.6606623809919314    
  0.103     -0.6606617975645759    
  0.103005     -0.6606612141088427    
  0.10301     -0.660660630624663    
  0.103015     -0.6606600471121028    
  0.10302     -0.6606594635710988    
  0.10302499999999999     -0.6606588800017481    
  0.10303     -0.6606582964039018    
  0.103035     -0.6606577127776935    
  0.10303999999999999     -0.6606571291231045    
  0.103045     -0.6606565454400886    
  0.10305     -0.6606559617286433    
  0.103055     -0.6606553779888176    
  0.10306     -0.6606547942205789    
  0.103065     -0.6606542104239302    
  0.10307     -0.6606536265988521    
  0.103075     -0.6606530427453597    
  0.10308     -0.6606524588634715    
  0.103085     -0.6606518749532069    
  0.10309     -0.6606512910144943    
  0.10309499999999999     -0.6606507070474041    
  0.1031     -0.6606501230518985    
  0.103105     -0.6606495390279661    
  0.10311     -0.6606489549756545    
  0.103115     -0.6606483708948809    
  0.10312     -0.660647786785727    
  0.103125     -0.6606472026482276    
  0.10313     -0.6606466184822146    
  0.103135     -0.6606460342878586    
  0.10314     -0.6606454500650384    
  0.103145     -0.6606448658139061    
  0.10314999999999999     -0.6606442815342756    
  0.103155     -0.6606436972262701    
  0.10316     -0.6606431128898504    
  0.10316499999999999     -0.6606425285250505    
  0.10317     -0.6606419441318235    
  0.103175     -0.6606413597102149    
  0.10318     -0.660640775260095    
  0.103185     -0.6606401907816298    
  0.10319     -0.6606396062748009    
  0.103195     -0.6606390217395284    
  0.1032     -0.6606384371758741    
  0.10320499999999999     -0.660637852583776    
  0.10321     -0.6606372679632652    
  0.103215     -0.6606366833143724    
  0.10321999999999999     -0.6606360986370362    
  0.103225     -0.6606355139313208    
  0.10323     -0.6606349291971926    
  0.103235     -0.6606343444346698    
  0.10324     -0.6606337596436979    
  0.103245     -0.6606331748243341    
  0.10325     -0.6606325899765225    
  0.103255     -0.6606320051003629    
  0.10326     -0.6606314201958113    
  0.103265     -0.6606308352628121    
  0.10327     -0.6606302503013831    
  0.10327499999999999     -0.6606296653116256    
  0.10328     -0.6606290802933571    
  0.103285     -0.6606284952467572    
  0.10328999999999999     -0.660627910171711    
  0.103295     -0.6606273250682868    
  0.1033     -0.6606267399364191    
  0.103305     -0.6606261547761177    
  0.10331     -0.6606255695875073    
  0.103315     -0.6606249843703986    
  0.10332     -0.6606243991249275    
  0.103325     -0.6606238138510102    
  0.10332999999999999     -0.6606232285487149    
  0.103335     -0.6606226432180085    
  0.10334     -0.6606220578588864    
  0.10334499999999999     -0.660621472471322    
  0.10335     -0.6606208870553912    
  0.103355     -0.6606203016110155    
  0.10336     -0.6606197161382619    
  0.103365     -0.6606191306370955    
  0.10337     -0.6606185451075334    
  0.103375     -0.6606179595495402    
  0.10338     -0.6606173739631369    
  0.103385     -0.6606167883483532    
  0.10339     -0.6606162027051413    
  0.103395     -0.6606156170334647    
  0.10339999999999999     -0.6606150313334933    
  0.103405     -0.6606144456050262    
  0.10341     -0.6606138598481787    
  0.10341499999999999     -0.6606132740629029    
  0.10342     -0.6606126882492468    
  0.103425     -0.6606121024071637    
  0.10343     -0.6606115165366819    
  0.103435     -0.6606109306377902    
  0.10344     -0.660610344710483    
  0.103445     -0.6606097587547671    
  0.10345     -0.6606091727706188    
  0.10345499999999999     -0.660608586758107    
  0.10346     -0.6606080007171695    
  0.103465     -0.6606074146478335    
  0.10346999999999999     -0.6606068285500691    
  0.103475     -0.6606062424239076    
  0.10348     -0.6606056562693009    
  0.103485     -0.6606050700863165    
  0.10349     -0.6606044838749335    
  0.103495     -0.6606038976351069    
  0.1035     -0.6606033113668995    
  0.103505     -0.6606027250702795    
  0.10351     -0.6606021387452636    
  0.103515     -0.6606015523918012    
  0.10352     -0.6606009660099795    
  0.10352499999999999     -0.6606003795996915    
  0.10353     -0.6605997931610077    
  0.103535     -0.6605992066939463    
  0.10354     -0.6605986201984536    
  0.103545     -0.6605980336745498    
  0.10355     -0.6605974471222331    
  0.103555     -0.6605968605415206    
  0.10356     -0.6605962739323783    
  0.103565     -0.6605956872948401    
  0.10357     -0.6605951006289384    
  0.103575     -0.6605945139345579    
  0.10357999999999999     -0.660593927211832    
  0.103585     -0.6605933404606441    
  0.10359     -0.6605927536810084    
  0.10359499999999999     -0.6605921668730441    
  0.1036     -0.6605915800366517    
  0.103605     -0.6605909931718282    
  0.10361     -0.6605904062785766    
  0.103615     -0.6605898193569768    
  0.10362     -0.660589232406967    
  0.103625     -0.6605886454285091    
  0.10363     -0.6605880584216403    
  0.103635     -0.6605874713863921    
  0.10364     -0.6605868843226973    
  0.103645     -0.6605862972306055    
  0.10364999999999999     -0.6605857101101021    
  0.103655     -0.6605851229611678    
  0.10366     -0.6605845357838545    
  0.103665     -0.6605839485781465    
  0.10367     -0.6605833613439935    
  0.103675     -0.660582774081474    
  0.10368     -0.6605821867905111    
  0.103685     -0.6605815994711183    
  0.10369     -0.660581012123397    
  0.103695     -0.660580424747145    
  0.1037     -0.6605798373425968    
  0.10370499999999999     -0.6605792499095713    
  0.10371     -0.6605786624481627    
  0.103715     -0.6605780749583113    
  0.10371999999999999     -0.6605774874401121    
  0.103725     -0.6605768998934342    
  0.10373     -0.6605763123183939    
  0.103735     -0.6605757247149409    
  0.10374     -0.6605751370830749    
  0.103745     -0.6605745494228131    
  0.10375     -0.6605739617340881    
  0.103755     -0.6605733740169981    
  0.10375999999999999     -0.660572786271467    
  0.103765     -0.6605721984975528    
  0.10377     -0.6605716106952259    
  0.10377499999999999     -0.6605710228644706    
  0.10378     -0.6605704350053363    
  0.103785     -0.6605698471177387    
  0.10379     -0.6605692592017944    
  0.103795     -0.6605686712573713    
  0.1038     -0.6605680832846013    
  0.103805     -0.6605674952833863    
  0.10381     -0.6605669072537921    
  0.103815     -0.6605663191957334    
  0.10382     -0.6605657311093306    
  0.103825     -0.6605651429944799    
  0.10382999999999999     -0.6605645548512347    
  0.103835     -0.6605639666795923    
  0.10384     -0.6605633784795045    
  0.10384499999999999     -0.6605627902510366    
  0.10385     -0.6605622019941403    
  0.103855     -0.6605616137088298    
  0.10386     -0.6605610253951248    
  0.103865     -0.6605604370529538    
  0.10387     -0.66055984868244    
  0.103875     -0.6605592602834773    
  0.10388     -0.6605586718561548    
  0.10388499999999999     -0.6605580834003677    
  0.10389     -0.6605574949162353    
  0.103895     -0.6605569064036226    
  0.10389999999999999     -0.6605563178626309    
  0.103905     -0.6605557292932264    
  0.10391     -0.6605551406954105    
  0.103915     -0.6605545520691778    
  0.10392     -0.660553963414535    
  0.103925     -0.6605533747315285    
  0.10393     -0.6605527860200433    
  0.103935     -0.6605521972801945    
  0.10394     -0.6605516085119344    
  0.103945     -0.6605510197152445    
  0.10395     -0.6605504308901391    
  0.10395499999999999     -0.6605498420365901    
  0.10396     -0.6605492531547111    
  0.103965     -0.6605486642443855    
  0.10396999999999999     -0.6605480753055981    
  0.103975     -0.6605474863384626    
  0.10398     -0.660546897342917    
  0.103985     -0.660546308318956    
  0.10399     -0.6605457192665484    
  0.103995     -0.6605451301857801    
  0.104     -0.6605445410765651    
  0.104005     -0.6605439519389699    
  0.10400999999999999     -0.6605433627729462    
  0.104015     -0.6605427735784917    
  0.10402     -0.6605421843556425    
  0.10402499999999999     -0.6605415951043959    
  0.10403     -0.6605410058247185    
  0.104035     -0.6605404165166621    
  0.10404     -0.6605398271801436    
  0.104045     -0.6605392378152783    
  0.10405     -0.6605386484219525    
  0.104055     -0.6605380590002111    
  0.10406     -0.6605374695500922    
  0.10406499999999999     -0.6605368800715757    
  0.10407     -0.6605362905645976    
  0.104075     -0.6605357010292893    
  0.10407999999999999     -0.6605351114654504    
  0.104085     -0.6605345218733166    
  0.10409     -0.6605339322527196    
  0.104095     -0.6605333426037083    
  0.1041     -0.6605327529262843    
  0.104105     -0.6605321632204827    
  0.10411     -0.6605315734862344    
  0.104115     -0.6605309837235875    
  0.10412     -0.6605303939325308    
  0.104125     -0.6605298041130584    
  0.10413     -0.6605292142651759    
  0.10413499999999999     -0.6605286243888792    
  0.10414     -0.6605280344841853    
  0.104145     -0.6605274445510463    
  0.10414999999999999     -0.6605268545895775    
  0.104155     -0.6605262645996284    
  0.10416     -0.6605256745812665    
  0.104165     -0.6605250845345074    
  0.10417     -0.6605244944593536    
  0.104175     -0.6605239043557702    
  0.10418     -0.6605233142238078    
  0.104185     -0.6605227240633652    
  0.10418999999999999     -0.6605221338745927    
  0.104195     -0.66052154365734    
  0.1042     -0.6605209534117251    
  0.10420499999999999     -0.6605203631376636    
  0.10421     -0.6605197728352218    
  0.104215     -0.6605191825043687    
  0.10422     -0.6605185921451011    
  0.104225     -0.6605180017573717    
  0.10423     -0.6605174113412944    
  0.104235     -0.6605168208968055    
  0.10424     -0.660516230423887    
  0.104245     -0.6605156399225205    
  0.10425     -0.6605150493928115    
  0.104255     -0.6605144588346196    
  0.10425999999999999     -0.6605138682480809    
  0.104265     -0.6605132776330972    
  0.10427     -0.6605126869897007    
  0.10427499999999999     -0.6605120963178898    
  0.10428     -0.6605115056177013    
  0.104285     -0.6605109148890819    
  0.10429     -0.6605103241320833    
  0.104295     -0.6605097333466048    
  0.1043     -0.6605091425327456    
  0.104305     -0.6605085516904582    
  0.10431     -0.6605079608198084    
  0.10431499999999999     -0.6605073699207448    
  0.10432     -0.6605067789932176    
  0.104325     -0.6605061880373282    
  0.10432999999999999     -0.6605055970529574    
  0.104335     -0.6605050060402762    
  0.10434     -0.6605044149991119    
  0.104345     -0.6605038239295364    
  0.10435     -0.6605032328315832    
  0.104355     -0.6605026417051807    
  0.10436     -0.660502050550451    
  0.104365     -0.6605014593672062    
  0.10437     -0.6605008681555988    
  0.104375     -0.6605002769155804    
  0.10438     -0.660499685647145    
  0.10438499999999999     -0.6604990943503164    
  0.10439     -0.6604985030250581    
  0.104395     -0.6604979116713687    
  0.10439999999999999     -0.6604973202892837    
  0.104405     -0.6604967288787843    
  0.10441     -0.660496137439906    
  0.104415     -0.6604955459725499    
  0.10442     -0.6604949544768447    
  0.104425     -0.6604943629526774    
  0.10443     -0.6604937714001646    
  0.104435     -0.6604931798191872    
  0.10443999999999999     -0.6604925882098294    
  0.104445     -0.6604919965720109    
  0.10445     -0.6604914049058119    
  0.10445499999999999     -0.6604908132112495    
  0.10446     -0.6604902214882068    
  0.104465     -0.6604896297367525    
  0.10447     -0.6604890379569672    
  0.104475     -0.6604884461486512    
  0.10448     -0.6604878543120092    
  0.104485     -0.660487262446918    
  0.10449     -0.6604866705534451    
  0.104495     -0.660486078631579    
  0.1045     -0.6604854866812325    
  0.104505     -0.6604848947025058    
  0.10450999999999999     -0.6604843026953663    
  0.104515     -0.6604837106598153    
  0.10452     -0.6604831185958474    
  0.10452499999999999     -0.6604825265034694    
  0.10453     -0.6604819343827096    
  0.104535     -0.6604813422335035    
  0.10454     -0.6604807500558871    
  0.104545     -0.6604801578498891    
  0.10455     -0.6604795656154276    
  0.104555     -0.6604789733525871    
  0.10456     -0.6604783810613466    
  0.10456499999999999     -0.660477788741665    
  0.10457     -0.6604771963936015    
  0.104575     -0.6604766040170917    
  0.10457999999999999     -0.6604760116122337    
  0.104585     -0.6604754191788645    
  0.10459     -0.6604748267171642    
  0.104595     -0.6604742342270017    
  0.1046     -0.660473641708477    
  0.104605     -0.6604730491615045    
  0.10461     -0.6604724565861335    
  0.104615     -0.6604718639823212    
  0.10461999999999999     -0.6604712713501414    
  0.104625     -0.6604706786894996    
  0.10463     -0.6604700860005278    
  0.10463499999999999     -0.6604694932830771    
  0.10464     -0.6604689005372293    
  0.104645     -0.6604683077629673    
  0.10464999999999999     -0.6604677149603106    
  0.104655     -0.6604671221292076    
  0.10466     -0.660466529269706    
  0.104665     -0.6604659363817926    
  0.10467     -0.660465343465499    
  0.104675     -0.6604647505207265    
  0.10468     -0.6604641575476059    
  0.104685     -0.6604635645460403    
  0.10468999999999999     -0.660462971516111    
  0.104695     -0.660462378457717    
  0.1047     -0.6604617853709285    
  0.10470499999999999     -0.6604611922556933    
  0.10471     -0.6604605991120766    
  0.104715     -0.6604600059400819    
  0.10472     -0.6604594127396408    
  0.104725     -0.6604588195107518    
  0.10473     -0.6604582262534838    
  0.104735     -0.6604576329678185    
  0.10474     -0.6604570396537404    
  0.10474499999999999     -0.6604564463111988    
  0.10475     -0.6604558529403121    
  0.104755     -0.6604552595409604    
  0.10475999999999999     -0.6604546661132452    
  0.104765     -0.6604540726570668    
  0.10477     -0.660453479172526    
  0.104775     -0.6604528856595233    
  0.10478     -0.6604522921181387    
  0.104785     -0.6604516985483415    
  0.10479     -0.6604511049501314    
  0.104795     -0.6604505113234747    
  0.1048     -0.6604499176684714    
  0.104805     -0.6604493239850047    
  0.10481     -0.6604487302731251    
  0.10481499999999999     -0.6604481365328638    
  0.10482     -0.6604475427641897    
  0.104825     -0.660446948967072    
  0.10482999999999999     -0.660446355141589    
  0.104835     -0.6604457612876091    
  0.10484     -0.6604451674052995    
  0.104845     -0.6604445734945262    
  0.10485     -0.660443979555374    
  0.104855     -0.6604433855878259    
  0.10486     -0.6604427915917975    
  0.104865     -0.6604421975673873    
  0.10486999999999999     -0.660441603514563    
  0.104875     -0.6604410094333624    
  0.10488     -0.660440415323697    
  0.10488499999999999     -0.660439821185668    
  0.10489     -0.660439227019177    
  0.104895     -0.6604386328243056    
  0.1049     -0.6604380386010187    
  0.104905     -0.6604374443493034    
  0.10491     -0.6604368500692077    
  0.104915     -0.6604362557606319    
  0.10492     -0.6604356614237274    
  0.10492499999999999     -0.6604350670583429    
  0.10493     -0.6604344726645947    
  0.104935     -0.6604338782423662    
  0.10493999999999999     -0.6604332837917924    
  0.104945     -0.66043268931282    
  0.10495     -0.6604320948054011    
  0.10495499999999999     -0.6604315002695861    
  0.10496     -0.6604309057053246    
  0.104965     -0.6604303111126492    
  0.10497     -0.6604297164915622    
  0.104975     -0.6604291218420933    
  0.10498     -0.6604285271642116    
  0.104985     -0.6604279324578836    
  0.10499     -0.660427337723192    
  0.10499499999999999     -0.6604267429600369    
  0.105     -0.6604261481685013    
  0.105005     -0.6604255533485206    
  0.10500999999999999     -0.6604249585001429    
  0.105015     -0.6604243636233184    
  0.10502     -0.6604237687181459    
  0.105025     -0.660423173784545    
  0.10503     -0.6604225788224977    
  0.105035     -0.6604219838320684    
  0.10504     -0.660421388813211    
  0.105045     -0.6604207937659551    
  0.10504999999999999     -0.6604201986902707    
  0.105055     -0.6604196035861902    
  0.10506     -0.6604190084537113    
  0.10506499999999999     -0.6604184132927857    
  0.10507     -0.660417818103415    
  0.105075     -0.6604172228856627    
  0.10507999999999999     -0.6604166276394975    
  0.105085     -0.6604160323649363    
  0.10509     -0.6604154370619778    
  0.105095     -0.6604148417305391    
  0.1051     -0.66041424637072    
  0.105105     -0.6604136509825048    
  0.10511     -0.6604130555658756    
  0.105115     -0.6604124601208518    
  0.10512     -0.6604118646473787    
  0.10512500000000001     -0.6604112691454942    
  0.10513     -0.6604106736151605    
  0.105135     -0.6604100780564982    
  0.10514000000000001     -0.6604094824693921    
  0.105145     -0.6604088868538341    
  0.10515000000000001     -0.6604082912099    
  0.105155     -0.6604076955375177    
  0.10516     -0.6604070998367536    
  0.10516500000000001     -0.6604065041075781    
  0.10517     -0.6604059083500222    
  0.105175     -0.6604053125639705    
  0.10518000000000001     -0.6604047167495526    
  0.105185     -0.6604041209067077    
  0.10519     -0.6604035250354642    
  0.10519500000000001     -0.6604029291357573    
  0.1052     -0.6604023332077219    
  0.105205     -0.6604017372512215    
  0.10521000000000001     -0.6604011412663255    
  0.105215     -0.660400545253014    
  0.10522000000000001     -0.6603999492112572    
  0.105225     -0.6603993531411214    
  0.10523     -0.6603987570425363    
  0.10523500000000001     -0.6603981609155903    
  0.10524     -0.6603975647602289    
  0.105245     -0.6603969685764054    
  0.10525000000000001     -0.6603963723641677    
  0.105255     -0.6603957761235666    
  0.10526     -0.6603951798545034    
  0.10526500000000001     -0.6603945835570738    
  0.10527     -0.6603939872312005    
  0.10527500000000001     -0.6603933908768947    
  0.10528     -0.660392794494228    
  0.105285     -0.6603921980831291    
  0.10529000000000001     -0.6603916016435836    
  0.105295     -0.6603910051756591    
  0.1053     -0.6603904086792852    
  0.10530500000000001     -0.6603898121545337    
  0.10531     -0.6603892156013512    
  0.105315     -0.660388619019739    
  0.10532000000000001     -0.660388022409745    
  0.105325     -0.6603874257713226    
  0.10533000000000001     -0.6603868291044875    
  0.10533500000000001     -0.6603862324092706    
  0.10534     -0.6603856356855891    
  0.10534500000000001     -0.6603850389334973    
  0.10535     -0.6603844421530224    
  0.105355     -0.6603838453441347    
  0.10536000000000001     -0.6603832485068187    
  0.105365     -0.6603826516410886    
  0.10537     -0.660382054746926    
  0.10537500000000001     -0.6603814578243871    
  0.10538     -0.6603808608733976    
  0.105385     -0.6603802638939953    
  0.10539000000000001     -0.6603796668862488    
  0.105395     -0.6603790698500211    
  0.10540000000000001     -0.6603784727853776    
  0.105405     -0.6603778756923734    
  0.10541     -0.6603772785708706    
  0.10541500000000001     -0.6603766814209705    
  0.10542     -0.660376084242742    
  0.105425     -0.6603754870360304    
  0.10543000000000001     -0.6603748898009412    
  0.105435     -0.6603742925374054    
  0.10544     -0.6603736952454387    
  0.10544500000000001     -0.6603730979250914    
  0.10545     -0.6603725005763313    
  0.10545500000000001     -0.6603719031991571    
  0.10546     -0.6603713057935546    
  0.105465     -0.6603707083595339    
  0.10547000000000001     -0.6603701108970876    
  0.105475     -0.6603695134062906    
  0.10548     -0.6603689158870159    
  0.10548500000000001     -0.6603683183393607    
  0.10549     -0.6603677207632759    
  0.105495     -0.6603671231587589    
  0.10550000000000001     -0.6603665255258808    
  0.105505     -0.6603659278645367    
  0.10551     -0.6603653301748305    
  0.10551500000000001     -0.6603647324566762    
  0.10552     -0.6603641347100767    
  0.10552500000000001     -0.6603635369351306    
  0.10553     -0.660362939131703    
  0.105535     -0.6603623412999102    
  0.10554000000000001     -0.6603617434396738    
  0.105545     -0.660361145551005    
  0.10555     -0.6603605476340049    
  0.10555500000000001     -0.6603599496885273    
  0.10556     -0.6603593517146173    
  0.105565     -0.6603587537123451    
  0.10557000000000001     -0.6603581556816264    
  0.105575     -0.6603575576225104    
  0.10558000000000001     -0.6603569595349786    
  0.105585     -0.6603563614190021    
  0.10559     -0.6603557632746462    
  0.10559500000000001     -0.660355165101875    
  0.1056     -0.660354566900657    
  0.105605     -0.660353968671025    
  0.10561000000000001     -0.6603533704130139    
  0.105615     -0.6603527721265886    
  0.10562     -0.6603521738117493    
  0.10562500000000001     -0.6603515754684632    
  0.10563     -0.6603509770968136    
  0.105635     -0.6603503786966826    
  0.10564000000000001     -0.6603497802682072    
  0.105645     -0.6603491818112168    
  0.10565000000000001     -0.6603485833259288    
  0.105655     -0.6603479848121451    
  0.10566     -0.660347386269964    
  0.10566500000000001     -0.6603467876993533    
  0.10567     -0.6603461891003777    
  0.105675     -0.6603455904729555    
  0.10568000000000001     -0.6603449918171514    
  0.105685     -0.6603443931328685    
  0.10569     -0.6603437944202558    
  0.10569500000000001     -0.6603431956791616    
  0.1057     -0.6603425969096557    
  0.10570500000000001     -0.660341998111768    
  0.10571     -0.6603413992854494    
  0.105715     -0.6603408004306842    
  0.10572000000000001     -0.6603402015475737    
  0.105725     -0.6603396026359816    
  0.10573     -0.6603390036960581    
  0.10573500000000001     -0.6603384047276392    
  0.10574     -0.6603378057308563    
  0.105745     -0.6603372067055752    
  0.10575000000000001     -0.6603366076519656    
  0.105755     -0.660336008569908    
  0.10576     -0.660335409459453    
  0.105765     -0.6603348103205839    
  0.10577     -0.6603342111532698    
  0.10577500000000001     -0.66033361195754    
  0.10578     -0.6603330127334313    
  0.105785     -0.6603324134808745    
  0.10579000000000001     -0.6603318141999049    
  0.105795     -0.6603312148905537    
  0.1058     -0.6603306155527403    
  0.10580500000000001     -0.6603300161865464    
  0.10581     -0.6603294167919539    
  0.105815     -0.66032881736895    
  0.10582000000000001     -0.6603282179174462    
  0.105825     -0.6603276184376308    
  0.10583000000000001     -0.6603270189293506    
  0.105835     -0.6603264193926408    
  0.10584     -0.6603258198275169    
  0.10584500000000001     -0.6603252202340124    
  0.10585     -0.6603246206120629    
  0.105855     -0.6603240209617469    
  0.10586000000000001     -0.6603234212829338    
  0.105865     -0.6603228215757754    
  0.10587     -0.6603222218401537    
  0.10587500000000001     -0.6603216220761823    
  0.10588     -0.6603210222837659    
  0.105885     -0.6603204224629017    
  0.10589     -0.6603198226136413    
  0.105895     -0.6603192227359811    
  0.10590000000000001     -0.6603186228298602    
  0.105905     -0.6603180228953757    
  0.10591     -0.660317422932425    
  0.10591500000000001     -0.6603168229410952    
  0.10592     -0.6603162229213836    
  0.105925     -0.6603156228731609    
  0.10593000000000001     -0.6603150227966391    
  0.105935     -0.6603144226916371    
  0.10594     -0.6603138225582393    
  0.10594500000000001     -0.6603132223963935    
  0.10595     -0.6603126222061491    
  0.10595500000000001     -0.660312021987492    
  0.10596     -0.66031142174044    
  0.105965     -0.6603108214649402    
  0.10597000000000001     -0.6603102211609745    
  0.105975     -0.6603096208286942    
  0.10598     -0.6603090204680024    
  0.10598500000000001     -0.6603084200788292    
  0.10599     -0.6603078196612768    
  0.105995     -0.6603072192152752    
  0.10600000000000001     -0.6603066187408958    
  0.106005     -0.6603060182380517    
  0.10601000000000001     -0.6603054177068919    
  0.106015     -0.6603048171471703    
  0.10602     -0.6603042165591679    
  0.10602500000000001     -0.6603036159426839    
  0.10603     -0.6603030152977871    
  0.106035     -0.6603024146245086    
  0.10604000000000001     -0.6603018139227679    
  0.106045     -0.6603012131926131    
  0.10605     -0.6603006124340767    
  0.10605500000000001     -0.6603000116471271    
  0.10606     -0.6602994108317157    
  0.106065     -0.6602988099879029    
  0.10607000000000001     -0.6602982091157137    
  0.106075     -0.6602976082150598    
  0.10608000000000001     -0.6602970072860576    
  0.106085     -0.6602964063285571    
  0.10609     -0.6602958053427113    
  0.10609500000000001     -0.6602952043284019    
  0.1061     -0.6602946032857445    
  0.106105     -0.660294002214607    
  0.10611000000000001     -0.6602934011150565    
  0.106115     -0.6602927999870906    
  0.10612     -0.6602921988307103    
  0.10612500000000001     -0.6602915976459329    
  0.10613     -0.6602909964327272    
  0.10613500000000001     -0.6602903951911226    
  0.10614     -0.6602897939210548    
  0.106145     -0.6602891926226221    
  0.10615000000000001     -0.6602885912957273    
  0.106155     -0.660287989940466    
  0.10616     -0.6602873885567919    
  0.10616500000000001     -0.6602867871446377    
  0.10617     -0.6602861857041536    
  0.106175     -0.6602855842351724    
  0.10618000000000001     -0.6602849827378275    
  0.106185     -0.6602843812120349    
  0.10619     -0.6602837796578449    
  0.10619500000000001     -0.6602831780752562    
  0.1062     -0.6602825764641873    
  0.10620500000000001     -0.6602819748247898    
  0.10621     -0.6602813731569276    
  0.106215     -0.6602807714606174    
  0.10622000000000001     -0.6602801697359774    
  0.106225     -0.6602795679828404    
  0.10623     -0.6602789662013214    
  0.10623500000000001     -0.6602783643914065    
  0.10624     -0.6602777625530282    
  0.106245     -0.660277160686268    
  0.10625000000000001     -0.6602765587910937    
  0.106255     -0.6602759568674561    
  0.10626000000000001     -0.6602753549154549    
  0.106265     -0.6602747529350057    
  0.10627     -0.6602741509261775    
  0.10627500000000001     -0.6602735488889012    
  0.10628     -0.6602729468232096    
  0.106285     -0.6602723447291206    
  0.10629000000000001     -0.6602717426065877    
  0.106295     -0.6602711404556547    
  0.1063     -0.6602705382763091    
  0.10630500000000001     -0.6602699360685479    
  0.10631     -0.6602693338324231    
  0.106315     -0.6602687315677506    
  0.10632     -0.6602681292747833    
  0.106325     -0.6602675269533161    
  0.10633000000000001     -0.660266924603505    
  0.106335     -0.6602663222252615    
  0.10634     -0.6602657198185516    
  0.10634500000000001     -0.6602651173834825    
  0.10635     -0.6602645149199626    
  0.106355     -0.6602639124280132    
  0.10636000000000001     -0.6602633099076974    
  0.106365     -0.6602627073589377    
  0.10637     -0.660262104781712    
  0.10637500000000001     -0.6602615021761408    
  0.10638     -0.6602608995421191    
  0.10638500000000001     -0.660260296879752    
  0.10639     -0.6602596941888722    
  0.106395     -0.6602590914696443    
  0.10640000000000001     -0.6602584887219686    
  0.106405     -0.6602578859458295    
  0.10641     -0.6602572831413578    
  0.10641500000000001     -0.6602566803084408    
  0.10642     -0.660256077447076    
  0.106425     -0.6602554745572984    
  0.10643000000000001     -0.6602548716391389    
  0.106435     -0.660254268692547    
  0.10644     -0.6602536657175437    
  0.106445     -0.6602530627141417    
  0.10645     -0.6602524596822764    
  0.10645500000000001     -0.6602518566220136    
  0.10646     -0.6602512535333521    
  0.106465     -0.6602506504162625    
  0.10647000000000001     -0.6602500472707573    
  0.106475     -0.6602494440968546    
  0.10648     -0.6602488408945054    
  0.10648500000000001     -0.660248237663759    
  0.10649     -0.6602476344045647    
  0.106495     -0.6602470311169886    
  0.10650000000000001     -0.6602464278009673    
  0.106505     -0.6602458244565458    
  0.10651000000000001     -0.6602452210836961    
  0.106515     -0.6602446176824309    
  0.10652     -0.6602440142527684    
  0.10652500000000001     -0.6602434107946775    
  0.10653     -0.6602428073081372    
  0.106535     -0.6602422037932335    
  0.10654000000000001     -0.6602416002499143    
  0.106545     -0.6602409966781329    
  0.10655     -0.660240393077953    
  0.10655500000000001     -0.66023978944936    
  0.10656     -0.6602391857923517    
  0.10656500000000001     -0.6602385821069643    
  0.10657     -0.6602379783930771    
  0.106575     -0.6602373746508106    
  0.10658000000000001     -0.6602367708801313    
  0.106585     -0.6602361670810702    
  0.10659     -0.6602355632535275    
  0.10659500000000001     -0.6602349593976043    
  0.1066     -0.6602343555132685    
  0.106605     -0.6602337516005168    
  0.10661000000000001     -0.6602331476593513    
  0.106615     -0.6602325436897558    
  0.10662     -0.6602319396917293    
  0.106625     -0.6602313356652876    
  0.10663     -0.6602307316104509    
  0.10663500000000001     -0.6602301275271468    
  0.10664     -0.6602295234155001    
  0.106645     -0.6602289192754507    
  0.10665000000000001     -0.6602283151068898    
  0.106655     -0.6602277109099475    
  0.10666     -0.6602271066845921    
  0.10666500000000001     -0.6602265024308575    
  0.10667     -0.660225898148671    
  0.106675     -0.6602252938380394    
  0.10668000000000001     -0.6602246894990274    
  0.106685     -0.6602240851315841    
  0.10669000000000001     -0.6602234807357746    
  0.106695     -0.6602228763115044    
  0.1067     -0.6602222718587683    
  0.10670500000000001     -0.6602216673776851    
  0.10671     -0.6602210628681556    
  0.106715     -0.6602204583302105    
  0.10672000000000001     -0.6602198537638343    
  0.106725     -0.6602192491690804    
  0.10673     -0.6602186445459236    
  0.10673500000000001     -0.6602180398943063    
  0.10674     -0.6602174352142425    
  0.106745     -0.6602168305057954    
  0.10675     -0.6602162257689355    
  0.106755     -0.6602156210036599    
  0.10676000000000001     -0.6602150162099379    
  0.106765     -0.6602144113878523    
  0.10677     -0.6602138065373343    
  0.10677500000000001     -0.6602132016584034    
  0.10678     -0.6602125967510093    
  0.106785     -0.6602119918152305    
  0.10679000000000001     -0.6602113868510584    
  0.106795     -0.6602107818584033    
  0.1068     -0.660210176837417    
  0.10680500000000001     -0.660209571787952    
  0.10681     -0.6602089667101049    
  0.10681500000000001     -0.6602083616037946    
  0.10682     -0.6602077564691023    
  0.106825     -0.6602071513059454    
  0.10683000000000001     -0.6602065461144428    
  0.106835     -0.6602059408944575    
  0.10684     -0.660205335646058    
  0.10684500000000001     -0.6602047303692794    
  0.10685     -0.6602041250640851    
  0.106855     -0.6602035197304417    
  0.10686000000000001     -0.6602029143683881    
  0.106865     -0.6602023089779163    
  0.10687     -0.6602017035590498    
  0.106875     -0.6602010981117677    
  0.10688     -0.6602004926360056    
  0.10688500000000001     -0.6601998871319134    
  0.10689     -0.6601992815993214    
  0.106895     -0.6601986760383994    
  0.10690000000000001     -0.6601980704489804    
  0.106905     -0.6601974648311641    
  0.10691     -0.6601968591849491    
  0.10691500000000001     -0.660196253510303    
  0.10692     -0.660195647807244    
  0.106925     -0.6601950420757527    
  0.10693000000000001     -0.660194436315881    
  0.106935     -0.6601938305275796    
  0.10694000000000001     -0.6601932247108301    
  0.106945     -0.660192618865699    
  0.10695     -0.6601920129920876    
  0.10695500000000001     -0.6601914070901279    
  0.10696     -0.6601908011597372    
  0.106965     -0.6601901952009003    
  0.10697000000000001     -0.6601895892136965    
  0.106975     -0.660188983198048    
  0.10698     -0.66018837715395    
  0.10698500000000001     -0.6601877710814728    
  0.10699     -0.6601871649805141    
  0.106995     -0.6601865588511906    
  0.107     -0.6601859526934527    
  0.107005     -0.6601853465072838    
  0.10701000000000001     -0.6601847402927342    
  0.107015     -0.6601841340496865    
  0.10702     -0.6601835277783257    
  0.10702500000000001     -0.6601829214784353    
  0.10703     -0.6601823151502109    
  0.107035     -0.66018170879354    
  0.10704000000000001     -0.6601811024084703    
  0.107045     -0.6601804959949542    
  0.10705     -0.6601798895530083    
  0.10705500000000001     -0.6601792830826637    
  0.10706     -0.6601786765839192    
  0.10706500000000001     -0.6601780700567476    
  0.10707     -0.6601774635011255    
  0.107075     -0.6601768569171411    
  0.10708000000000001     -0.6601762503046736    
  0.107085     -0.6601756436638441    
  0.10709     -0.6601750369945496    
  0.10709500000000001     -0.6601744302968733    
  0.1071     -0.6601738235707335    
  0.107105     -0.6601732168162121    
  0.10711000000000001     -0.6601726100332764    
  0.107115     -0.6601720032219434    
  0.10712     -0.6601713963821274    
  0.107125     -0.6601707895139182    
  0.10713     -0.6601701826173075    
  0.10713500000000001     -0.6601695756922853    
  0.10714     -0.6601689687387969    
  0.107145     -0.6601683617569606    
  0.10715000000000001     -0.6601677547466439    
  0.107155     -0.6601671477079286    
  0.10716     -0.660166540640834    
  0.10716500000000001     -0.6601659335452398    
  0.10717     -0.6601653264212819    
  0.107175     -0.6601647192689434    
  0.10718     -0.6601641120881416    
  0.107185     -0.6601635048789228    
  0.10719000000000001     -0.6601628976412589    
  0.107195     -0.6601622903751795    
  0.1072     -0.6601616830807026    
  0.10720500000000001     -0.6601610757578101    
  0.10721     -0.6601604684065051    
  0.107215     -0.6601598610267844    
  0.10722000000000001     -0.6601592536186326    
  0.107225     -0.6601586461820342    
  0.10723     -0.6601580387170709    
  0.10723500000000001     -0.6601574312236779    
  0.10724     -0.6601568237018187    
  0.10724500000000001     -0.6601562161515959    
  0.10725     -0.6601556085729576    
  0.107255     -0.6601550009658067    
  0.10726000000000001     -0.6601543933303567    
  0.107265     -0.6601537856664254    
  0.10727     -0.6601531779740641    
  0.10727500000000001     -0.6601525702533212    
  0.10728     -0.6601519625041303    
  0.107285     -0.6601513547265757    
  0.10729000000000001     -0.660150746920572    
  0.107295     -0.6601501390861385    
  0.1073     -0.6601495312232402    
  0.107305     -0.660148923331995    
  0.10731     -0.6601483154123526    
  0.10731500000000001     -0.6601477074642261    
  0.10732     -0.6601470994876724    
  0.107325     -0.660146491482734    
  0.10733000000000001     -0.6601458834494    
  0.107335     -0.6601452753875996    
  0.10734     -0.66014466729742    
  0.10734500000000001     -0.6601440591787422    
  0.10735     -0.6601434510317498    
  0.107355     -0.6601428428562758    
  0.10736000000000001     -0.6601422346524045    
  0.107365     -0.6601416264200864    
  0.10737000000000001     -0.6601410181594023    
  0.107375     -0.6601404098702716    
  0.10738     -0.6601398015527083    
  0.10738500000000001     -0.6601391932067661    
  0.10739     -0.6601385848323239    
  0.107395     -0.6601379764295672    
  0.10740000000000001     -0.6601373679982981    
  0.107405     -0.6601367595386808    
  0.10741     -0.6601361510506142    
  0.10741500000000001     -0.6601355425340997    
  0.10742     -0.6601349339891892    
  0.107425     -0.6601343254158619    
  0.10743     -0.6601337168141553    
  0.107435     -0.6601331081839673    
  0.10744000000000001     -0.6601324995254153    
  0.107445     -0.6601318908384132    
  0.10745     -0.6601312821229668    
  0.10745500000000001     -0.6601306733791529    
  0.10746     -0.6601300646068586    
  0.107465     -0.6601294558062022    
  0.10747000000000001     -0.6601288469771288    
  0.107475     -0.6601282381196061    
  0.10748     -0.6601276292337057    
  0.107485     -0.6601270203193224    
  0.10749     -0.6601264113765416    
  0.10749500000000001     -0.6601258024053284    
  0.1075     -0.6601251934057193    
  0.107505     -0.6601245843776777    
  0.10751000000000001     -0.6601239753212219    
  0.107515     -0.6601233662363689    
  0.10752     -0.6601227571231016    
  0.10752500000000001     -0.6601221479813849    
  0.10753     -0.6601215388112879    
  0.107535     -0.6601209296127443    
  0.10754000000000001     -0.6601203203857668    
  0.107545     -0.6601197111303612    
  0.10755     -0.6601191018465554    
  0.107555     -0.6601184925343677    
  0.10756     -0.6601178831937181    
  0.10756500000000001     -0.6601172738246516    
  0.10757     -0.6601166644271382    
  0.107575     -0.6601160550012447    
  0.10758000000000001     -0.66011544554692    
  0.107585     -0.6601148360641784    
  0.10759     -0.6601142265530408    
  0.10759500000000001     -0.6601136170134553    
  0.1076     -0.660113007445471    
  0.107605     -0.660112397849022    
  0.10761     -0.6601117882241939    
  0.107615     -0.660111178570932    
  0.10762000000000001     -0.6601105688892391    
  0.107625     -0.6601099591791333    
  0.10763     -0.6601093494406288    
  0.10763500000000001     -0.660108739673675    
  0.10764     -0.6601081298783591    
  0.107645     -0.6601075200545599    
  0.10765000000000001     -0.6601069102023623    
  0.107655     -0.6601063003217518    
  0.10766     -0.660105690412696    
  0.10766500000000001     -0.660105080475271    
  0.10767     -0.6601044705093828    
  0.107675     -0.6601038605150972    
  0.10768     -0.6601032504923806    
  0.107685     -0.6601026404412483    
  0.10769     -0.6601020303617358    
  0.107695     -0.6601014202537399    
  0.1077     -0.6601008101173651    
  0.107705     -0.6601001999525241    
  0.10771     -0.6600995897592703    
  0.10771499999999999     -0.6600989795376516    
  0.10772     -0.660098369287568    
  0.107725     -0.6600977590090521    
  0.10772999999999999     -0.6600971487021556    
  0.107735     -0.6600965383667957    
  0.10774     -0.6600959280030344    
  0.107745     -0.6600953176108785    
  0.10775     -0.6600947071903069    
  0.107755     -0.66009409674132    
  0.10776     -0.6600934862638204    
  0.107765     -0.6600928757579867    
  0.10777     -0.6600922652237401    
  0.107775     -0.6600916546610625    
  0.10778     -0.6600910440699357    
  0.10778499999999999     -0.6600904334503959    
  0.10779     -0.6600898228024575    
  0.107795     -0.6600892121260866    
  0.10779999999999999     -0.6600886014212848    
  0.107805     -0.6600879906881038    
  0.10781     -0.6600873799264397    
  0.107815     -0.6600867691363925    
  0.10782     -0.6600861583179493    
  0.107825     -0.6600855474710582    
  0.10783     -0.6600849365957527    
  0.107835     -0.66008432569198    
  0.10783999999999999     -0.6600837147598294    
  0.107845     -0.6600831037992788    
  0.10785     -0.6600824928102479    
  0.10785499999999999     -0.6600818817928533    
  0.10786     -0.6600812707470236    
  0.107865     -0.6600806596727486    
  0.10787     -0.6600800485700777    
  0.107875     -0.6600794374390223    
  0.10788     -0.6600788262795008    
  0.107885     -0.6600782150915507    
  0.10789     -0.6600776038752358    
  0.10789499999999999     -0.6600769926304055    
  0.1079     -0.6600763813572271    
  0.107905     -0.6600757700556331    
  0.10790999999999999     -0.6600751587255757    
  0.107915     -0.6600745473671364    
  0.10792     -0.6600739359802505    
  0.107925     -0.6600733245649493    
  0.10793     -0.660072713121231    
  0.107935     -0.6600721016491026    
  0.10794     -0.6600714901485389    
  0.107945     -0.6600708786195625    
  0.10795     -0.6600702670621355    
  0.107955     -0.660069655476363    
  0.10796     -0.6600690438621244    
  0.10796499999999999     -0.6600684322194224    
  0.10797     -0.6600678205483694    
  0.107975     -0.6600672088488713    
  0.10797999999999999     -0.6600665971209407    
  0.107985     -0.6600659853646129    
  0.10799     -0.6600653735798526    
  0.107995     -0.6600647617666275    
  0.108     -0.6600641499250234    
  0.108005     -0.6600635380549841    
  0.10801     -0.6600629261565486    
  0.108015     -0.6600623142296991    
  0.10801999999999999     -0.6600617022743834    
  0.108025     -0.660061090290704    
  0.10803     -0.6600604782785755    
  0.10803499999999999     -0.6600598662380341    
  0.10804     -0.6600592541690589    
  0.108045     -0.6600586420716862    
  0.10805     -0.6600580299458488    
  0.108055     -0.6600574177916142    
  0.10806     -0.6600568056089821    
  0.108065     -0.6600561933979008    
  0.10807     -0.6600555811584039    
  0.108075     -0.6600549688905096    
  0.10808     -0.6600543565941842    
  0.108085     -0.6600537442694095    
  0.10808999999999999     -0.6600531319162376    
  0.108095     -0.660052519534601    
  0.1081     -0.6600519071246342    
  0.10810499999999999     -0.6600512946861845    
  0.10811     -0.6600506822193193    
  0.108115     -0.6600500697240568    
  0.10812     -0.6600494572003476    
  0.108125     -0.660048844648237    
  0.10813     -0.6600482320676812    
  0.108135     -0.6600476194587098    
  0.10814     -0.6600470068213229    
  0.10814499999999999     -0.6600463941555372    
  0.10815     -0.6600457814613037    
  0.108155     -0.6600451687386405    
  0.10815999999999999     -0.6600445559875616    
  0.108165     -0.660043943208084    
  0.10817     -0.6600433304001599    
  0.108175     -0.6600427175638695    
  0.10818     -0.660042104699096    
  0.108185     -0.6600414918059265    
  0.10819     -0.6600408788843414    
  0.108195     -0.6600402659342748    
  0.1082     -0.6600396529558783    
  0.108205     -0.6600390399490155    
  0.10821     -0.6600384269137034    
  0.10821499999999999     -0.6600378138500278    
  0.10822     -0.6600372007579209    
  0.108225     -0.6600365876373328    
  0.10822999999999999     -0.6600359744884284    
  0.108235     -0.6600353613110453    
  0.10824     -0.6600347481052102    
  0.108245     -0.6600341348709778    
  0.10825     -0.6600335216082989    
  0.108255     -0.6600329083172548    
  0.10826     -0.6600322949977797    
  0.108265     -0.6600316816498539    
  0.10826999999999999     -0.6600310682735141    
  0.108275     -0.6600304548687613    
  0.10828     -0.6600298414355747    
  0.10828499999999999     -0.6600292279739908    
  0.10829     -0.6600286144839744    
  0.108295     -0.660028000965562    
  0.1083     -0.66002738741865    
  0.108305     -0.6600267738433896    
  0.10831     -0.6600261602396981    
  0.108315     -0.6600255466075574    
  0.10832     -0.6600249329470194    
  0.108325     -0.6600243192580321    
  0.10833     -0.6600237055406655    
  0.108335     -0.6600230917948496    
  0.10833999999999999     -0.6600224780206184    
  0.108345     -0.6600218642179742    
  0.10835     -0.660021250386878    
  0.10835499999999999     -0.6600206365274207    
  0.10836     -0.660020022639478    
  0.108365     -0.6600194087231377    
  0.10837     -0.6600187947783691    
  0.108375     -0.6600181808051837    
  0.10838     -0.6600175668035826    
  0.108385     -0.6600169527735349    
  0.10839     -0.6600163387150872    
  0.10839499999999999     -0.6600157246282435    
  0.1084     -0.6600151105129477    
  0.108405     -0.6600144963692561    
  0.10840999999999999     -0.6600138821970996    
  0.108415     -0.6600132679965444    
  0.10842     -0.6600126537676086    
  0.108425     -0.6600120395101406    
  0.10843     -0.6600114252243556    
  0.108435     -0.6600108109101084    
  0.10844     -0.6600101965674625    
  0.108445     -0.660009582196335    
  0.10844999999999999     -0.6600089677968904    
  0.108455     -0.6600083533688839    
  0.10846     -0.6600077389125771    
  0.10846499999999999     -0.6600071244278237    
  0.10847     -0.6600065099146365    
  0.108475     -0.6600058953730027    
  0.10848     -0.660005280802969    
  0.108485     -0.6600046662044886    
  0.10849     -0.6600040515775757    
  0.108495     -0.6600034369223485    
  0.1085     -0.6600028222385876    
  0.108505     -0.6600022075264478    
  0.10851     -0.6600015927858752    
  0.108515     -0.6600009780168873    
  0.10851999999999999     -0.66000036321945    
  0.108525     -0.6599997483936154    
  0.10853     -0.6599991335393988    
  0.10853499999999999     -0.6599985186566867    
  0.10854     -0.6599979037455898    
  0.108545     -0.6599972888060787    
  0.10855     -0.6599966738381211    
  0.108555     -0.6599960588417775    
  0.10856     -0.6599954438169886    
  0.108565     -0.6599948287637506    
  0.10857     -0.659994213682132    
  0.10857499999999999     -0.6599935985721147    
  0.10858     -0.6599929834335974    
  0.108585     -0.6599923682667336    
  0.10858999999999999     -0.6599917530713697    
  0.108595     -0.6599911378476423    
  0.1086     -0.6599905225954655    
  0.108605     -0.6599899073149068    
  0.10861     -0.659989292005868    
  0.108615     -0.6599886766684641    
  0.10862     -0.6599880613025771    
  0.108625     -0.6599874459083237    
  0.10863     -0.659986830485624    
  0.108635     -0.6599862150344944    
  0.10864     -0.65998559955498    
  0.10864499999999999     -0.6599849840470196    
  0.10865     -0.6599843685106094    
  0.108655     -0.6599837529458176    
  0.10865999999999999     -0.6599831373525764    
  0.108665     -0.6599825217309377    
  0.10867     -0.6599819060808512    
  0.108675     -0.6599812904023323    
  0.10868     -0.6599806746954302    
  0.108685     -0.6599800589600984    
  0.10869     -0.6599794431963185    
  0.108695     -0.6599788274041233    
  0.10869999999999999     -0.6599782115835109    
  0.108705     -0.6599775957344857    
  0.10871     -0.6599769798570113    
  0.10871499999999999     -0.6599763639511226    
  0.10872     -0.6599757480168675    
  0.108725     -0.6599751320541308    
  0.10873     -0.6599745160629785    
  0.108735     -0.6599739000434303    
  0.10874     -0.6599732839954482    
  0.108745     -0.6599726679190351    
  0.10875     -0.6599720518141908    
  0.10875499999999999     -0.6599714356809296    
  0.10876     -0.6599708195192373    
  0.108765     -0.6599702033291477    
  0.10876999999999999     -0.6599695871106427    
  0.108775     -0.6599689708637035    
  0.10878     -0.659968354588318    
  0.10878499999999999     -0.6599677382845351    
  0.10879     -0.6599671219523351    
  0.108795     -0.6599665055916875    
  0.1088     -0.6599658892026409    
  0.108805     -0.6599652727851477    
  0.10881     -0.6599646563392194    
  0.108815     -0.6599640398648938    
  0.10882     -0.6599634233621722    
  0.10882499999999999     -0.6599628068309831    
  0.10883     -0.6599621902713939    
  0.108835     -0.6599615736833762    
  0.10883999999999999     -0.6599609570669418    
  0.108845     -0.6599603404220761    
  0.10885     -0.6599597237487612    
  0.108855     -0.6599591070470839    
  0.10886     -0.6599584903169703    
  0.108865     -0.6599578735583763    
  0.10887     -0.6599572567713864    
  0.108875     -0.6599566399560285    
  0.10887999999999999     -0.6599560231121737    
  0.108885     -0.6599554062399524    
  0.10889     -0.6599547893392509    
  0.10889499999999999     -0.6599541724101661    
  0.1089     -0.6599535554526658    
  0.108905     -0.659952938466685    
  0.10890999999999999     -0.659952321452373    
  0.108915     -0.6599517044096105    
  0.10892     -0.6599510873383507    
  0.108925     -0.6599504702387414    
  0.10893     -0.6599498531107012    
  0.108935     -0.6599492359542127    
  0.10894     -0.6599486187693413    
  0.108945     -0.6599480015560217    
  0.10894999999999999     -0.6599473843142714    
  0.108955     -0.6599467670440715    
  0.10896     -0.6599461497454715    
  0.10896499999999999     -0.6599455324184924    
  0.10897     -0.6599449150630122    
  0.108975     -0.6599442976792019    
  0.10898     -0.6599436802669086    
  0.108985     -0.6599430628262181    
  0.10899     -0.659942445357095    
  0.108995     -0.6599418278594916    
  0.109     -0.6599412103335205    
  0.10900499999999999     -0.6599405927791353    
  0.10901     -0.6599399751962851    
  0.109015     -0.6599393575850855    
  0.10901999999999999     -0.6599387399454043    
  0.109025     -0.6599381222773243    
  0.10903     -0.65993750458083    
  0.10903499999999999     -0.6599368868558696    
  0.10904     -0.6599362691025441    
  0.109045     -0.6599356513207034    
  0.10905     -0.6599350335105301    
  0.109055     -0.6599344156718931    
  0.10906     -0.6599337978048393    
  0.109065     -0.6599331799093375    
  0.10907     -0.6599325619854877    
  0.10907499999999999     -0.659931944033156    
  0.10908     -0.6599313260524062    
  0.109085     -0.659930708043197    
  0.10908999999999999     -0.6599300900056003    
  0.109095     -0.6599294719396248    
  0.1091     -0.6599288538451815    
  0.109105     -0.6599282357222919    
  0.10911     -0.6599276175710356    
  0.109115     -0.6599269993913327    
  0.10912     -0.6599263811831962    
  0.109125     -0.6599257629465936    
  0.10912999999999999     -0.6599251446815936    
  0.109135     -0.6599245263882271    
  0.10914     -0.6599239080664127    
  0.10914499999999999     -0.6599232897161685    
  0.10915     -0.6599226713374738    
  0.109155     -0.6599220529303634    
  0.10916     -0.6599214344948698    
  0.109165     -0.6599208160309297    
  0.10917     -0.6599201975385387    
  0.109175     -0.6599195790177533    
  0.10918     -0.6599189604685495    
  0.109185     -0.6599183418908823    
  0.10919     -0.6599177232848473    
  0.109195     -0.6599171046503475    
  0.10919999999999999     -0.6599164859874335    
  0.109205     -0.6599158672961025    
  0.10921     -0.659915248576325    
  0.10921499999999999     -0.6599146298281656    
  0.10922     -0.6599140110515892    
  0.109225     -0.6599133922465635    
  0.10923     -0.6599127734130913    
  0.109235     -0.6599121545511698    
  0.10924     -0.6599115356609143    
  0.109245     -0.6599109167421784    
  0.10925     -0.6599102977950114    
  0.10925499999999999     -0.6599096788194289    
  0.10926     -0.65990905981548    
  0.109265     -0.6599084407830493    
  0.10926999999999999     -0.659907821722185    
  0.109275     -0.6599072026329583    
  0.10928     -0.6599065835152149    
  0.109285     -0.6599059643690895    
  0.10929     -0.6599053451945642    
  0.109295     -0.6599047259915922    
  0.1093     -0.6599041067602526    
  0.109305     -0.6599034875004002    
  0.10930999999999999     -0.6599028682121982    
  0.109315     -0.6599022488955639    
  0.10932     -0.6599016295504466    
  0.10932499999999999     -0.6599010101769475    
  0.10933     -0.6599003907750185    
  0.109335     -0.6598997713446726    
  0.10933999999999999     -0.6598991518858941    
  0.109345     -0.6598985323986511    
  0.10935     -0.6598979128830443    
  0.109355     -0.6598972933390024    
  0.10936     -0.659896673766511    
  0.109365     -0.6598960541656589    
  0.10937     -0.659895434536269    
  0.109375     -0.6598948148785517    
  0.10937999999999999     -0.6598941951924009    
  0.109385     -0.6598935754778006    
  0.10939     -0.6598929557347848    
  0.10939499999999999     -0.6598923359633366    
  0.1094     -0.6598917161634584    
  0.109405     -0.6598910963351468    
  0.10941     -0.6598904764784376    
  0.109415     -0.6598898565933115    
  0.10942     -0.6598892366797684    
  0.109425     -0.6598886167377631    
  0.10943     -0.6598879967673749    
  0.10943499999999999     -0.6598873767685526    
  0.10944     -0.6598867567412177    
  0.109445     -0.6598861366855656    
  0.10944999999999999     -0.6598855166014306    
  0.109455     -0.6598848964889162    
  0.10946     -0.659884276347967    
  0.10946499999999999     -0.6598836561785697    
  0.10947     -0.6598830359807412    
  0.109475     -0.659882415754531    
  0.10948     -0.6598817954998699    
  0.109485     -0.6598811752167961    
  0.10949     -0.6598805549052716    
  0.109495     -0.659879934565382    
  0.1095     -0.6598793141970445    
  0.10950499999999999     -0.6598786938002563    
  0.10951     -0.6598780733750217    
  0.109515     -0.6598774529213868    
  0.10951999999999999     -0.6598768324393518    
  0.109525     -0.659876211928869    
  0.10953     -0.6598755913899551    
  0.109535     -0.6598749708226748    
  0.10954     -0.6598743502268958    
  0.109545     -0.6598737296027336    
  0.10955     -0.6598731089501081    
  0.109555     -0.659872488269133    
  0.10955999999999999     -0.6598718675596593    
  0.109565     -0.6598712468217689    
  0.10957     -0.659870626055498    
  0.10957499999999999     -0.6598700052607605    
  0.10958     -0.659869384437657    
  0.109585     -0.6598687635860716    
  0.10958999999999999     -0.6598681427060384    
  0.109595     -0.6598675217976557    
  0.1096     -0.6598669008607729    
  0.109605     -0.6598662798955098    
  0.10961     -0.6598656589018479    
  0.10961499999999999     -0.659865037879703    
  0.10962     -0.6598644168291916    
  0.109625     -0.6598637957502169    
  0.10962999999999999     -0.659863174642807    
  0.109635     -0.6598625535069687    
  0.10964     -0.6598619323427458    
  0.10964499999999999     -0.6598613111500903    
  0.10965     -0.6598606899289869    
  0.109655     -0.6598600686794514    
  0.10966     -0.6598594474015506    
  0.109665     -0.6598588260951329    
  0.10967     -0.6598582047603674    
  0.109675     -0.6598575833971186    
  0.10968     -0.6598569620055048    
  0.10968499999999999     -0.6598563405854599    
  0.10969     -0.6598557191369644    
  0.109695     -0.6598550976600379    
  0.10969999999999999     -0.6598544761546956    
  0.109705     -0.6598538546209041    
  0.10971     -0.6598532330587139    
  0.109715     -0.6598526114681081    
  0.10972     -0.6598519898490697    
  0.109725     -0.659851368201634    
  0.10973     -0.6598507465257154    
  0.109735     -0.6598501248213965    
  0.10974     -0.6598495030886465    
  0.109745     -0.6598488813274953    
  0.10975     -0.6598482595379466    
  0.10975499999999999     -0.6598476377199006    
  0.10976     -0.6598470158734391    
  0.109765     -0.6598463939985593    
  0.10976999999999999     -0.6598457720953003    
  0.109775     -0.6598451501635556    
  0.10978     -0.6598445282034654    
  0.109785     -0.6598439062148416    
  0.10979     -0.6598432841978669    
  0.109795     -0.6598426621524133    
  0.1098     -0.6598420400786087    
  0.109805     -0.6598414179763535    
  0.10980999999999999     -0.65984079584567    
  0.109815     -0.6598401736865345    
  0.10982     -0.6598395514989845    
  0.10982499999999999     -0.6598389292830021    
  0.10983     -0.6598383070386199    
  0.109835     -0.6598376847658246    
  0.10984     -0.659837062464545    
  0.109845     -0.6598364401348834    
  0.10985     -0.6598358177768062    
  0.109855     -0.659835195390263    
  0.10986     -0.6598345729753377    
  0.10986499999999999     -0.6598339505319646    
  0.10987     -0.6598333280601731    
  0.109875     -0.6598327055598858    
  0.10987999999999999     -0.6598320830312813    
  0.109885     -0.6598314604742275    
  0.10989     -0.6598308378886908    
  0.10989499999999999     -0.659830215274789    
  0.1099     -0.659829592632456    
  0.109905     -0.6598289699616906    
  0.10991     -0.6598283472624592    
  0.109915     -0.6598277245348274    
  0.10991999999999999     -0.6598271017787816    
  0.109925     -0.6598264789943031    
  0.10993     -0.6598258561814402    
  0.10993499999999999     -0.6598252333400982    
  0.10994     -0.6598246104703057    
  0.109945     -0.6598239875721144    
  0.10994999999999999     -0.6598233646455411    
  0.109955     -0.6598227416905355    
  0.10996     -0.6598221187070453    
  0.109965     -0.6598214956951749    
  0.10997     -0.6598208726548549    
  0.109975     -0.6598202495861375    
  0.10998     -0.6598196264889513    
  0.109985     -0.6598190033633846    
  0.10998999999999999     -0.6598183802093841    
  0.109995     -0.6598177570269188    
  0.11     -0.6598171338160729   
