  0.990005      1.000347772337058    
  0.99001      1.0003477913530314    
  0.990015      1.0003478103688628    
  0.99002      1.0003478293845531    
  0.990025      1.0003478484001043    
  0.99003      1.0003478674155117    
  0.990035      1.0003478864307787    
  0.99004      1.0003479054459055    
  0.990045      1.0003479244608895    
  0.99005      1.0003479434757332    
  0.990055      1.0003479624904354    
  0.9900599999999999      1.000347981504997    
  0.990065      1.0003480005194167    
  0.99007      1.0003480195336953    
  0.990075      1.0003480385478325    
  0.99008      1.0003480575618289    
  0.990085      1.0003480765756834    
  0.99009      1.000348095589397    
  0.990095      1.0003481146029691    
  0.9901      1.0003481336164    
  0.990105      1.0003481526296907    
  0.99011      1.0003481716428388    
  0.990115      1.000348190655846    
  0.99012      1.0003482096687129    
  0.990125      1.000348228681438    
  0.99013      1.000348247694021    
  0.990135      1.000348266706463    
  0.99014      1.0003482857187642    
  0.9901449999999999      1.0003483047309243    
  0.99015      1.0003483237429425    
  0.990155      1.0003483427548197    
  0.99016      1.0003483617665563    
  0.990165      1.0003483807781508    
  0.99017      1.0003483997896037    
  0.990175      1.0003484188009164    
  0.99018      1.0003484378120882    
  0.990185      1.0003484568231173    
  0.99019      1.0003484758340049    
  0.9901949999999999      1.0003484948447527    
  0.9902      1.0003485138553578    
  0.990205      1.000348532865823    
  0.99021      1.0003485518761457    
  0.990215      1.000348570886328    
  0.99022      1.0003485898963684    
  0.990225      1.000348608906268    
  0.9902299999999999      1.0003486279160265    
  0.990235      1.0003486469256424    
  0.99024      1.0003486659351182    
  0.990245      1.0003486849444523    
  0.99025      1.0003487039536447    
  0.990255      1.0003487229626968    
  0.99026      1.000348741971607    
  0.990265      1.0003487609803756    
  0.99027      1.0003487799890034    
  0.990275      1.0003487989974893    
  0.9902799999999999      1.0003488180058342    
  0.990285      1.0003488370140374    
  0.99029      1.0003488560221    
  0.990295      1.0003488750300211    
  0.9903      1.000348894037801    
  0.990305      1.0003489130454402    
  0.99031      1.0003489320529362    
  0.990315      1.0003489510602919    
  0.99032      1.0003489700675061    
  0.990325      1.0003489890745794    
  0.99033      1.0003490080815116    
  0.990335      1.0003490270883018    
  0.99034      1.000349046094951    
  0.990345      1.000349065101458    
  0.99035      1.0003490841078237    
  0.990355      1.00034910311405    
  0.99036      1.0003491221201333    
  0.9903649999999999      1.0003491411260756    
  0.99037      1.000349160131876    
  0.990375      1.0003491791375358    
  0.99038      1.000349198143054    
  0.990385      1.0003492171484305    
  0.99039      1.0003492361536663    
  0.990395      1.0003492551587605    
  0.9904      1.0003492741637128    
  0.990405      1.0003492931685243    
  0.99041      1.0003493121731943    
  0.990415      1.000349331177723    
  0.99042      1.0003493501821106    
  0.990425      1.0003493691863565    
  0.99043      1.0003493881904606    
  0.990435      1.000349407194424    
  0.99044      1.0003494261982455    
  0.990445      1.000349445201926    
  0.9904499999999999      1.0003494642054649    
  0.990455      1.0003494832088626    
  0.99046      1.000349502212118    
  0.990465      1.0003495212152327    
  0.99047      1.0003495402182068    
  0.990475      1.0003495592210383    
  0.99048      1.00034957822373    
  0.990485      1.0003495972262788    
  0.99049      1.0003496162286867    
  0.990495      1.0003496352309524    
  0.9904999999999999      1.000349654233078    
  0.990505      1.0003496732350612    
  0.99051      1.0003496922369042    
  0.990515      1.0003497112386048    
  0.99052      1.0003497302401638    
  0.990525      1.0003497492415807    
  0.99053      1.000349768242858    
  0.9905349999999999      1.0003497872439935    
  0.99054      1.0003498062449874    
  0.990545      1.000349825245839    
  0.99055      1.00034984424655    
  0.990555      1.0003498632471193    
  0.99056      1.0003498822475474    
  0.990565      1.000349901247834    
  0.99057      1.0003499202479793    
  0.990575      1.0003499392479827    
  0.99058      1.0003499582478446    
  0.9905849999999999      1.0003499772475657    
  0.99059      1.0003499962471454    
  0.990595      1.000350015246583    
  0.9906      1.0003500342458795    
  0.990605      1.000350053245035    
  0.99061      1.000350072244048    
  0.990615      1.00035009124292    
  0.99062      1.0003501102416508    
  0.990625      1.00035012924024    
  0.99063      1.0003501482386874    
  0.990635      1.0003501672369943    
  0.99064      1.0003501862351594    
  0.990645      1.0003502052331825    
  0.99065      1.0003502242310636    
  0.990655      1.0003502432288045    
  0.99066      1.0003502622264036    
  0.990665      1.0003502812238607    
  0.9906699999999999      1.0003503002211764    
  0.990675      1.000350319218352    
  0.99068      1.000350338215384    
  0.990685      1.0003503572122758    
  0.99069      1.000350376209027    
  0.990695      1.0003503952056347    
  0.9907      1.0003504142021016    
  0.990705      1.0003504331984276    
  0.99071      1.0003504521946112    
  0.990715      1.0003504711906541    
  0.99072      1.0003504901865554    
  0.990725      1.000350509182315    
  0.99073      1.0003505281779335    
  0.990735      1.0003505471734102    
  0.99074      1.0003505661687457    
  0.990745      1.0003505851639398    
  0.99075      1.0003506041589911    
  0.9907549999999999      1.0003506231539017    
  0.99076      1.0003506421486705    
  0.990765      1.0003506611432988    
  0.99077      1.0003506801377848    
  0.990775      1.0003506991321303    
  0.99078      1.0003507181263316    
  0.990785      1.000350737120394    
  0.99079      1.000350756114314    
  0.990795      1.0003507751080927    
  0.9908      1.0003507941017293    
  0.990805      1.000350813095225    
  0.99081      1.0003508320885788    
  0.990815      1.0003508510817907    
  0.99082      1.000350870074861    
  0.990825      1.0003508890677917    
  0.99083      1.0003509080605792    
  0.990835      1.0003509270532251    
  0.9908399999999999      1.00035094604573    
  0.990845      1.0003509650380926    
  0.99085      1.000350984030314    
  0.990855      1.000351003022394    
  0.99086      1.000351022014333    
  0.990865      1.0003510410061303    
  0.99087      1.0003510599977856    
  0.990875      1.0003510789892993    
  0.99088      1.0003510979806718    
  0.990885      1.0003511169719022    
  0.9908899999999999      1.0003511359629913    
  0.990895      1.0003511549539394    
  0.9909      1.0003511739447455    
  0.990905      1.0003511929354092    
  0.99091      1.0003512119259332    
  0.990915      1.0003512309163138    
  0.99092      1.0003512499065532    
  0.990925      1.0003512688966525    
  0.99093      1.0003512878866088    
  0.990935      1.0003513068764227    
  0.99094      1.000351325866097    
  0.990945      1.0003513448556287    
  0.99095      1.0003513638450192    
  0.990955      1.0003513828342678    
  0.99096      1.000351401823374    
  0.990965      1.0003514208123403    
  0.99097      1.0003514398011635    
  0.9909749999999999      1.0003514587898463    
  0.99098      1.000351477778387    
  0.990985      1.0003514967667861    
  0.99099      1.0003515157550436    
  0.990995      1.0003515347431593    
  0.991      1.0003515537311338    
  0.991005      1.000351572718967    
  0.99101      1.0003515917066572    
  0.991015      1.0003516106942074    
  0.99102      1.0003516296816146    
  0.991025      1.0003516486688813    
  0.99103      1.000351667656006    
  0.991035      1.0003516866429885    
  0.99104      1.0003517056298301    
  0.991045      1.0003517246165294    
  0.99105      1.0003517436030882    
  0.991055      1.0003517625895044    
  0.9910599999999999      1.0003517815757792    
  0.991065      1.0003518005619125    
  0.99107      1.0003518195479035    
  0.991075      1.0003518385337546    
  0.99108      1.0003518575194623    
  0.991085      1.0003518765050288    
  0.99109      1.0003518954904542    
  0.991095      1.0003519144757373    
  0.9911      1.0003519334608793    
  0.991105      1.0003519524458797    
  0.99111      1.0003519714307372    
  0.991115      1.000351990415455    
  0.99112      1.00035200940003    
  0.991125      1.0003520283844627    
  0.99113      1.0003520473687548    
  0.991135      1.0003520663529049    
  0.99114      1.0003520853369137    
  0.9911449999999999      1.0003521043207801    
  0.99115      1.0003521233045063    
  0.991155      1.0003521422880886    
  0.99116      1.0003521612715311    
  0.991165      1.0003521802548312    
  0.99117      1.0003521992379893    
  0.991175      1.000352218221006    
  0.99118      1.000352237203882    
  0.991185      1.000352256186615    
  0.99119      1.0003522751692069    
  0.9911949999999999      1.0003522941516565    
  0.9912      1.0003523131339649    
  0.991205      1.0003523321161318    
  0.99121      1.0003523510981565    
  0.991215      1.0003523700800399    
  0.99122      1.000352389061782    
  0.991225      1.0003524080433814    
  0.9912299999999999      1.0003524270248403    
  0.991235      1.0003524460061564    
  0.99124      1.0003524649873308    
  0.991245      1.0003524839683644    
  0.99125      1.0003525029492564    
  0.991255      1.000352521930006    
  0.99126      1.0003525409106142    
  0.991265      1.0003525598910805    
  0.99127      1.0003525788714047    
  0.991275      1.0003525978515875    
  0.9912799999999999      1.0003526168316286    
  0.991285      1.0003526358115278    
  0.99129      1.0003526547912858    
  0.991295      1.0003526737709012    
  0.9913      1.0003526927503756    
  0.991305      1.0003527117297082    
  0.99131      1.0003527307088993    
  0.991315      1.0003527496879483    
  0.99132      1.0003527686668554    
  0.991325      1.0003527876456213    
  0.99133      1.000352806624245    
  0.991335      1.0003528256027272    
  0.99134      1.0003528445810677    
  0.991345      1.000352863559267    
  0.99135      1.000352882537323    
  0.991355      1.000352901515237    
  0.99136      1.0003529204930115    
  0.9913649999999999      1.0003529394706434    
  0.99137      1.0003529584481334    
  0.991375      1.000352977425481    
  0.99138      1.0003529964026878    
  0.991385      1.0003530153797522    
  0.99139      1.000353034356674    
  0.991395      1.000353053333456    
  0.9914      1.000353072310095    
  0.991405      1.000353091286593    
  0.99141      1.0003531102629486    
  0.991415      1.0003531292391623    
  0.99142      1.000353148215235    
  0.991425      1.0003531671911645    
  0.99143      1.0003531861669541    
  0.991435      1.0003532051426012    
  0.99144      1.000353224118106    
  0.991445      1.0003532430934692    
  0.9914499999999999      1.0003532620686901    
  0.991455      1.0003532810437696    
  0.99146      1.0003533000187084    
  0.991465      1.0003533189935045    
  0.99147      1.0003533379681593    
  0.991475      1.0003533569426712    
  0.99148      1.0003533759170415    
  0.991485      1.0003533948912713    
  0.99149      1.0003534138653585    
  0.991495      1.0003534328393033    
  0.9915      1.0003534518131074    
  0.991505      1.0003534707867687    
  0.99151      1.0003534897602884    
  0.991515      1.0003535087336666    
  0.99152      1.0003535277069033    
  0.991525      1.0003535466799978    
  0.99153      1.0003535656529505    
  0.9915349999999999      1.000353584625761    
  0.99154      1.0003536035984297    
  0.991545      1.0003536225709575    
  0.99155      1.0003536415433425    
  0.991555      1.0003536605155867    
  0.99156      1.0003536794876884    
  0.991565      1.000353698459647    
  0.99157      1.0003537174314656    
  0.991575      1.0003537364031423    
  0.99158      1.0003537553746769    
  0.9915849999999999      1.0003537743460689    
  0.99159      1.00035379331732    
  0.991595      1.000353812288429    
  0.9916      1.000353831259396    
  0.991605      1.000353850230221    
  0.99161      1.0003538692009037    
  0.991615      1.0003538881714458    
  0.99162      1.000353907141845    
  0.991625      1.0003539261121022    
  0.99163      1.0003539450822185    
  0.991635      1.0003539640521932    
  0.99164      1.0003539830220252    
  0.991645      1.0003540019917159    
  0.99165      1.0003540209612642    
  0.991655      1.00035403993067    
  0.99166      1.000354058899935    
  0.991665      1.0003540778690576    
  0.9916699999999999      1.0003540968380384    
  0.991675      1.000354115806878    
  0.99168      1.0003541347755758    
  0.991685      1.0003541537441303    
  0.99169      1.0003541727125438    
  0.991695      1.0003541916808152    
  0.9917      1.0003542106489447    
  0.991705      1.0003542296169328    
  0.99171      1.0003542485847783    
  0.991715      1.0003542675524826    
  0.99172      1.0003542865200448    
  0.991725      1.0003543054874644    
  0.99173      1.0003543244547426    
  0.991735      1.0003543434218796    
  0.99174      1.000354362388874    
  0.991745      1.0003543813557267    
  0.99175      1.0003544003224372    
  0.9917549999999999      1.0003544192890061    
  0.99176      1.000354438255433    
  0.991765      1.0003544572217182    
  0.99177      1.0003544761878609    
  0.991775      1.0003544951538625    
  0.99178      1.000354514119721    
  0.991785      1.0003545330854393    
  0.99179      1.0003545520510133    
  0.991795      1.000354571016447    
  0.9918      1.0003545899817394    
  0.991805      1.0003546089468884    
  0.99181      1.0003546279118964    
  0.991815      1.0003546468767617    
  0.99182      1.0003546658414852    
  0.991825      1.0003546848060674    
  0.99183      1.0003547037705065    
  0.991835      1.0003547227348049    
  0.9918399999999999      1.0003547416989609    
  0.991845      1.0003547606629761    
  0.99185      1.0003547796268473    
  0.991855      1.000354798590578    
  0.99186      1.0003548175541666    
  0.991865      1.000354836517613    
  0.99187      1.0003548554809167    
  0.991875      1.0003548744440796    
  0.99188      1.000354893407099    
  0.991885      1.0003549123699784    
  0.9918899999999999      1.0003549313327142    
  0.991895      1.0003549502953084    
  0.9919      1.0003549692577618    
  0.991905      1.000354988220072    
  0.99191      1.0003550071822405    
  0.991915      1.0003550261442669    
  0.99192      1.000355045106152    
  0.991925      1.0003550640678944    
  0.99193      1.0003550830294952    
  0.991935      1.0003551019909542    
  0.99194      1.0003551209522712    
  0.991945      1.0003551399134456    
  0.99195      1.0003551588744777    
  0.991955      1.000355177835369    
  0.99196      1.0003551967961184    
  0.991965      1.000355215756725    
  0.99197      1.0003552347171893    
  0.9919749999999999      1.0003552536775115    
  0.99198      1.0003552726376923    
  0.991985      1.0003552915977323    
  0.99199      1.0003553105576297    
  0.991995      1.0003553295173842    
  0.992      1.0003553484769967    
  0.992005      1.0003553674364678    
  0.99201      1.0003553863957966    
  0.992015      1.0003554053549828    
  0.99202      1.0003554243140274    
  0.992025      1.0003554432729298    
  0.99203      1.0003554622316913    
  0.992035      1.0003554811903097    
  0.99204      1.000355500148787    
  0.992045      1.0003555191071203    
  0.99205      1.0003555380653142    
  0.992055      1.0003555570233642    
  0.9920599999999999      1.0003555759812728    
  0.992065      1.00035559493904    
  0.99207      1.0003556138966638    
  0.992075      1.0003556328541465    
  0.99208      1.0003556518114871    
  0.992085      1.0003556707686858    
  0.99209      1.000355689725742    
  0.992095      1.0003557086826562    
  0.9921      1.0003557276394288    
  0.992105      1.0003557465960586    
  0.99211      1.000355765552547    
  0.992115      1.0003557845088928    
  0.99212      1.0003558034650977    
  0.992125      1.0003558224211588    
  0.99213      1.000355841377079    
  0.992135      1.0003558603328566    
  0.99214      1.0003558792884937    
  0.9921449999999999      1.0003558982439862    
  0.99215      1.0003559171993377    
  0.992155      1.000355936154548    
  0.99216      1.0003559551096155    
  0.992165      1.0003559740645411    
  0.99217      1.0003559930193244    
  0.992175      1.0003560119739663    
  0.99218      1.000356030928465    
  0.992185      1.000356049882822    
  0.99219      1.0003560688370372    
  0.9921949999999999      1.00035608779111    
  0.9922      1.0003561067450406    
  0.992205      1.00035612569883    
  0.99221      1.0003561446524771    
  0.992215      1.0003561636059812    
  0.99222      1.0003561825593439    
  0.992225      1.0003562015125644    
  0.99223      1.0003562204656435    
  0.992235      1.0003562394185797    
  0.99224      1.000356258371373    
  0.992245      1.0003562773240253    
  0.99225      1.0003562962765358    
  0.992255      1.0003563152289032    
  0.99226      1.0003563341811286    
  0.992265      1.0003563531332127    
  0.99227      1.0003563720851543    
  0.992275      1.0003563910369537    
  0.9922799999999999      1.0003564099886109    
  0.992285      1.0003564289401266    
  0.99229      1.0003564478914984    
  0.992295      1.0003564668427298    
  0.9923      1.0003564857938192    
  0.992305      1.0003565047447651    
  0.99231      1.0003565236955707    
  0.992315      1.0003565426462333    
  0.99232      1.0003565615967527    
  0.992325      1.000356580547131    
  0.99233      1.0003565994973669    
  0.992335      1.0003566184474608    
  0.99234      1.0003566373974122    
  0.992345      1.000356656347222    
  0.99235      1.0003566752968898    
  0.992355      1.0003566942464148    
  0.99236      1.0003567131957976    
  0.9923649999999999      1.0003567321450388    
  0.99237      1.0003567510941374    
  0.992375      1.0003567700430949    
  0.99238      1.0003567889919083    
  0.992385      1.0003568079405807    
  0.99239      1.0003568268891114    
  0.992395      1.0003568458374985    
  0.9924      1.0003568647857457    
  0.992405      1.0003568837338492    
  0.99241      1.00035690268181    
  0.992415      1.0003569216296289    
  0.99242      1.0003569405773067    
  0.992425      1.0003569595248418    
  0.99243      1.0003569784722353    
  0.992435      1.000356997419485    
  0.99244      1.0003570163665927    
  0.992445      1.00035703531356    
  0.9924499999999999      1.0003570542603837    
  0.992455      1.0003570732070663    
  0.99246      1.0003570921536056    
  0.992465      1.000357111100003    
  0.99247      1.0003571300462584    
  0.992475      1.000357148992372    
  0.99248      1.0003571679383423    
  0.992485      1.0003571868841716    
  0.99249      1.0003572058298575    
  0.992495      1.0003572247754025    
  0.9924999999999999      1.0003572437208044    
  0.992505      1.0003572626660642    
  0.99251      1.0003572816111812    
  0.992515      1.000357300556158    
  0.99252      1.0003573195009905    
  0.992525      1.000357338445681    
  0.99253      1.0003573573902302    
  0.992535      1.0003573763346374    
  0.99254      1.0003573952789016    
  0.992545      1.0003574142230238    
  0.99255      1.000357433167004    
  0.992555      1.0003574521108414    
  0.99256      1.0003574710545369    
  0.992565      1.00035748999809    
  0.99257      1.0003575089415009    
  0.992575      1.0003575278847696    
  0.99258      1.000357546827897    
  0.992585      1.0003575657708814    
  0.99259      1.0003575847137232    
  0.992595      1.0003576036564221    
  0.9926      1.0003576225989805    
  0.992605      1.0003576415413957    
  0.99261      1.000357660483669    
  0.992615      1.0003576794258002    
  0.99262      1.0003576983677889    
  0.992625      1.0003577173096352    
  0.99263      1.0003577362513385    
  0.992635      1.0003577551929004    
  0.99264      1.0003577741343195    
  0.992645      1.0003577930755971    
  0.99265      1.000357812016732    
  0.992655      1.0003578309577252    
  0.99266      1.000357849898576    
  0.992665      1.0003578688392833    
  0.99267      1.0003578877798502    
  0.992675      1.0003579067202732    
  0.99268      1.0003579256605548    
  0.992685      1.000357944600694    
  0.99269      1.0003579635406905    
  0.992695      1.0003579824805446    
  0.9927      1.0003580014202578    
  0.992705      1.0003580203598281    
  0.99271      1.0003580392992553    
  0.992715      1.0003580582385405    
  0.99272      1.0003580771776834    
  0.992725      1.0003580961166847    
  0.99273      1.0003581150555432    
  0.992735      1.000358133994259    
  0.99274      1.0003581529328327    
  0.992745      1.0003581718712644    
  0.99275      1.0003581908095538    
  0.9927549999999999      1.000358209747701    
  0.99276      1.0003582286857056    
  0.992765      1.0003582476235684    
  0.99277      1.0003582665612873    
  0.992775      1.000358285498866    
  0.99278      1.0003583044363014    
  0.992785      1.0003583233735935    
  0.99279      1.0003583423107454    
  0.992795      1.0003583612477527    
  0.9928      1.0003583801846196    
  0.992805      1.0003583991213434    
  0.99281      1.0003584180579248    
  0.992815      1.0003584369943634    
  0.99282      1.0003584559306606    
  0.992825      1.0003584748668157    
  0.99283      1.0003584938028272    
  0.992835      1.000358512738697    
  0.99284      1.0003585316744246    
  0.992845      1.0003585506100092    
  0.99285      1.0003585695454527    
  0.992855      1.0003585884807533    
  0.99286      1.000358607415911    
  0.992865      1.0003586263509268    
  0.99287      1.0003586452858007    
  0.992875      1.0003586642205313    
  0.99288      1.0003586831551197    
  0.992885      1.0003587020895661    
  0.99289      1.0003587210238707    
  0.992895      1.000358739958032    
  0.9929      1.0003587588920506    
  0.992905      1.000358777825927    
  0.99291      1.0003587967596617    
  0.992915      1.0003588156932544    
  0.99292      1.0003588346267043    
  0.992925      1.000358853560011    
  0.99293      1.000358872493176    
  0.992935      1.0003588914261996    
  0.99294      1.000358910359079    
  0.992945      1.0003589292918167    
  0.99295      1.000358948224413    
  0.992955      1.0003589671568651    
  0.99296      1.0003589860891757    
  0.992965      1.0003590050213451    
  0.99297      1.0003590239533704    
  0.992975      1.0003590428852533    
  0.99298      1.0003590618169949    
  0.992985      1.0003590807485936    
  0.99299      1.00035909968005    
  0.992995      1.0003591186113638    
  0.993      1.0003591375425351    
  0.993005      1.0003591564735645    
  0.99301      1.0003591754044512    
  0.993015      1.0003591943351948    
  0.99302      1.0003592132657968    
  0.993025      1.000359232196257    
  0.99303      1.000359251126574    
  0.993035      1.0003592700567476    
  0.99304      1.0003592889867805    
  0.993045      1.0003593079166706    
  0.99305      1.0003593268464173    
  0.993055      1.0003593457760225    
  0.99306      1.0003593647054858    
  0.993065      1.0003593836348044    
  0.99307      1.000359402563982    
  0.993075      1.0003594214930176    
  0.99308      1.0003594404219107    
  0.993085      1.0003594593506608    
  0.99309      1.0003594782792689    
  0.993095      1.0003594972077339    
  0.9931      1.0003595161360568    
  0.993105      1.0003595350642376    
  0.99311      1.0003595539922756    
  0.993115      1.0003595729201713    
  0.99312      1.0003595918479247    
  0.993125      1.0003596107755357    
  0.99313      1.0003596297030044    
  0.993135      1.00035964863033    
  0.99314      1.0003596675575126    
  0.993145      1.0003596864845532    
  0.99315      1.000359705411452    
  0.993155      1.0003597243382085    
  0.99316      1.0003597432648212    
  0.993165      1.000359762191293    
  0.99317      1.000359781117621    
  0.993175      1.0003598000438072    
  0.99318      1.0003598189698508    
  0.993185      1.000359837895752    
  0.99319      1.0003598568215106    
  0.993195      1.0003598757471266    
  0.9932      1.0003598946726    
  0.993205      1.0003599135979309    
  0.99321      1.0003599325231196    
  0.993215      1.0003599514481671    
  0.99322      1.0003599703730695    
  0.993225      1.0003599892978314    
  0.99323      1.000360008222449    
  0.993235      1.0003600271469255    
  0.99324      1.0003600460712603    
  0.993245      1.0003600649954512    
  0.99325      1.0003600839195    
  0.993255      1.0003601028434066    
  0.99326      1.0003601217671696    
  0.993265      1.000360140690791    
  0.99327      1.00036015961427    
  0.993275      1.0003601785376055    
  0.99328      1.0003601974607992    
  0.993285      1.0003602163838503    
  0.99329      1.000360235306759    
  0.993295      1.000360254229525    
  0.9933      1.0003602731521493    
  0.993305      1.0003602920746295    
  0.99331      1.0003603109969683    
  0.993315      1.0003603299191646    
  0.99332      1.0003603488412178    
  0.993325      1.0003603677631288    
  0.99333      1.0003603866848967    
  0.993335      1.0003604056065223    
  0.99334      1.000360424528006    
  0.993345      1.0003604434493472    
  0.99335      1.0003604623705449    
  0.993355      1.000360481291601    
  0.99336      1.0003605002125144    
  0.993365      1.0003605191332852    
  0.99337      1.000360538053913    
  0.993375      1.0003605569743985    
  0.99338      1.0003605758947418    
  0.993385      1.0003605948149412    
  0.99339      1.000360613734999    
  0.993395      1.0003606326549148    
  0.9934      1.0003606515746875    
  0.993405      1.000360670494317    
  0.99341      1.000360689413805    
  0.993415      1.0003607083331494    
  0.99342      1.0003607272523525    
  0.993425      1.000360746171412    
  0.99343      1.0003607650903292    
  0.993435      1.0003607840091038    
  0.99344      1.0003608029277358    
  0.993445      1.000360821846225    
  0.9934499999999999      1.0003608407645728    
  0.993455      1.0003608596827764    
  0.99346      1.0003608786008376    
  0.993465      1.0003608975187575    
  0.99347      1.000360916436534    
  0.993475      1.000360935354168    
  0.99348      1.0003609542716596    
  0.993485      1.0003609731890077    
  0.99349      1.0003609921062142    
  0.993495      1.0003610110232783    
  0.9935      1.000361029940199    
  0.993505      1.000361048856977    
  0.99351      1.0003610677736126    
  0.993515      1.0003610866901063    
  0.99352      1.0003611056064567    
  0.993525      1.0003611245226647    
  0.99353      1.000361143438729    
  0.993535      1.0003611623546529    
  0.99354      1.000361181270432    
  0.993545      1.0003612001860698    
  0.99355      1.000361219101564    
  0.993555      1.0003612380169165    
  0.99356      1.0003612569321265    
  0.993565      1.0003612758471936    
  0.99357      1.000361294762118    
  0.993575      1.0003613136768998    
  0.99358      1.0003613325915384    
  0.993585      1.000361351506035    
  0.99359      1.0003613704203882    
  0.993595      1.0003613893346004    
  0.9936      1.0003614082486685    
  0.993605      1.000361427162594    
  0.99361      1.0003614460763766    
  0.993615      1.0003614649900185    
  0.99362      1.000361483903515    
  0.993625      1.0003615028168709    
  0.99363      1.000361521730084    
  0.993635      1.000361540643153    
  0.99364      1.0003615595560795    
  0.993645      1.0003615784688655    
  0.99365      1.0003615973815074    
  0.993655      1.0003616162940063    
  0.99366      1.0003616352063636    
  0.993665      1.000361654118577    
  0.99367      1.0003616730306486    
  0.993675      1.0003616919425766    
  0.99368      1.0003617108543632    
  0.993685      1.0003617297660061    
  0.99369      1.0003617486775065    
  0.993695      1.0003617675888652    
  0.9937      1.0003617865000798    
  0.993705      1.0003618054111512    
  0.99371      1.0003618243220822    
  0.993715      1.0003618432328687    
  0.99372      1.000361862143513    
  0.993725      1.0003618810540145    
  0.99373      1.0003618999643744    
  0.993735      1.0003619188745911    
  0.99374      1.0003619377846635    
  0.993745      1.0003619566945952    
  0.99375      1.0003619756043831    
  0.9937549999999999      1.0003619945140285    
  0.99376      1.0003620134235318    
  0.993765      1.000362032332893    
  0.99377      1.0003620512421092    
  0.993775      1.0003620701511828    
  0.99378      1.0003620890601164    
  0.993785      1.0003621079689053    
  0.99379      1.000362126877552    
  0.993795      1.0003621457860563    
  0.9938      1.0003621646944172    
  0.993805      1.0003621836026353    
  0.99381      1.0003622025107115    
  0.993815      1.0003622214186445    
  0.99382      1.000362240326434    
  0.993825      1.0003622592340815    
  0.99383      1.0003622781415868    
  0.993835      1.0003622970489487    
  0.99384      1.0003623159561683    
  0.993845      1.0003623348632442    
  0.99385      1.0003623537701782    
  0.993855      1.0003623726769688    
  0.99386      1.0003623915836173    
  0.993865      1.0003624104901228    
  0.99387      1.000362429396486    
  0.993875      1.0003624483027058    
  0.99388      1.0003624672087827    
  0.993885      1.0003624861147182    
  0.99389      1.0003625050205098    
  0.993895      1.0003625239261587    
  0.9939      1.0003625428316647    
  0.993905      1.0003625617370284    
  0.99391      1.000362580642249    
  0.993915      1.0003625995473255    
  0.99392      1.0003626184522616    
  0.993925      1.0003626373570542    
  0.99393      1.0003626562617032    
  0.993935      1.0003626751662102    
  0.99394      1.0003626940705754    
  0.993945      1.0003627129747958    
  0.99395      1.0003627318788746    
  0.993955      1.0003627507828106    
  0.99396      1.0003627696866029    
  0.993965      1.0003627885902542    
  0.99397      1.0003628074937607    
  0.993975      1.0003628263971251    
  0.99398      1.0003628453003466    
  0.993985      1.0003628642034263    
  0.99399      1.0003628831063625    
  0.993995      1.0003629020091556    
  0.994      1.0003629209118055    
  0.994005      1.0003629398143143    
  0.99401      1.0003629587166794    
  0.994015      1.0003629776189011    
  0.99402      1.0003629965209804    
  0.994025      1.0003630154229166    
  0.99403      1.0003630343247105    
  0.994035      1.000363053226362    
  0.99404      1.0003630721278693    
  0.994045      1.000363091029235    
  0.99405      1.0003631099304577    
  0.994055      1.0003631288315369    
  0.9940599999999999      1.0003631477324737    
  0.994065      1.0003631666332673    
  0.99407      1.000363185533919    
  0.994075      1.0003632044344266    
  0.99408      1.0003632233347928    
  0.994085      1.0003632422350153    
  0.99409      1.0003632611350948    
  0.994095      1.0003632800350326    
  0.9941      1.0003632989348266    
  0.994105      1.0003633178344775    
  0.99411      1.0003633367339861    
  0.994115      1.0003633556333518    
  0.99412      1.000363374532574    
  0.994125      1.000363393431654    
  0.99413      1.0003634123305913    
  0.994135      1.0003634312293854    
  0.99414      1.000363450128037    
  0.994145      1.0003634690265448    
  0.99415      1.0003634879249106    
  0.994155      1.0003635068231336    
  0.99416      1.0003635257212127    
  0.994165      1.0003635446191503    
  0.99417      1.0003635635169448    
  0.994175      1.000363582414596    
  0.99418      1.0003636013121042    
  0.994185      1.0003636202094701    
  0.99419      1.0003636391066928    
  0.994195      1.0003636580037722    
  0.9942      1.0003636769007098    
  0.994205      1.0003636957975033    
  0.99421      1.000363714694154    
  0.994215      1.0003637335906619    
  0.99422      1.0003637524870275    
  0.994225      1.00036377138325    
  0.99423      1.0003637902793294    
  0.994235      1.0003638091752667    
  0.99424      1.0003638280710605    
  0.994245      1.0003638469667102    
  0.99425      1.000363865862219    
  0.994255      1.0003638847575833    
  0.99426      1.0003639036528054    
  0.994265      1.0003639225478853    
  0.99427      1.0003639414428214    
  0.994275      1.0003639603376153    
  0.99428      1.0003639792322652    
  0.994285      1.0003639981267727    
  0.99429      1.0003640170211379    
  0.994295      1.0003640359153598    
  0.9943      1.0003640548094384    
  0.994305      1.000364073703374    
  0.99431      1.000364092597167    
  0.994315      1.0003641114908162    
  0.99432      1.0003641303843243    
  0.994325      1.0003641492776878    
  0.99433      1.0003641681709092    
  0.994335      1.000364187063988    
  0.99434      1.0003642059569229    
  0.994345      1.0003642248497158    
  0.99435      1.0003642437423657    
  0.994355      1.0003642626348719    
  0.99436      1.0003642815272362    
  0.994365      1.0003643004194567    
  0.99437      1.000364319311534    
  0.994375      1.0003643382034686    
  0.99438      1.0003643570952605    
  0.994385      1.000364375986909    
  0.99439      1.000364394878415    
  0.994395      1.0003644137697778    
  0.9944      1.0003644326609982    
  0.994405      1.000364451552075    
  0.99441      1.0003644704430095    
  0.994415      1.0003644893338008    
  0.99442      1.0003645082244486    
  0.994425      1.0003645271149533    
  0.99443      1.0003645460053157    
  0.994435      1.0003645648955357    
  0.99444      1.0003645837856112    
  0.994445      1.0003646026755446    
  0.99445      1.0003646215653348    
  0.994455      1.0003646404549824    
  0.99446      1.0003646593444866    
  0.994465      1.0003646782338471    
  0.99447      1.000364697123066    
  0.994475      1.0003647160121414    
  0.99448      1.0003647349010742    
  0.994485      1.0003647537898628    
  0.99449      1.0003647726785099    
  0.994495      1.0003647915670124    
  0.9945      1.0003648104553733    
  0.994505      1.000364829343591    
  0.99451      1.0003648482316652    
  0.994515      1.0003648671195966    
  0.99452      1.0003648860073848    
  0.994525      1.0003649048950296    
  0.99453      1.000364923782532    
  0.994535      1.0003649426698922    
  0.99454      1.0003649615571075    
  0.994545      1.000364980444181    
  0.99455      1.0003649993311114    
  0.994555      1.0003650182178985    
  0.99456      1.0003650371045434    
  0.994565      1.0003650559910435    
  0.99457      1.0003650748774022    
  0.994575      1.0003650937636177    
  0.99458      1.0003651126496902    
  0.994585      1.0003651315356183    
  0.99459      1.0003651504214037    
  0.994595      1.0003651693070474    
  0.9946      1.000365188192547    
  0.994605      1.0003652070779048    
  0.99461      1.0003652259631182    
  0.994615      1.0003652448481888    
  0.99462      1.000365263733117    
  0.994625      1.000365282617901    
  0.99463      1.000365301502543    
  0.994635      1.0003653203870413    
  0.99464      1.0003653392713971    
  0.994645      1.0003653581556098    
  0.99465      1.0003653770396779    
  0.994655      1.0003653959236043    
  0.99466      1.000365414807389    
  0.994665      1.0003654336910293    
  0.99467      1.0003654525745256    
  0.994675      1.0003654714578805    
  0.99468      1.0003654903410917    
  0.994685      1.0003655092241588    
  0.99469      1.0003655281070838    
  0.994695      1.0003655469898662    
  0.9947      1.0003655658725046    
  0.994705      1.0003655847550001    
  0.99471      1.0003656036373527    
  0.994715      1.0003656225195627    
  0.99472      1.0003656414016284    
  0.994725      1.0003656602835527    
  0.99473      1.0003656791653317    
  0.994735      1.000365698046969    
  0.99474      1.000365716928463    
  0.994745      1.0003657358098141    
  0.99475      1.000365754691023    
  0.994755      1.0003657735720861    
  0.99476      1.0003657924530087    
  0.994765      1.0003658113337865    
  0.99477      1.0003658302144223    
  0.994775      1.0003658490949143    
  0.99478      1.0003658679752643    
  0.994785      1.0003658868554692    
  0.99479      1.000365905735533    
  0.994795      1.0003659246154526    
  0.9948      1.0003659434952294    
  0.994805      1.000365962374863    
  0.99481      1.0003659812543535    
  0.994815      1.000366000133701    
  0.99482      1.0003660190129051    
  0.994825      1.0003660378919665    
  0.99483      1.0003660567708843    
  0.994835      1.000366075649659    
  0.99484      1.0003660945282904    
  0.994845      1.0003661134067803    
  0.99485      1.0003661322851247    
  0.994855      1.0003661511633273    
  0.99486      1.000366170041386    
  0.994865      1.0003661889193018    
  0.99487      1.0003662077970754    
  0.994875      1.0003662266747042    
  0.99488      1.0003662455521911    
  0.994885      1.000366264429535    
  0.99489      1.000366283306735    
  0.994895      1.0003663021837923    
  0.9949      1.0003663210607057    
  0.994905      1.000366339937477    
  0.99491      1.0003663588141043    
  0.994915      1.0003663776905887    
  0.99492      1.0003663965669298    
  0.994925      1.0003664154431282    
  0.99493      1.000366434319183    
  0.994935      1.0003664531950949    
  0.99494      1.0003664720708636    
  0.994945      1.0003664909464884    
  0.99495      1.0003665098219707    
  0.994955      1.00036652869731    
  0.99496      1.0003665475725063    
  0.994965      1.000366566447558    
  0.99497      1.000366585322468    
  0.994975      1.0003666041972343    
  0.99498      1.000366623071858    
  0.994985      1.0003666419463373    
  0.99499      1.0003666608206747    
  0.994995      1.0003666796948678    
  0.995      1.0003666985689181    
  0.995005      1.000366717442825    
  0.99501      1.0003667363165887    
  0.995015      1.0003667551902098    
  0.99502      1.0003667740636877    
  0.995025      1.0003667929370221    
  0.99503      1.0003668118102123    
  0.995035      1.0003668306832612    
  0.99504      1.000366849556166    
  0.995045      1.0003668684289266    
  0.99505      1.000366887301546    
  0.995055      1.0003669061740204    
  0.9950600000000001      1.0003669250463523    
  0.995065      1.0003669439185405    
  0.99507      1.0003669627905862    
  0.995075      1.0003669816624885    
  0.99508      1.0003670005342469    
  0.995085      1.000367019405862    
  0.99509      1.0003670382773358    
  0.995095      1.000367057148664    
  0.9951      1.0003670760198506    
  0.995105      1.0003670948908925    
  0.99511      1.0003671137617922    
  0.995115      1.000367132632549    
  0.99512      1.0003671515031618    
  0.995125      1.0003671703736312    
  0.99513      1.000367189243958    
  0.995135      1.0003672081141415    
  0.99514      1.000367226984182    
  0.9951450000000001      1.0003672458540778    
  0.99515      1.0003672647238315    
  0.995155      1.0003672835934412    
  0.99516      1.0003673024629092    
  0.995165      1.0003673213322324    
  0.99517      1.0003673402014124    
  0.995175      1.00036735907045    
  0.99518      1.000367377939344    
  0.995185      1.000367396808094    
  0.99519      1.0003674156767015    
  0.995195      1.0003674345451652    
  0.9952      1.0003674534134868    
  0.995205      1.0003674722816647    
  0.99521      1.0003674911496991    
  0.995215      1.000367510017589    
  0.99522      1.0003675288853375    
  0.995225      1.0003675477529412    
  0.9952300000000001      1.0003675666204028    
  0.995235      1.0003675854877199    
  0.99524      1.0003676043548952    
  0.995245      1.000367623221926    
  0.99525      1.0003676420888132    
  0.995255      1.000367660955559    
  0.99526      1.0003676798221601    
  0.995265      1.0003676986886179    
  0.99527      1.0003677175549328    
  0.995275      1.0003677364211039    
  0.99528      1.0003677552871328    
  0.995285      1.0003677741530177    
  0.99529      1.0003677930187582    
  0.995295      1.0003678118843573    
  0.9953      1.0003678307498107    
  0.995305      1.0003678496151234    
  0.99531      1.0003678684802915    
  0.995315      1.0003678873453163    
  0.99532      1.000367906210198    
  0.995325      1.0003679250749362    
  0.99533      1.0003679439395312    
  0.995335      1.000367962803982    
  0.99534      1.0003679816682907    
  0.995345      1.0003680005324556    
  0.99535      1.000368019396477    
  0.995355      1.0003680382603555    
  0.99536      1.0003680571240903    
  0.995365      1.0003680759876823    
  0.99537      1.0003680948511295    
  0.995375      1.0003681137144351    
  0.99538      1.000368132577597    
  0.995385      1.0003681514406142    
  0.99539      1.0003681703034901    
  0.995395      1.0003681891662204    
  0.9954      1.000368208028809    
  0.995405      1.0003682268912542    
  0.99541      1.0003682457535557    
  0.995415      1.0003682646157128    
  0.99542      1.0003682834777277    
  0.995425      1.0003683023396    
  0.99543      1.000368321201327    
  0.995435      1.000368340062912    
  0.99544      1.000368358924353    
  0.995445      1.0003683777856511    
  0.9954500000000001      1.0003683966468047    
  0.995455      1.0003684155078159    
  0.99546      1.000368434368684    
  0.995465      1.000368453229408    
  0.99547      1.0003684720899888    
  0.995475      1.0003684909504265    
  0.99548      1.0003685098107207    
  0.995485      1.000368528670871    
  0.99549      1.0003685475308792    
  0.995495      1.0003685663907427    
  0.9955      1.0003685852504636    
  0.995505      1.0003686041100404    
  0.99551      1.0003686229694742    
  0.995515      1.000368641828765    
  0.99552      1.0003686606879119    
  0.995525      1.0003686795469149    
  0.99553      1.000368698405775    
  0.9955350000000001      1.0003687172644915    
  0.99554      1.000368736123065    
  0.995545      1.0003687549814952    
  0.99555      1.0003687738397813    
  0.995555      1.0003687926979243    
  0.99556      1.0003688115559242    
  0.995565      1.000368830413781    
  0.99557      1.0003688492714935    
  0.995575      1.0003688681290632    
  0.99558      1.000368886986489    
  0.995585      1.000368905843772    
  0.99559      1.000368924700911    
  0.995595      1.0003689435579066    
  0.9956      1.000368962414759    
  0.995605      1.0003689812714667    
  0.99561      1.000369000128033    
  0.995615      1.0003690189844545    
  0.99562      1.0003690378407333    
  0.995625      1.0003690566968684    
  0.99563      1.0003690755528596    
  0.995635      1.000369094408707    
  0.99564      1.000369113264412    
  0.995645      1.0003691321199737    
  0.99565      1.0003691509753914    
  0.995655      1.000369169830666    
  0.99566      1.0003691886857964    
  0.995665      1.0003692075407842    
  0.99567      1.0003692263956276    
  0.995675      1.000369245250329    
  0.99568      1.0003692641048851    
  0.995685      1.0003692829592985    
  0.99569      1.0003693018135689    
  0.995695      1.000369320667696    
  0.9957      1.0003693395216788    
  0.995705      1.000369358375518    
  0.99571      1.0003693772292142    
  0.995715      1.0003693960827666    
  0.99572      1.0003694149361766    
  0.995725      1.000369433789442    
  0.99573      1.0003694526425644    
  0.995735      1.000369471495543    
  0.99574      1.000369490348379    
  0.995745      1.0003695092010705    
  0.99575      1.000369528053619    
  0.9957550000000001      1.0003695469060232    
  0.99576      1.0003695657582852    
  0.995765      1.0003695846104017    
  0.99577      1.0003696034623768    
  0.995775      1.000369622314207    
  0.99578      1.0003696411658947    
  0.995785      1.0003696600174383    
  0.99579      1.000369678868838    
  0.995795      1.0003696977200955    
  0.9958      1.0003697165712087    
  0.995805      1.000369735422178    
  0.99581      1.0003697542730048    
  0.995815      1.0003697731236878    
  0.99582      1.0003697919742263    
  0.995825      1.0003698108246222    
  0.99583      1.0003698296748742    
  0.995835      1.000369848524983    
  0.9958400000000001      1.000369867374947    
  0.995845      1.0003698862247692    
  0.99585      1.0003699050744472    
  0.995855      1.000369923923982    
  0.99586      1.0003699427733728    
  0.995865      1.0003699616226198    
  0.99587      1.0003699804717234    
  0.995875      1.0003699993206834    
  0.99588      1.0003700181695006    
  0.995885      1.000370037018174    
  0.99589      1.0003700558667037    
  0.995895      1.0003700747150892    
  0.9959      1.0003700935633322    
  0.995905      1.0003701124114304    
  0.99591      1.0003701312593865    
  0.995915      1.000370150107198    
  0.99592      1.0003701689548667    
  0.9959250000000001      1.0003701878023907    
  0.99593      1.0003702066497728    
  0.995935      1.00037022549701    
  0.99594      1.0003702443441043    
  0.995945      1.0003702631910552    
  0.99595      1.0003702820378617    
  0.995955      1.0003703008845246    
  0.99596      1.0003703197310447    
  0.995965      1.0003703385774207    
  0.99597      1.0003703574236533    
  0.995975      1.0003703762697422    
  0.99598      1.0003703951156877    
  0.995985      1.0003704139614888    
  0.99599      1.0003704328071479    
  0.995995      1.000370451652662    
  0.996      1.0003704704980332    
  0.996005      1.000370489343261    
  0.99601      1.0003705081883443    
  0.996015      1.0003705270332854    
  0.99602      1.0003705458780814    
  0.996025      1.0003705647227348    
  0.99603      1.0003705835672436    
  0.996035      1.0003706024116101    
  0.99604      1.0003706212558319    
  0.996045      1.0003706400999115    
  0.99605      1.0003706589438457    
  0.996055      1.0003706777876364    
  0.9960600000000001      1.0003706966312855    
  0.996065      1.0003707154747898    
  0.99607      1.0003707343181494    
  0.996075      1.0003707531613668    
  0.99608      1.0003707720044401    
  0.996085      1.0003707908473698    
  0.99609      1.000370809690156    
  0.996095      1.0003708285327984    
  0.9961      1.0003708473752968    
  0.996105      1.000370866217652    
  0.99611      1.000370885059864    
  0.996115      1.0003709039019313    
  0.99612      1.000370922743856    
  0.996125      1.0003709415856366    
  0.99613      1.0003709604272735    
  0.996135      1.0003709792687665    
  0.99614      1.000370998110116    
  0.9961450000000001      1.0003710169513227    
  0.99615      1.0003710357923847    
  0.996155      1.0003710546333036    
  0.99616      1.0003710734740787    
  0.996165      1.0003710923147102    
  0.99617      1.0003711111551976    
  0.996175      1.0003711299955418    
  0.99618      1.0003711488357427    
  0.996185      1.0003711676757994    
  0.99619      1.0003711865157123    
  0.996195      1.0003712053554814    
  0.9962      1.0003712241951075    
  0.996205      1.0003712430345892    
  0.99621      1.000371261873927    
  0.996215      1.000371280713122    
  0.99622      1.0003712995521734    
  0.996225      1.000371318391081    
  0.9962300000000001      1.000371337229844    
  0.996235      1.0003713560684642    
  0.99624      1.0003713749069407    
  0.996245      1.0003713937452736    
  0.99625      1.0003714125834624    
  0.996255      1.0003714314215073    
  0.99626      1.0003714502594092    
  0.996265      1.0003714690971663    
  0.99627      1.0003714879347807    
  0.996275      1.0003715067722518    
  0.99628      1.000371525609578    
  0.996285      1.0003715444467605    
  0.99629      1.0003715632837997    
  0.996295      1.000371582120695    
  0.9963      1.0003716009574475    
  0.996305      1.0003716197940564    
  0.99631      1.0003716386305201    
  0.996315      1.000371657466841    
  0.99632      1.0003716763030177    
  0.996325      1.0003716951390507    
  0.99633      1.0003717139749406    
  0.996335      1.0003717328106863    
  0.99634      1.0003717516462889    
  0.996345      1.0003717704817472    
  0.99635      1.0003717893170614    
  0.996355      1.0003718081522333    
  0.99636      1.0003718269872595    
  0.9963650000000001      1.0003718458221436    
  0.99637      1.0003718646568835    
  0.996375      1.0003718834914794    
  0.99638      1.000371902325932    
  0.996385      1.00037192116024    
  0.99639      1.0003719399944044    
  0.996395      1.000371958828426    
  0.9964      1.0003719776623032    
  0.996405      1.000371996496036    
  0.99641      1.000372015329626    
  0.996415      1.0003720341630729    
  0.99642      1.0003720529963747    
  0.996425      1.0003720718295335    
  0.99643      1.0003720906625477    
  0.996435      1.0003721094954185    
  0.99644      1.0003721283281466    
  0.996445      1.0003721471607288    
  0.9964500000000001      1.0003721659931692    
  0.996455      1.000372184825465    
  0.99646      1.000372203657617    
  0.996465      1.0003722224896252    
  0.99647      1.0003722413214902    
  0.996475      1.0003722601532106    
  0.99648      1.0003722789847878    
  0.996485      1.0003722978162202    
  0.99649      1.0003723166475105    
  0.996495      1.0003723354786553    
  0.9965      1.000372354309658    
  0.996505      1.0003723731405154    
  0.99651      1.0003723919712302    
  0.996515      1.0003724108018004    
  0.99652      1.0003724296322276    
  0.996525      1.0003724484625098    
  0.99653      1.0003724672926493    
  0.9965350000000001      1.0003724861226442    
  0.99654      1.0003725049524956    
  0.996545      1.0003725237822032    
  0.99655      1.0003725426117676    
  0.996555      1.0003725614411871    
  0.99656      1.0003725802704635    
  0.996565      1.0003725990995966    
  0.99657      1.0003726179285841    
  0.996575      1.0003726367574295    
  0.99658      1.0003726555861308    
  0.996585      1.000372674414688    
  0.99659      1.000372693243101    
  0.996595      1.0003727120713708    
  0.9966      1.0003727308994959    
  0.996605      1.0003727497274766    
  0.99661      1.0003727685553152    
  0.996615      1.0003727873830086    
  0.9966200000000001      1.0003728062105604    
  0.996625      1.0003728250379662    
  0.99663      1.0003728438652288    
  0.996635      1.0003728626923487    
  0.99664      1.0003728815193236    
  0.996645      1.000372900346153    
  0.99665      1.000372919172841    
  0.996655      1.000372937999385    
  0.99666      1.0003729568257846    
  0.996665      1.0003729756520399    
  0.9966700000000001      1.000372994478151    
  0.996675      1.0003730133041202    
  0.99668      1.000373032129943    
  0.996685      1.0003730509556237    
  0.99669      1.0003730697811601    
  0.996695      1.0003730886065527    
  0.9967      1.0003731074318019    
  0.996705      1.0003731262569062    
  0.99671      1.000373145081867    
  0.996715      1.0003731639066846    
  0.99672      1.0003731827313576    
  0.996725      1.000373201555887    
  0.99673      1.0003732203802727    
  0.996735      1.0003732392045137    
  0.99674      1.0003732580286118    
  0.996745      1.000373276852565    
  0.99675      1.0003732956763753    
  0.9967550000000001      1.0003733145000406    
  0.99676      1.000373333323563    
  0.996765      1.0003733521469413    
  0.99677      1.0003733709701754    
  0.996775      1.0003733897932654    
  0.99678      1.0003734086162124    
  0.996785      1.0003734274390148    
  0.99679      1.0003734462616733    
  0.996795      1.0003734650841885    
  0.9968      1.0003734839065594    
  0.996805      1.0003735027287854    
  0.99681      1.0003735215508691    
  0.996815      1.0003735403728087    
  0.99682      1.0003735591946037    
  0.996825      1.000373578016255    
  0.99683      1.0003735968377625    
  0.996835      1.0003736156591254    
  0.9968400000000001      1.000373634480345    
  0.996845      1.0003736533014211    
  0.99685      1.0003736721223528    
  0.996855      1.0003736909431409    
  0.99686      1.000373709763785    
  0.996865      1.0003737285842838    
  0.99687      1.0003737474046404    
  0.996875      1.000373766224852    
  0.99688      1.0003737850449204    
  0.996885      1.0003738038648442    
  0.99689      1.0003738226846248    
  0.996895      1.0003738415042616    
  0.9969      1.0003738603237524    
  0.996905      1.000373879143102    
  0.99691      1.0003738979623058    
  0.996915      1.0003739167813663    
  0.99692      1.000373935600283    
  0.9969250000000001      1.0003739544190553    
  0.99693      1.0003739732376842    
  0.996935      1.000373992056169    
  0.99694      1.000374010874509    
  0.996945      1.0003740296927062    
  0.99695      1.0003740485107588    
  0.996955      1.0003740673286665    
  0.99696      1.0003740861464328    
  0.996965      1.0003741049640529    
  0.99697      1.0003741237815302    
  0.9969750000000001      1.0003741425988628    
  0.99698      1.0003741614160515    
  0.996985      1.0003741802330972    
  0.99699      1.0003741990499975    
  0.996995      1.0003742178667545    
  0.997      1.0003742366833677    
  0.997005      1.0003742554998363    
  0.99701      1.0003742743161612    
  0.997015      1.0003742931323425    
  0.99702      1.0003743119483797    
  0.997025      1.000374330764272    
  0.99703      1.0003743495800221    
  0.997035      1.000374368395627    
  0.99704      1.0003743872110873    
  0.997045      1.0003744060264048    
  0.99705      1.0003744248415776    
  0.997055      1.0003744436566064    
  0.9970600000000001      1.000374462471492    
  0.997065      1.000374481286232    
  0.99707      1.00037450010083    
  0.997075      1.0003745189152826    
  0.99708      1.0003745377295914    
  0.997085      1.000374556543756    
  0.99709      1.0003745753577777    
  0.997095      1.0003745941716544    
  0.9971      1.000374612985387    
  0.997105      1.0003746317989757    
  0.99711      1.0003746506124205    
  0.997115      1.000374669425721    
  0.99712      1.0003746882388775    
  0.997125      1.0003747070518907    
  0.99713      1.0003747258647584    
  0.997135      1.0003747446774838    
  0.99714      1.0003747634900648    
  0.9971450000000001      1.0003747823025007    
  0.99715      1.0003748011147933    
  0.997155      1.000374819926942    
  0.99716      1.0003748387389466    
  0.997165      1.0003748575508065    
  0.99717      1.0003748763625233    
  0.997175      1.0003748951740945    
  0.99718      1.0003749139855227    
  0.997185      1.000374932796808    
  0.99719      1.0003749516079474    
  0.997195      1.000374970418944    
  0.9972      1.0003749892297957    
  0.997205      1.0003750080405034    
  0.99721      1.000375026851067    
  0.997215      1.000375045661487    
  0.99722      1.0003750644717626    
  0.997225      1.0003750832818947    
  0.9972300000000001      1.0003751020918816    
  0.997235      1.000375120901725    
  0.99724      1.0003751397114242    
  0.997245      1.00037515852098    
  0.99725      1.000375177330391    
  0.997255      1.0003751961396579    
  0.99726      1.000375214948781    
  0.997265      1.0003752337577594    
  0.99727      1.000375252566595    
  0.997275      1.0003752713752845    
  0.99728      1.0003752901838316    
  0.997285      1.0003753089922345    
  0.99729      1.0003753278004925    
  0.997295      1.000375346608607    
  0.9973      1.0003753654165775    
  0.997305      1.0003753842244025    
  0.99731      1.000375403032085    
  0.997315      1.0003754218396237    
  0.99732      1.0003754406470173    
  0.997325      1.0003754594542673    
  0.99733      1.0003754782613727    
  0.997335      1.000375497068334    
  0.99734      1.0003755158751515    
  0.997345      1.0003755346818246    
  0.99735      1.0003755534883525    
  0.997355      1.000375572294739    
  0.99736      1.0003755911009795    
  0.9973650000000001      1.0003756099070757    
  0.99737      1.0003756287130283    
  0.997375      1.0003756475188363    
  0.99738      1.000375666324501    
  0.997385      1.0003756851300212    
  0.99739      1.000375703935398    
  0.997395      1.0003757227406296    
  0.9974      1.0003757415457168    
  0.997405      1.0003757603506616    
  0.99741      1.0003757791554602    
  0.997415      1.000375797960115    
  0.99742      1.0003758167646264    
  0.997425      1.0003758355689938    
  0.99743      1.0003758543732173    
  0.997435      1.0003758731772956    
  0.99744      1.0003758919812298    
  0.997445      1.0003759107850203    
  0.9974500000000001      1.0003759295886663    
  0.997455      1.0003759483921684    
  0.99746      1.000375967195526    
  0.997465      1.0003759859987393    
  0.99747      1.0003760048018095    
  0.997475      1.000376023604734    
  0.99748      1.000376042407516    
  0.997485      1.0003760612101529    
  0.99749      1.0003760800126453    
  0.997495      1.0003760988149941    
  0.9975      1.000376117617199    
  0.997505      1.0003761364192592    
  0.99751      1.0003761552211754    
  0.997515      1.000376174022947    
  0.99752      1.0003761928245747    
  0.997525      1.0003762116260586    
  0.99753      1.000376230427398    
  0.9975350000000001      1.000376249228593    
  0.99754      1.000376268029644    
  0.997545      1.0003762868305504    
  0.99755      1.0003763056313129    
  0.997555      1.0003763244319315    
  0.99756      1.0003763432324053    
  0.997565      1.0003763620327348    
  0.99757      1.000376380832921    
  0.997575      1.0003763996329627    
  0.99758      1.0003764184328598    
  0.997585      1.0003764372326132    
  0.99759      1.0003764560322217    
  0.997595      1.0003764748316866    
  0.9976      1.0003764936310064    
  0.997605      1.000376512430183    
  0.99761      1.0003765312292152    
  0.997615      1.000376550028103    
  0.99762      1.000376568826847    
  0.997625      1.0003765876254447    
  0.99763      1.0003766064239008    
  0.997635      1.0003766252222108    
  0.99764      1.000376644020378    
  0.997645      1.0003766628184005    
  0.99765      1.0003766816162787    
  0.997655      1.0003767004140125    
  0.99766      1.0003767192116018    
  0.997665      1.0003767380090478    
  0.9976700000000001      1.0003767568063482    
  0.997675      1.000376775603505    
  0.99768      1.0003767944005175    
  0.997685      1.0003768131973865    
  0.99769      1.0003768319941102    
  0.997695      1.0003768507906898    
  0.9977      1.0003768695871262    
  0.9977050000000001      1.000376888383417    
  0.99771      1.0003769071795636    
  0.997715      1.0003769259755666    
  0.99772      1.0003769447714257    
  0.997725      1.0003769635671398    
  0.99773      1.0003769823627098    
  0.997735      1.0003770011581352    
  0.99774      1.000377019953417    
  0.997745      1.000377038748554    
  0.99775      1.0003770575435467    
  0.9977550000000001      1.0003770763383957    
  0.99776      1.0003770951330997    
  0.997765      1.0003771139276598    
  0.99777      1.0003771327220754    
  0.997775      1.0003771515163467    
  0.99778      1.0003771703104747    
  0.997785      1.000377189104457    
  0.9977900000000001      1.0003772078982947    
  0.997795      1.0003772266919897    
  0.9978      1.0003772454855402    
  0.997805      1.0003772642789455    
  0.99781      1.0003772830722069    
  0.997815      1.0003773018653233    
  0.99782      1.0003773206582975    
  0.997825      1.0003773394511253    
  0.99783      1.0003773582438091    
  0.997835      1.0003773770363489    
  0.9978400000000001      1.0003773958287443    
  0.997845      1.0003774146209952    
  0.99785      1.0003774334131024    
  0.997855      1.0003774522050644    
  0.99786      1.000377470996883    
  0.997865      1.0003774897885571    
  0.99787      1.0003775085800857    
  0.997875      1.0003775273714715    
  0.99788      1.0003775461627125    
  0.997885      1.000377564953809    
  0.99789      1.0003775837447617    
  0.997895      1.000377602535569    
  0.9979      1.0003776213262328    
  0.997905      1.000377640116752    
  0.99791      1.0003776589071274    
  0.997915      1.0003776776973579    
  0.99792      1.0003776964874436    
  0.9979250000000001      1.0003777152773858    
  0.99793      1.0003777340671829    
  0.997935      1.000377752856836    
  0.99794      1.000377771646345    
  0.997945      1.000377790435709    
  0.99795      1.0003778092249291    
  0.997955      1.0003778280140045    
  0.99796      1.0003778468029363    
  0.997965      1.000377865591723    
  0.99797      1.0003778843803657    
  0.9979750000000001      1.000377903168863    
  0.99798      1.0003779219572182    
  0.997985      1.0003779407454276    
  0.99799      1.0003779595334932    
  0.997995      1.0003779783214135    
  0.998      1.0003779971091902    
  0.998005      1.0003780158968216    
  0.9980100000000001      1.0003780346843094    
  0.998015      1.0003780534716529    
  0.99802      1.0003780722588516    
  0.998025      1.000378091045906    
  0.99803      1.0003781098328155    
  0.998035      1.0003781286195814    
  0.99804      1.0003781474062021    
  0.998045      1.0003781661926798    
  0.99805      1.0003781849790125    
  0.998055      1.0003782037652011    
  0.9980600000000001      1.0003782225512432    
  0.998065      1.0003782413371431    
  0.99807      1.000378260122898    
  0.998075      1.0003782789085085    
  0.99808      1.0003782976939743    
  0.998085      1.000378316479296    
  0.99809      1.000378335264473    
  0.9980950000000001      1.0003783540495061    
  0.9981      1.0003783728343956    
  0.998105      1.0003783916191384    
  0.99811      1.0003784104037385    
  0.998115      1.0003784291881936    
  0.99812      1.0003784479725042    
  0.998125      1.0003784667566709    
  0.99813      1.0003784855406923    
  0.998135      1.0003785043245697    
  0.99814      1.0003785231083029    
  0.9981450000000001      1.0003785418918913    
  0.99815      1.000378560675335    
  0.998155      1.0003785794586353    
  0.99816      1.0003785982417903    
  0.998165      1.0003786170248012    
  0.99817      1.0003786358076665    
  0.998175      1.000378654590389    
  0.9981800000000001      1.0003786733729667    
  0.998185      1.0003786921554005    
  0.99819      1.0003787109376883    
  0.998195      1.0003787297198323    
  0.9982      1.0003787485018323    
  0.998205      1.000378767283687    
  0.99821      1.0003787860653979    
  0.998215      1.0003788048469642    
  0.99822      1.000378823628386    
  0.998225      1.0003788424096633    
  0.9982300000000001      1.0003788611907958    
  0.998235      1.0003788799717848    
  0.99824      1.0003788987526294    
  0.998245      1.0003789175333277    
  0.99825      1.000378936313883    
  0.998255      1.0003789550942936    
  0.99826      1.0003789738745597    
  0.998265      1.0003789926546813    
  0.99827      1.0003790114346582    
  0.998275      1.0003790302144913    
  0.9982800000000001      1.0003790489941786    
  0.998285      1.0003790677737223    
  0.99829      1.0003790865531217    
  0.998295      1.0003791053323763    
  0.9983      1.0003791241114859    
  0.998305      1.000379142890452    
  0.99831      1.0003791616692734    
  0.9983150000000001      1.0003791804479492    
  0.99832      1.000379199226482    
  0.998325      1.000379218004869    
  0.99833      1.000379236783112    
  0.998335      1.0003792555612103    
  0.99834      1.0003792743391648    
  0.998345      1.000379293116974    
  0.99835      1.0003793118946402    
  0.998355      1.0003793306721602    
  0.99836      1.000379349449537    
  0.9983650000000001      1.0003793682267672    
  0.99837      1.000379387003855    
  0.998375      1.000379405780797    
  0.99838      1.0003794245575952    
  0.998385      1.0003794433342486    
  0.99839      1.0003794621107571    
  0.998395      1.0003794808871223    
  0.9984000000000001      1.0003794996633415    
  0.998405      1.0003795184394164    
  0.99841      1.0003795372153474    
  0.998415      1.0003795559911335    
  0.99842      1.0003795747667745    
  0.998425      1.0003795935422723    
  0.99843      1.0003796123176245    
  0.998435      1.0003796310928328    
  0.99844      1.0003796498678958    
  0.998445      1.000379668642816    
  0.9984500000000001      1.0003796874175908    
  0.998455      1.0003797061922195    
  0.99846      1.0003797249667041    
  0.998465      1.0003797437410444    
  0.99847      1.0003797625152417    
  0.998475      1.0003797812892923    
  0.99848      1.0003798000631996    
  0.9984850000000001      1.0003798188369626    
  0.99849      1.0003798376105801    
  0.998495      1.0003798563840534    
  0.9985      1.0003798751573827    
  0.998505      1.000379893930567    
  0.99851      1.000379912703606    
  0.998515      1.0003799314765007    
  0.99852      1.000379950249251    
  0.998525      1.0003799690218569    
  0.99853      1.0003799877943187    
  0.9985350000000001      1.000380006566635    
  0.99854      1.000380025338807    
  0.998545      1.0003800441108348    
  0.99855      1.000380062882717    
  0.998555      1.000380081654456    
  0.99856      1.0003801004260495    
  0.998565      1.000380119197499    
  0.99857      1.0003801379688029    
  0.998575      1.0003801567399626    
  0.99858      1.000380175510978    
  0.9985850000000001      1.0003801942818484    
  0.99859      1.0003802130525752    
  0.998595      1.0003802318231563    
  0.9986      1.000380250593593    
  0.998605      1.000380269363885    
  0.99861      1.000380288134033    
  0.998615      1.0003803069040358    
  0.9986200000000001      1.000380325673894    
  0.998625      1.0003803444436077    
  0.99863      1.0003803632131771    
  0.998635      1.000380381982601    
  0.99864      1.0003804007518815    
  0.998645      1.0003804195210173    
  0.99865      1.0003804382900072    
  0.998655      1.0003804570588528    
  0.99866      1.000380475827554    
  0.998665      1.0003804945961112    
  0.9986700000000001      1.000380513364524    
  0.998675      1.0003805321327908    
  0.99868      1.0003805509009132    
  0.998685      1.0003805696688912    
  0.99869      1.0003805884367254    
  0.998695      1.0003806072044135    
  0.9987      1.000380625971958    
  0.9987050000000001      1.000380644739357    
  0.99871      1.0003806635066128    
  0.998715      1.0003806822737227    
  0.99872      1.0003807010406878    
  0.998725      1.000380719807509    
  0.99873      1.000380738574185    
  0.998735      1.0003807573407169    
  0.99874      1.0003807761071037    
  0.998745      1.0003807948733459    
  0.99875      1.0003808136394432    
  0.9987550000000001      1.0003808324053958    
  0.99876      1.0003808511712045    
  0.998765      1.000380869936868    
  0.99877      1.0003808887023866    
  0.998775      1.0003809074677612    
  0.99878      1.0003809262329904    
  0.998785      1.0003809449980756    
  0.9987900000000001      1.0003809637630152    
  0.998795      1.0003809825278107    
  0.9988      1.0003810012924617    
  0.998805      1.0003810200569678    
  0.99881      1.0003810388213288    
  0.998815      1.0003810575855456    
  0.99882      1.0003810763496177    
  0.998825      1.000381095113545    
  0.99883      1.0003811138773269    
  0.998835      1.000381132640965    
  0.9988400000000001      1.0003811514044585    
  0.998845      1.0003811701678067    
  0.99885      1.0003811889310104    
  0.998855      1.0003812076940697    
  0.99886      1.0003812264569838    
  0.998865      1.0003812452197534    
  0.99887      1.0003812639823777    
  0.998875      1.0003812827448577    
  0.99888      1.0003813015071932    
  0.998885      1.0003813202693848    
  0.9988900000000001      1.00038133903143    
  0.998895      1.000381357793332    
  0.9989      1.0003813765550875    
  0.998905      1.0003813953167005    
  0.99891      1.0003814140781664    
  0.998915      1.0003814328394895    
  0.99892      1.0003814516006668    
  0.9989250000000001      1.0003814703616998    
  0.99893      1.0003814891225877    
  0.998935      1.00038150788333    
  0.99894      1.0003815266439295    
  0.998945      1.000381545404383    
  0.99895      1.0003815641646923    
  0.998955      1.0003815829248563    
  0.99896      1.0003816016848763    
  0.998965      1.0003816204447518    
  0.99897      1.0003816392044815    
  0.9989750000000001      1.000381657964067    
  0.99898      1.0003816767235079    
  0.998985      1.0003816954828035    
  0.99899      1.0003817142419549    
  0.998995      1.0003817330009603    
  0.999      1.0003817517598221    
  0.999005      1.0003817705185398    
  0.9990100000000001      1.0003817892771105    
  0.999015      1.000381808035538    
  0.99902      1.0003818267938198    
  0.999025      1.0003818455519577    
  0.99903      1.0003818643099505    
  0.999035      1.0003818830677993    
  0.99904      1.0003819018255014    
  0.999045      1.0003819205830606    
  0.99905      1.0003819393404745    
  0.999055      1.0003819580977436    
  0.9990600000000001      1.0003819768548676    
  0.999065      1.0003819956118463    
  0.99907      1.0003820143686812    
  0.999075      1.000382033125371    
  0.99908      1.000382051881916    
  0.999085      1.000382070638316    
  0.99909      1.0003820893945718    
  0.9990950000000001      1.000382108150681    
  0.9991      1.0003821269066477    
  0.999105      1.000382145662469    
  0.99911      1.000382164418145    
  0.999115      1.0003821831736757    
  0.99912      1.0003822019290625    
  0.999125      1.0003822206843047    
  0.99913      1.0003822394394006    
  0.999135      1.0003822581943533    
  0.99914      1.0003822769491602    
  0.9991450000000001      1.0003822957038224    
  0.99915      1.000382314458341    
  0.999155      1.0003823332127133    
  0.99916      1.0003823519669408    
  0.999165      1.0003823707210244    
  0.99917      1.0003823894749626    
  0.999175      1.0003824082287556    
  0.99918      1.0003824269824035    
  0.999185      1.0003824457359074    
  0.99919      1.0003824644892663    
  0.999195      1.0003824832424804    
  0.9992      1.000382501995549    
  0.999205      1.0003825207484742    
  0.99921      1.0003825395012538    
  0.999215      1.000382558253888    
  0.99922      1.0003825770063777    
  0.999225      1.0003825957587236    
  0.9992300000000001      1.000382614510923    
  0.999235      1.0003826332629784    
  0.99924      1.0003826520148889    
  0.999245      1.0003826707666539    
  0.99925      1.0003826895182744    
  0.999255      1.00038270826975    
  0.99926      1.0003827270210812    
  0.999265      1.000382745772267    
  0.99927      1.0003827645233079    
  0.999275      1.0003827832742052    
  0.9992800000000001      1.0003828020249554    
  0.999285      1.000382820775562    
  0.99929      1.0003828395260241    
  0.999295      1.000382858276341    
  0.9993      1.0003828770265122    
  0.999305      1.0003828957765395    
  0.99931      1.0003829145264216    
  0.9993150000000001      1.0003829332761582    
  0.99932      1.0003829520257501    
  0.999325      1.0003829707751983    
  0.99933      1.0003829895245009    
  0.999335      1.000383008273659    
  0.99934      1.0003830270226712    
  0.999345      1.0003830457715388    
  0.99935      1.000383064520261    
  0.999355      1.0003830832688392    
  0.99936      1.000383102017273    
  0.9993650000000001      1.000383120765561    
  0.99937      1.0003831395137037    
  0.999375      1.0003831582617018    
  0.99938      1.000383177009556    
  0.999385      1.0003831957572649    
  0.99939      1.000383214504828    
  0.999395      1.0003832332522469    
  0.9994000000000001      1.0003832519995208    
  0.999405      1.000383270746649    
  0.99941      1.000383289493633    
  0.999415      1.0003833082404714    
  0.99942      1.0003833269871667    
  0.999425      1.0003833457337146    
  0.99943      1.0003833644801192    
  0.999435      1.0003833832263787    
  0.99944      1.000383401972493    
  0.999445      1.0003834207184616    
  0.9994500000000001      1.0003834394642868    
  0.999455      1.000383458209966    
  0.99946      1.0003834769554998    
  0.999465      1.0003834957008892    
  0.99947      1.0003835144461344    
  0.999475      1.0003835331912339    
  0.99948      1.0003835519361888    
  0.9994850000000001      1.0003835706809985    
  0.99949      1.0003835894256625    
  0.999495      1.000383608170182    
  0.9995      1.0003836269145572    
  0.999505      1.0003836456587876    
  0.99951      1.0003836644028723    
  0.999515      1.0003836831468123    
  0.99952      1.0003837018906068    
  0.999525      1.0003837206342576    
  0.99953      1.0003837393777628    
  0.9995350000000001      1.0003837581211226    
  0.99954      1.000383776864337    
  0.999545      1.0003837956074073    
  0.99955      1.0003838143503323    
  0.999555      1.000383833093113    
  0.99956      1.0003838518357475    
  0.999565      1.0003838705782375    
  0.99957      1.0003838893205825    
  0.999575      1.0003839080627832    
  0.99958      1.0003839268048385    
  0.9995850000000001      1.000383945546748    
  0.99959      1.000383964288514    
  0.999595      1.000383983030133    
  0.9996      1.0003840017716092    
  0.999605      1.0003840205129384    
  0.99961      1.0003840392541243    
  0.999615      1.0003840579951642    
  0.9996200000000001      1.0003840767360586    
  0.999625      1.000384095476809    
  0.99963      1.0003841142174146    
  0.999635      1.0003841329578742    
  0.99964      1.0003841516981895    
  0.999645      1.000384170438359    
  0.99965      1.0003841891783842    
  0.999655      1.0003842079182643    
  0.99966      1.0003842266579996    
  0.999665      1.00038424539759    
  0.9996700000000001      1.0003842641370344    
  0.999675      1.0003842828763339    
  0.99968      1.0003843016154894    
  0.999685      1.0003843203544986    
  0.99969      1.0003843390933644    
  0.999695      1.000384357832084    
  0.9997      1.000384376570658    
  0.9997050000000001      1.0003843953090878    
  0.99971      1.000384414047372    
  0.999715      1.0003844327855114    
  0.99972      1.0003844515235065    
  0.999725      1.0003844702613556    
  0.99973      1.0003844889990599    
  0.999735      1.000384507736619    
  0.99974      1.000384526474034    
  0.999745      1.000384545211303    
  0.99975      1.000384563948427    
  0.9997550000000001      1.0003845826854063    
  0.99976      1.0003846014222408    
  0.999765      1.00038462015893    
  0.99977      1.0003846388954731    
  0.999775      1.0003846576318725    
  0.99978      1.0003846763681261    
  0.999785      1.0003846951042341    
  0.9997900000000001      1.000384713840198    
  0.999795      1.0003847325760171    
  0.9998      1.0003847513116897    
  0.999805      1.0003847700472186    
  0.99981      1.0003847887826025    
  0.999815      1.000384807517841    
  0.99982      1.0003848262529331    
  0.999825      1.0003848449878816    
  0.99983      1.000384863722685    
  0.999835      1.0003848824573423    
  0.9998400000000001      1.0003849011918549    
  0.999845      1.0003849199262225    
  0.99985      1.000384938660445    
  0.999855      1.0003849573945225    
  0.99986      1.000384976128455    
  0.999865      1.0003849948622414    
  0.99987      1.0003850135958843    
  0.999875      1.0003850323293817    
  0.99988      1.0003850510627332    
  0.999885      1.0003850697959396    
  0.9998900000000001      1.0003850885290018    
  0.999895      1.000385107261919    
  0.9999      1.0003851259946894    
  0.999905      1.000385144727316    
  0.99991      1.0003851634597969    
  0.999915      1.0003851821921332    
  0.99992      1.0003852009243244    
  0.9999250000000001      1.0003852196563703    
  0.99993      1.000385238388271    
  0.999935      1.0003852571200265    
  0.99994      1.0003852758516365    
  0.999945      1.000385294583102    
  0.99995      1.0003853133144223    
  0.999955      1.0003853320455975    
  0.99996      1.0003853507766274    
  0.999965      1.0003853695075118    
  0.99997      1.0003853882382514    
  0.9999750000000001      1.0003854069688465    
  0.99998      1.0003854256992952    
  0.999985      1.0003854444295996    
  0.99999      1.0003854631597586    
  0.999995      1.0003854818897726    
  1.      1.0003855006196414   
