  0.990005      0.00455251796628936    
  0.99001      0.004552561619048823    
  0.990015      0.0045526052719912224    
  0.99002      0.004552648925116198    
  0.990025      0.004552692578424028    
  0.99003      0.0045527362319142395    
  0.990035      0.0045527798855872215    
  0.99004      0.004552823539443057    
  0.990045      0.004552867193481386    
  0.99005      0.00455291084770254    
  0.990055      0.00455295450210641    
  0.9900599999999999      0.004552998156692911    
  0.990065      0.0045530418114617666    
  0.99007      0.004553085466413392    
  0.990075      0.0045531291215479275    
  0.99008      0.004553172776864761    
  0.990085      0.004553216432364865    
  0.99009      0.004553260088046851    
  0.990095      0.004553303743911691    
  0.9901      0.004553347399959579    
  0.990105      0.004553391056189654    
  0.99011      0.004553434712602472    
  0.990115      0.004553478369198144    
  0.99012      0.004553522025976697    
  0.990125      0.004553565682937216    
  0.99013      0.0045536093400807    
  0.990135      0.004553652997406843    
  0.99014      0.00455369665491534    
  0.9901449999999999      0.004553740312606719    
  0.99015      0.004553783970480729    
  0.990155      0.004553827628537205    
  0.99016      0.004553871286776534    
  0.990165      0.004553914945198412    
  0.99017      0.004553958603802644    
  0.990175      0.0045540022625898124    
  0.99018      0.004554045921559502    
  0.990185      0.004554089580711657    
  0.99019      0.004554133240046387    
  0.9901949999999999      0.0045541768995640275    
  0.9902      0.004554220559264216    
  0.990205      0.004554264219146703    
  0.99021      0.0045543078792122105    
  0.990215      0.0045543515394599055    
  0.99022      0.004554395199890787    
  0.990225      0.00455443886050344    
  0.9902299999999999      0.004554482521299058    
  0.990235      0.004554526182277391    
  0.99024      0.0045545698434383    
  0.990245      0.004554613504781702    
  0.99025      0.004554657166307818    
  0.990255      0.004554700828016206    
  0.99026      0.004554744489907336    
  0.990265      0.004554788151981459    
  0.99027      0.004554831814237298    
  0.990275      0.00455487547667624    
  0.9902799999999999      0.00455491913929762    
  0.990285      0.004554962802101825    
  0.99029      0.004555006465088551    
  0.990295      0.004555050128257687    
  0.9903      0.004555093791609038    
  0.990305      0.00455513745514366    
  0.99031      0.004555181118860441    
  0.990315      0.004555224782759798    
  0.99032      0.004555268446841676    
  0.990325      0.004555312111106186    
  0.99033      0.004555355775553188    
  0.990335      0.004555399440182822    
  0.99034      0.004555443104994894    
  0.990345      0.004555486769989681    
  0.99035      0.00455553043516671    
  0.990355      0.0045555741005263994    
  0.99036      0.004555617766069026    
  0.9903649999999999      0.0045556614317935895    
  0.99037      0.004555705097701035    
  0.990375      0.004555748763790973    
  0.99038      0.004555792430063349    
  0.990385      0.004555836096518134    
  0.99039      0.004555879763155968    
  0.990395      0.004555923429975822    
  0.9904      0.004555967096978059    
  0.990405      0.004556010764163093    
  0.99041      0.004556054431530787    
  0.990415      0.004556098099080946    
  0.99042      0.00455614176681321    
  0.990425      0.004556185434728244    
  0.99043      0.004556229102825993    
  0.990435      0.004556272771105846    
  0.99044      0.004556316439568692    
  0.990445      0.004556360108213836    
  0.9904499999999999      0.004556403777041224    
  0.990455      0.004556447446051298    
  0.99046      0.004556491115243783    
  0.990465      0.004556534784619176    
  0.99047      0.004556578454176535    
  0.990475      0.004556622123916776    
  0.99048      0.00455666579383926    
  0.990485      0.0045567094639442085    
  0.99049      0.004556753134231706    
  0.990495      0.004556796804701668    
  0.9904999999999999      0.00455684047535429    
  0.990505      0.004556884146189155    
  0.99051      0.00455692781720643    
  0.990515      0.004556971488406475    
  0.99052      0.004557015159788347    
  0.990525      0.004557058831353766    
  0.99053      0.004557102503100791    
  0.9905349999999999      0.004557146175030585    
  0.99054      0.004557189847142512    
  0.990545      0.004557233519437487    
  0.99055      0.0045572771919142885    
  0.990555      0.004557320864574277    
  0.99056      0.00455736453741612    
  0.990565      0.004557408210440594    
  0.99057      0.004557451883647562    
  0.990575      0.0045574955570367726    
  0.99058      0.004557539230608587    
  0.9905849999999999      0.004557582904362895    
  0.99059      0.0045576265782997505    
  0.990595      0.004557670252418877    
  0.9906      0.00455771392672058    
  0.990605      0.004557757601204443    
  0.99061      0.004557801275870799    
  0.990615      0.004557844950719592    
  0.99062      0.004557888625750822    
  0.990625      0.0045579323009643236    
  0.99063      0.004557975976360706    
  0.990635      0.004558019651939443    
  0.99064      0.004558063327700507    
  0.990645      0.004558107003643647    
  0.99065      0.0045581506797696125    
  0.990655      0.004558194356077738    
  0.99066      0.00455823803256844    
  0.990665      0.0045582817092415795    
  0.9906699999999999      0.004558325386096823    
  0.990675      0.004558369063134476    
  0.99068      0.004558412740355233    
  0.990685      0.004558456417757761    
  0.99069      0.004558500095342893    
  0.990695      0.004558543773110074    
  0.9907      0.004558587451059859    
  0.990705      0.004558631129191748    
  0.99071      0.004558674807506907    
  0.990715      0.004558718486003727    
  0.99072      0.004558762164683344    
  0.990725      0.004558805843545094    
  0.99073      0.004558849522589226    
  0.990735      0.004558893201815906    
  0.99074      0.0045589368812246345    
  0.990745      0.004558980560815995    
  0.99075      0.004559024240589654    
  0.9907549999999999      0.00455906792054539    
  0.99076      0.004559111600684118    
  0.990765      0.004559155281004784    
  0.99077      0.004559198961507943    
  0.990775      0.0045592426421934285    
  0.99078      0.00455928632306149    
  0.990785      0.004559330004111656    
  0.99079      0.004559373685343926    
  0.990795      0.004559417366759355    
  0.9908      0.0045594610483561115    
  0.990805      0.004559504730135777    
  0.99081      0.00455954841209788    
  0.990815      0.004559592094242421    
  0.99082      0.004559635776568677    
  0.990825      0.004559679459077731    
  0.99083      0.004559723141769528    
  0.990835      0.004559766824643041    
  0.9908399999999999      0.004559810507698853    
  0.990845      0.004559854190937296    
  0.99085      0.004559897874358232    
  0.990855      0.004559941557961106    
  0.99086      0.004559985241746278    
  0.990865      0.0045600289257139714    
  0.99087      0.0045600726098639355    
  0.990875      0.0045601162941965034    
  0.99088      0.004560159978710676    
  0.990885      0.0045602036634077026    
  0.9908899999999999      0.004560247348287222    
  0.990895      0.004560291033348651    
  0.9909      0.004560334718592324    
  0.990905      0.004560378404018767    
  0.99091      0.004560422089627286    
  0.990915      0.004560465775417855    
  0.99092      0.004560509461391277    
  0.990925      0.004560553147546831    
  0.99093      0.0045605968338841285    
  0.990935      0.004560640520404335    
  0.99094      0.004560684207106536    
  0.990945      0.0045607278939911455    
  0.99095      0.00456077158105786    
  0.990955      0.004560815268307039    
  0.99096      0.004560858955739017    
  0.990965      0.00456090264335246    
  0.99097      0.0045609463311486464    
  0.9909749999999999      0.0045609900191265484    
  0.99098      0.004561033707287221    
  0.990985      0.004561077395629776    
  0.99099      0.004561121084155295    
  0.990995      0.004561164772862392    
  0.991      0.00456120846175212    
  0.991005      0.004561252150824119    
  0.99101      0.00456129584007825    
  0.991015      0.004561339529514513    
  0.99102      0.004561383219133325    
  0.991025      0.004561426908934213    
  0.99103      0.004561470598917344    
  0.991035      0.004561514289082774    
  0.99104      0.0045615579794306416    
  0.991045      0.0045616016699605855    
  0.99105      0.004561645360672578    
  0.991055      0.004561689051567064    
  0.9910599999999999      0.004561732742643709    
  0.991065      0.004561776433902709    
  0.99107      0.004561820125344035    
  0.991075      0.004561863816967493    
  0.99108      0.004561907508772833    
  0.991085      0.0045619512007611385    
  0.99109      0.004561994892931104    
  0.991095      0.0045620385852832845    
  0.9911      0.004562082277817736    
  0.991105      0.004562125970534819    
  0.99111      0.004562169663433729    
  0.991115      0.004562213356515105    
  0.99112      0.004562257049778362    
  0.991125      0.004562300743223779    
  0.99113      0.004562344436851579    
  0.991135      0.004562388130661926    
  0.99114      0.0045624318246546    
  0.9911449999999999      0.0045624755188286015    
  0.99115      0.004562519213185623    
  0.991155      0.004562562907724499    
  0.99116      0.004562606602445368    
  0.991165      0.004562650297348841    
  0.99117      0.004562693992434447    
  0.991175      0.004562737687701851    
  0.99118      0.004562781383151943    
  0.991185      0.004562825078783778    
  0.99119      0.004562868774598411    
  0.9911949999999999      0.004562912470594482    
  0.9912      0.004562956166773352    
  0.991205      0.0045629998631340485    
  0.99121      0.004563043559677071    
  0.991215      0.004563087256402448    
  0.99122      0.0045631309533094855    
  0.991225      0.004563174650399016    
  0.9912299999999999      0.004563218347670872    
  0.991235      0.004563262045124944    
  0.99124      0.004563305742760954    
  0.991245      0.004563349440579317    
  0.99125      0.004563393138579314    
  0.991255      0.004563436836761747    
  0.99126      0.004563480535126507    
  0.991265      0.004563524233673399    
  0.99127      0.004563567932402618    
  0.991275      0.004563611631313719    
  0.9912799999999999      0.004563655330407063    
  0.991285      0.0045636990296823166    
  0.99129      0.004563742729140147    
  0.991295      0.0045637864287795815    
  0.9913      0.004563830128601676    
  0.991305      0.004563873828605569    
  0.99131      0.00456391752879165    
  0.991315      0.0045639612291598075    
  0.99132      0.004564004929710486    
  0.991325      0.004564048630443074    
  0.99133      0.004564092331357711    
  0.991335      0.004564136032454508    
  0.99134      0.004564179733733492    
  0.991345      0.00456422343519447    
  0.99135      0.004564267136837774    
  0.991355      0.0045643108386629605    
  0.99136      0.004564354540670529    
  0.9913649999999999      0.004564398242860035    
  0.99137      0.004564441945231645    
  0.991375      0.004564485647785332    
  0.99138      0.004564529350521401    
  0.991385      0.004564573053439297    
  0.99139      0.004564616756539436    
  0.991395      0.00456466045982154    
  0.9914      0.004564704163286026    
  0.991405      0.004564747866932284    
  0.99141      0.004564791570760507    
  0.991415      0.004564835274771445    
  0.99142      0.004564878978964015    
  0.991425      0.004564922683338579    
  0.99143      0.004564966387895358    
  0.991435      0.004565010092634408    
  0.99144      0.004565053797555424    
  0.991445      0.004565097502658627    
  0.9914499999999999      0.004565141207943879    
  0.991455      0.004565184913411041    
  0.99146      0.0045652286190603075    
  0.991465      0.004565272324891678    
  0.99147      0.0045653160309051255    
  0.991475      0.00456535973710076    
  0.99148      0.004565403443478139    
  0.991485      0.004565447150037982    
  0.99149      0.004565490856779736    
  0.991495      0.004565534563703344    
  0.9915      0.004565578270809251    
  0.991505      0.0045656219780972895    
  0.99151      0.004565665685567211    
  0.991515      0.00456570939321943    
  0.99152      0.004565753101053088    
  0.991525      0.004565796809069267    
  0.99153      0.004565840517267411    
  0.9915349999999999      0.004565884225647687    
  0.99154      0.00456592793420979    
  0.991545      0.004565971642954136    
  0.99155      0.0045660153518802815    
  0.991555      0.004566059060989197    
  0.99156      0.004566102770279079    
  0.991565      0.004566146479751593    
  0.99157      0.004566190189405822    
  0.991575      0.004566233899242572    
  0.99158      0.0045662776092608715    
  0.9915849999999999      0.004566321319461442    
  0.99159      0.004566365029844116    
  0.991595      0.004566408740408673    
  0.9916      0.0045664524511555005    
  0.991605      0.0045664961620838496    
  0.99161      0.0045665398731942475    
  0.991615      0.0045665835844871105    
  0.99162      0.004566627295961384    
  0.991625      0.004566671007617956    
  0.99163      0.004566714719456688    
  0.991635      0.004566758431477275    
  0.99164      0.0045668021436799655    
  0.991645      0.004566845856064511    
  0.99165      0.004566889568630966    
  0.991655      0.0045669332813795815    
  0.99166      0.004566976994310551    
  0.991665      0.004567020707423014    
  0.9916699999999999      0.004567064420717526    
  0.991675      0.004567108134194142    
  0.99168      0.004567151847852585    
  0.991685      0.004567195561693244    
  0.99169      0.004567239275715729    
  0.991695      0.004567282989920068    
  0.9917      0.004567326704306568    
  0.991705      0.004567370418875116    
  0.99171      0.0045674141336257135    
  0.991715      0.004567457848558026    
  0.99172      0.004567501563672138    
  0.991725      0.004567545278968049    
  0.99173      0.004567588994446703    
  0.991735      0.004567632710106906    
  0.99174      0.004567676425948991    
  0.991745      0.0045677201419728475    
  0.99175      0.004567763858179169    
  0.9917549999999999      0.0045678075745673175    
  0.99176      0.004567851291137182    
  0.991765      0.0045678950078888725    
  0.99177      0.004567938724822945    
  0.991775      0.004567982441938512    
  0.99178      0.004568026159236488    
  0.991785      0.004568069876716069    
  0.99179      0.004568113594377782    
  0.991795      0.004568157312221377    
  0.9918      0.004568201030246577    
  0.991805      0.004568244748454131    
  0.99181      0.004568288466843151    
  0.991815      0.004568332185414942    
  0.99182      0.004568375904168337    
  0.991825      0.004568419623103143    
  0.99183      0.004568463342220025    
  0.991835      0.0045685070615189005    
  0.9918399999999999      0.004568550781000075    
  0.991845      0.004568594500663076    
  0.99185      0.004568638220507459    
  0.991855      0.004568681940534169    
  0.99186      0.0045687256607427895    
  0.991865      0.00456876938113307    
  0.99187      0.004568813101705205    
  0.991875      0.0045688568224597215    
  0.99188      0.004568900543395593    
  0.991885      0.004568944264513541    
  0.9918899999999999      0.004568987985813733    
  0.991895      0.0045690317072951125    
  0.9919      0.004569075428959013    
  0.991905      0.004569119150804629    
  0.99191      0.004569162872832044    
  0.991915      0.00456920659504137    
  0.99192      0.004569250317432633    
  0.991925      0.004569294040005778    
  0.99193      0.0045693377627605    
  0.991935      0.0045693814856977155    
  0.99194      0.004569425208816258    
  0.991945      0.004569468932116821    
  0.99195      0.004569512655599489    
  0.991955      0.004569556379263678    
  0.99196      0.004569600103109972    
  0.991965      0.004569643827137981    
  0.99197      0.004569687551347873    
  0.9919749999999999      0.004569731275739564    
  0.99198      0.00456977500031322    
  0.991985      0.004569818725068925    
  0.99199      0.004569862450006179    
  0.991995      0.004569906175125232    
  0.992      0.004569949900426112    
  0.992005      0.0045699936259092355    
  0.99201      0.004570037351574074    
  0.992015      0.0045700810774204625    
  0.99202      0.004570124803449094    
  0.992025      0.0045701685296592465    
  0.99203      0.004570212256051698    
  0.992035      0.0045702559826252265    
  0.99204      0.004570299709380887    
  0.992045      0.004570343436318736    
  0.99205      0.00457038716343805    
  0.992055      0.004570430890739385    
  0.9920599999999999      0.004570474618222159    
  0.992065      0.004570518345886954    
  0.99207      0.004570562073733853    
  0.992075      0.004570605801762273    
  0.99208      0.004570649529972659    
  0.992085      0.004570693258364789    
  0.99209      0.004570736986938745    
  0.992095      0.004570780715694639    
  0.9921      0.004570824444631999    
  0.992105      0.004570868173751658    
  0.99211      0.004570911903052588    
  0.992115      0.004570955632535761    
  0.99212      0.0045709993622002065    
  0.992125      0.004571043092047006    
  0.99213      0.0045710868220753265    
  0.992135      0.004571130552285557    
  0.99214      0.004571174282676921    
  0.9921449999999999      0.0045712180132513325    
  0.99215      0.004571261744006183    
  0.992155      0.004571305474943527    
  0.99216      0.004571349206062947    
  0.992165      0.004571392937363666    
  0.99217      0.0045714366688463515    
  0.992175      0.004571480400510669    
  0.99218      0.004571524132356841    
  0.992185      0.0045715678643846736    
  0.99219      0.004571611596594749    
  0.9921949999999999      0.004571655328986013    
  0.9922      0.004571699061559159    
  0.992205      0.004571742794314271    
  0.99221      0.0045717865272508484    
  0.992215      0.004571830260369447    
  0.99222      0.004571873993669623    
  0.992225      0.004571917727151653    
  0.99223      0.004571961460815455    
  0.992235      0.004572005194661138    
  0.99224      0.00457204892868851    
  0.992245      0.0045720926628974035    
  0.99225      0.004572136397288096    
  0.992255      0.004572180131860559    
  0.99226      0.004572223866614683    
  0.992265      0.004572267601550772    
  0.99227      0.0045723113366684665    
  0.992275      0.004572355071967932    
  0.9922799999999999      0.00457239880744903    
  0.992285      0.004572442543111899    
  0.99229      0.004572486278956678    
  0.992295      0.004572530014983006    
  0.9923      0.004572573751190689    
  0.992305      0.004572617487580921    
  0.99231      0.004572661224152064    
  0.992315      0.0045727049609054216    
  0.99232      0.004572748697840356    
  0.992325      0.004572792434957229    
  0.99233      0.00457283617225529    
  0.992335      0.004572879909735594    
  0.99234      0.004572923647397392    
  0.992345      0.004572967385240961    
  0.99235      0.004573011123265941    
  0.992355      0.004573054861472858    
  0.99236      0.0045730985998613805    
  0.9923649999999999      0.004573142338431591    
  0.99237      0.0045731860771835164    
  0.992375      0.004573229816117352    
  0.99238      0.00457327355523271    
  0.992385      0.004573317294529561    
  0.99239      0.0045733610340084885    
  0.992395      0.0045734047736686045    
  0.9924      0.004573448513510936    
  0.992405      0.004573492253534289    
  0.99241      0.00457353599373983    
  0.992415      0.004573579734126809    
  0.99242      0.004573623474695532    
  0.992425      0.004573667215446164    
  0.99243      0.0045737109563783185    
  0.992435      0.004573754697491772    
  0.99244      0.00457379843878733    
  0.992445      0.004573842180264326    
  0.9924499999999999      0.0045738859219233985    
  0.992455      0.0045739296637636595    
  0.99246      0.004573973405785553    
  0.992465      0.00457401714798919    
  0.99247      0.004574060890374654    
  0.992475      0.0045741046329415835    
  0.99248      0.0045741483756903956    
  0.992485      0.0045741921186205625    
  0.99249      0.004574235861732445    
  0.992495      0.004574279605025877    
  0.9924999999999999      0.004574323348501275    
  0.992505      0.004574367092158277    
  0.99251      0.004574410835996634    
  0.992515      0.004574454580016901    
  0.99252      0.004574498324218662    
  0.992525      0.004574542068601972    
  0.99253      0.004574585813167137    
  0.992535      0.0045746295579136564    
  0.99254      0.0045746733028418085    
  0.992545      0.004574717047951232    
  0.99255      0.004574760793242982    
  0.992555      0.00457480453871606    
  0.99256      0.00457484828437088    
  0.992565      0.004574892030206945    
  0.99257      0.004574935776225031    
  0.992575      0.004574979522424666    
  0.99258      0.004575023268805628    
  0.992585      0.004575067015368278    
  0.99259      0.004575110762112672    
  0.992595      0.004575154509038337    
  0.9926      0.004575198256146079    
  0.992605      0.00457524200343537    
  0.99261      0.0045752857509058775    
  0.992615      0.004575329498557851    
  0.99262      0.004575373246391984    
  0.992625      0.004575416994407527    
  0.99263      0.004575460742605009    
  0.992635      0.004575504490983123    
  0.99264      0.004575548239543453    
  0.992645      0.004575591988285055    
  0.99265      0.0045756357372084    
  0.992655      0.004575679486313405    
  0.99266      0.004575723235600154    
  0.992665      0.004575766985068175    
  0.99267      0.004575810734717856    
  0.992675      0.004575854484548891    
  0.99268      0.0045758982345613375    
  0.992685      0.0045759419847561655    
  0.99269      0.004575985735131793    
  0.992695      0.00457602948568922    
  0.9927      0.004576073236428252    
  0.992705      0.004576116987348999    
  0.99271      0.0045761607384507685    
  0.992715      0.00457620448973442    
  0.99272      0.004576248241199649    
  0.992725      0.004576291992846204    
  0.99273      0.00457633574467467    
  0.992735      0.004576379496684324    
  0.99274      0.004576423248875777    
  0.992745      0.0045764670012484465    
  0.99275      0.00457651075380297    
  0.9927549999999999      0.004576554506539182    
  0.99276      0.004576598259456194    
  0.992765      0.004576642012555254    
  0.99277      0.0045766857658359195    
  0.992775      0.004576729519297912    
  0.99278      0.004576773272941426    
  0.992785      0.004576817026766322    
  0.99279      0.004576860780773073    
  0.992795      0.004576904534961207    
  0.9928      0.004576948289330807    
  0.992805      0.004576992043881928    
  0.99281      0.004577035798614459    
  0.992815      0.004577079553528457    
  0.99282      0.00457712330862417    
  0.992825      0.004577167063901433    
  0.99283      0.004577210819360217    
  0.992835      0.004577254574999995    
  0.99284      0.004577298330821572    
  0.992845      0.004577342086824809    
  0.99285      0.004577385843009513    
  0.992855      0.004577429599375238    
  0.99286      0.004577473355922845    
  0.992865      0.0045775171126520575    
  0.99287      0.004577560869562652    
  0.992875      0.0045776046266544634    
  0.99288      0.004577648383928323    
  0.992885      0.004577692141383011    
  0.99289      0.0045777358990195804    
  0.992895      0.004577779656837283    
  0.9929      0.004577823414836812    
  0.992905      0.0045778671730177245    
  0.99291      0.004577910931379825    
  0.992915      0.004577954689923558    
  0.99292      0.00457799844864884    
  0.992925      0.004578042207555616    
  0.99293      0.004578085966643719    
  0.992935      0.004578129725913566    
  0.99294      0.0045781734853644895    
  0.992945      0.0045782172449969905    
  0.99295      0.00457826100481093    
  0.992955      0.004578304764806307    
  0.99296      0.004578348524983067    
  0.992965      0.004578392285341321    
  0.99297      0.004578436045881373    
  0.992975      0.004578479806602309    
  0.99298      0.00457852356750485    
  0.992985      0.004578567328589106    
  0.99299      0.004578611089854412    
  0.992995      0.004578654851301128    
  0.993      0.004578698612929755    
  0.993005      0.004578742374739625    
  0.99301      0.004578786136730628    
  0.993015      0.0045788298989028475    
  0.99302      0.0045788736612571435    
  0.993025      0.004578917423792295    
  0.99303      0.004578961186509273    
  0.993035      0.004579004949407606    
  0.99304      0.004579048712487377    
  0.993045      0.004579092475748031    
  0.99305      0.004579136239190623    
  0.993055      0.004579180002814626    
  0.99306      0.004579223766619928    
  0.993065      0.004579267530606529    
  0.99307      0.004579311294774652    
  0.993075      0.004579355059124324    
  0.99308      0.004579398823655073    
  0.993085      0.00457944258836715    
  0.99309      0.0045794863532607755    
  0.993095      0.004579530118335756    
  0.9931      0.004579573883592314    
  0.993105      0.004579617649029977    
  0.99311      0.00457966141464905    
  0.993115      0.004579705180449589    
  0.99312      0.004579748946431816    
  0.993125      0.004579792712594871    
  0.99313      0.0045798364789396695    
  0.993135      0.004579880245465712    
  0.99314      0.00457992401217322    
  0.993145      0.004579967779061944    
  0.99315      0.004580011546131912    
  0.993155      0.004580055313383374    
  0.99316      0.004580099080816469    
  0.993165      0.004580142848430557    
  0.99317      0.0045801866162261395    
  0.993175      0.0045802303842029934    
  0.99318      0.004580274152361424    
  0.993185      0.004580317920700905    
  0.99319      0.0045803616892219345    
  0.993195      0.004580405457924042    
  0.9932      0.00458044922680792    
  0.993205      0.00458049299587282    
  0.99321      0.004580536765119048    
  0.993215      0.004580580534546713    
  0.99322      0.004580624304155706    
  0.993225      0.004580668073946109    
  0.99323      0.004580711843917784    
  0.993235      0.004580755614071175    
  0.99324      0.004580799384405171    
  0.993245      0.004580843154920772    
  0.99325      0.004580886925617478    
  0.993255      0.004580930696495872    
  0.99326      0.004580974467555676    
  0.993265      0.004581018238796614    
  0.99327      0.004581062010218462    
  0.993275      0.004581105781822248    
  0.99328      0.004581149553606917    
  0.993285      0.0045811933255733295    
  0.99329      0.004581237097720903    
  0.993295      0.004581280870049609    
  0.9933      0.004581324642559725    
  0.993305      0.004581368415250614    
  0.99331      0.004581412188123607    
  0.993315      0.0045814559611774    
  0.99332      0.004581499734412631    
  0.993325      0.004581543507829189    
  0.99333      0.00458158728142713    
  0.993335      0.0045816310552064254    
  0.99334      0.004581674829166632    
  0.993345      0.0045817186033080826    
  0.99335      0.004581762377631221    
  0.993355      0.004581806152135104    
  0.99336      0.004581849926820897    
  0.993365      0.004581893701687351    
  0.99337      0.004581937476735881    
  0.993375      0.004581981251964878    
  0.99338      0.004582025027375508    
  0.993385      0.0045820688029674095    
  0.99339      0.004582112578740666    
  0.993395      0.004582156354694916    
  0.9934      0.004582200130830549    
  0.993405      0.004582243907147371    
  0.99341      0.00458228768364527    
  0.993415      0.004582331460324912    
  0.99342      0.00458237523718541    
  0.993425      0.0045824190142272625    
  0.99343      0.004582462791450553    
  0.993435      0.004582506568854616    
  0.99344      0.004582550346440589    
  0.993445      0.00458259412420714    
  0.9934499999999999      0.004582637902155268    
  0.993455      0.004582681680284528    
  0.99346      0.004582725458595421    
  0.993465      0.004582769237087031    
  0.99347      0.004582813015760162    
  0.993475      0.0045828567946141485    
  0.99348      0.004582900573649573    
  0.993485      0.0045829443528664915    
  0.99349      0.004582988132264071    
  0.993495      0.004583031911843449    
  0.9935      0.004583075691603822    
  0.993505      0.004583119471545216    
  0.99351      0.004583163251668049    
  0.993515      0.004583207031971848    
  0.99352      0.004583250812457085    
  0.993525      0.0045832945931235936    
  0.99353      0.004583338373970958    
  0.993535      0.0045833821549997045    
  0.99354      0.004583425936209973    
  0.993545      0.004583469717601096    
  0.99355      0.004583513499173686    
  0.993555      0.00458355728092702    
  0.99356      0.004583601062861792    
  0.993565      0.004583644844977863    
  0.99357      0.004583688627274735    
  0.993575      0.004583732409752961    
  0.99358      0.004583776192412875    
  0.993585      0.004583819975253173    
  0.99359      0.0045838637582750474    
  0.993595      0.004583907541477944    
  0.9936      0.0045839513248621955    
  0.993605      0.00458399510842783    
  0.99361      0.004584038892174375    
  0.993615      0.0045840826761019415    
  0.99362      0.004584126460211085    
  0.993625      0.004584170244501196    
  0.99363      0.004584214028972022    
  0.993635      0.004584257813624371    
  0.99364      0.004584301598458407    
  0.993645      0.0045843453834728265    
  0.99365      0.004584389168668573    
  0.993655      0.004584432954045287    
  0.99366      0.00458447673960366    
  0.993665      0.004584520525343028    
  0.99367      0.004584564311263334    
  0.993675      0.004584608097364856    
  0.99368      0.0045846518836476224    
  0.993685      0.004584695670111327    
  0.99369      0.004584739456756498    
  0.993695      0.004584783243582469    
  0.9937      0.0045848270305896555    
  0.993705      0.004584870817778086    
  0.99371      0.004584914605147261    
  0.993715      0.004584958392698207    
  0.99372      0.004585002180429842    
  0.993725      0.004585045968342805    
  0.99373      0.00458508975643665    
  0.993735      0.00458513354471185    
  0.99374      0.004585177333167961    
  0.993745      0.004585221121805316    
  0.99375      0.004585264910623749    
  0.9937549999999999      0.004585308699623314    
  0.99376      0.004585352488803929    
  0.993765      0.00458539627816551    
  0.99377      0.004585440067708613    
  0.993775      0.004585483857432154    
  0.99378      0.004585527647337578    
  0.993785      0.004585571437423719    
  0.99379      0.004585615227690937    
  0.993795      0.00458565901813926    
  0.9938      0.004585702808768494    
  0.993805      0.004585746599579027    
  0.99381      0.004585790390570554    
  0.993815      0.004585834181743187    
  0.99382      0.004585877973097036    
  0.993825      0.004585921764631906    
  0.99383      0.004585965556347854    
  0.993835      0.004586009348244435    
  0.99384      0.004586053140322871    
  0.993845      0.004586096932582134    
  0.99385      0.004586140725022253    
  0.993855      0.00458618451764356    
  0.99386      0.004586228310445806    
  0.993865      0.004586272103429323    
  0.99387      0.004586315896593446    
  0.993875      0.004586359689938924    
  0.99388      0.00458640348346559    
  0.993885      0.004586447277173    
  0.99389      0.004586491071061655    
  0.993895      0.004586534865131414    
  0.9939      0.004586578659382112    
  0.993905      0.004586622453814082    
  0.99391      0.004586666248426879    
  0.993915      0.004586710043221004    
  0.99392      0.004586753838195651    
  0.993925      0.0045867976333517635    
  0.99393      0.004586841428688676    
  0.993935      0.004586885224206666    
  0.99394      0.004586929019905511    
  0.993945      0.004586972815785628    
  0.99395      0.0045870166118466005    
  0.993955      0.004587060408088955    
  0.99396      0.004587104204512055    
  0.993965      0.004587148001116315    
  0.99397      0.004587191797901624    
  0.993975      0.004587235594867595    
  0.99398      0.004587279392014643    
  0.993985      0.00458732318934299    
  0.99399      0.004587366986852193    
  0.993995      0.0045874107845425005    
  0.994      0.004587454582413553    
  0.994005      0.0045874983804658764    
  0.99401      0.004587542178699416    
  0.994015      0.004587585977113617    
  0.99402      0.004587629775708729    
  0.994025      0.004587673574484863    
  0.99403      0.004587717373442046    
  0.994035      0.004587761172580307    
  0.99404      0.004587804971899673    
  0.994045      0.004587848771399838    
  0.99405      0.004587892571080776    
  0.994055      0.0045879363709430965    
  0.9940599999999999      0.0045879801709863555    
  0.994065      0.004588023971210109    
  0.99407      0.004588067771615412    
  0.994075      0.0045881115722015975    
  0.99408      0.004588155372968389    
  0.994085      0.004588199173916507    
  0.99409      0.004588242975045426    
  0.994095      0.00458828677635531    
  0.9941      0.004588330577846106    
  0.994105      0.004588374379517757    
  0.99411      0.0045884181813708735    
  0.994115      0.004588461983404568    
  0.99412      0.00458850578561934    
  0.994125      0.004588549588014856    
  0.99413      0.004588593390591783    
  0.994135      0.004588637193349204    
  0.99414      0.004588680996287342    
  0.994145      0.00458872479940714    
  0.99415      0.0045887686027073216    
  0.994155      0.004588812406188719    
  0.99416      0.004588856209851194    
  0.994165      0.0045889000136940805    
  0.99417      0.0045889438177184605    
  0.994175      0.0045889876219233905    
  0.99418      0.004589031426309564    
  0.994185      0.004589075230876233    
  0.99419      0.004589119035624117    
  0.994195      0.004589162840552802    
  0.9942      0.004589206645662702    
  0.994205      0.004589250450953347    
  0.99421      0.004589294256424875    
  0.994215      0.004589338062077147    
  0.99422      0.004589381867910747    
  0.994225      0.004589425673924508    
  0.99423      0.004589469480119818    
  0.994235      0.004589513286496011    
  0.99424      0.004589557093053004    
  0.994245      0.004589600899790769    
  0.99425      0.004589644706709917    
  0.994255      0.004589688513809281    
  0.99426      0.004589732321089834    
  0.994265      0.004589776128551132    
  0.99427      0.004589819936193645    
  0.994275      0.004589863744016626    
  0.99428      0.004589907552020767    
  0.994285      0.004589951360206207    
  0.99429      0.00458999516857192    
  0.994295      0.0045900389771185435    
  0.9943      0.004590082785846383    
  0.994305      0.004590126594754884    
  0.99431      0.004590170403844185    
  0.994315      0.004590214213114618    
  0.99432      0.004590258022565491    
  0.994325      0.004590301832197524    
  0.99433      0.004590345642010302    
  0.994335      0.004590389452004073    
  0.99434      0.0045904332621785615    
  0.994345      0.004590477072533933    
  0.99435      0.0045905208830706035    
  0.994355      0.004590564693787741    
  0.99436      0.004590608504685345    
  0.994365      0.004590652315764221    
  0.99437      0.004590696127024091    
  0.994375      0.0045907399384647884    
  0.99438      0.004590783750085925    
  0.994385      0.004590827561888194    
  0.99439      0.00459087137387118    
  0.994395      0.0045909151860351605    
  0.9944      0.004590958998379968    
  0.994405      0.004591002810905381    
  0.99441      0.004591046623612205    
  0.994415      0.004591090436499301    
  0.99442      0.004591134249567391    
  0.994425      0.004591178062816198    
  0.99443      0.004591221876245999    
  0.994435      0.004591265689856683    
  0.99444      0.00459130950364775    
  0.994445      0.004591353317619867    
  0.99445      0.004591397131772562    
  0.994455      0.004591440946106418    
  0.99446      0.004591484760621406    
  0.994465      0.004591528575316667    
  0.99447      0.004591572390193033    
  0.994475      0.0045916162052499765    
  0.99448      0.0045916600204875535    
  0.994485      0.004591703835906402    
  0.99449      0.004591747651505884    
  0.994495      0.00459179146728611    
  0.9945      0.004591835283247164    
  0.994505      0.004591879099389018    
  0.99451      0.004591922915711227    
  0.994515      0.004591966732214708    
  0.99452      0.004592010548898823    
  0.994525      0.004592054365763876    
  0.99453      0.0045920981828098395    
  0.994535      0.004592142000035965    
  0.99454      0.004592185817443445    
  0.994545      0.004592229635031336    
  0.99455      0.004592273452800166    
  0.994555      0.004592317270750074    
  0.99456      0.0045923610888802535    
  0.994565      0.0045924049071913164    
  0.99457      0.00459244872568304    
  0.994575      0.004592492544355592    
  0.99458      0.004592536363209332    
  0.994585      0.004592580182243233    
  0.99459      0.0045926240014582675    
  0.994595      0.004592667820854102    
  0.9946      0.004592711640430347    
  0.994605      0.004592755460187309    
  0.99461      0.004592799280125487    
  0.994615      0.004592843100243993    
  0.99462      0.004592886920543382    
  0.994625      0.004592930741023654    
  0.99463      0.004592974561684338    
  0.994635      0.004593018382525987    
  0.99464      0.0045930622035482704    
  0.994645      0.004593106024751603    
  0.99465      0.00459314984613568    
  0.994655      0.004593193667699835    
  0.99466      0.004593237489445318    
  0.994665      0.004593281311371322    
  0.99467      0.004593325133477849    
  0.994675      0.004593368955765148    
  0.99468      0.004593412778233136    
  0.994685      0.00459345660088209    
  0.99469      0.004593500423712038    
  0.994695      0.00459354424672237    
  0.9947      0.004593588069913279    
  0.994705      0.004593631893284822    
  0.99471      0.004593675716837331    
  0.994715      0.004593719540570473    
  0.99472      0.0045937633644841935    
  0.994725      0.004593807188578214    
  0.99473      0.004593851012853728    
  0.994735      0.0045938948373095145    
  0.99474      0.0045939386619463785    
  0.994745      0.004593982486763404    
  0.99475      0.004594026311761423    
  0.994755      0.004594070136940187    
  0.99476      0.004594113962299473    
  0.994765      0.004594157787839365    
  0.99477      0.0045942016135600006    
  0.994775      0.004594245439461353    
  0.99478      0.004594289265543533    
  0.994785      0.004594333091806124    
  0.99479      0.004594376918249682    
  0.994795      0.004594420744873484    
  0.9948      0.004594464571678142    
  0.994805      0.004594508398663655    
  0.99481      0.004594552225829968    
  0.994815      0.004594596053176386    
  0.99482      0.004594639880703494    
  0.994825      0.004594683708411679    
  0.99483      0.004594727536300192    
  0.994835      0.004594771364369449    
  0.99484      0.004594815192619672    
  0.994845      0.004594859021050446    
  0.99485      0.004594902849661547    
  0.994855      0.004594946678453393    
  0.99486      0.0045949905074259    
  0.994865      0.00459503433657904    
  0.99487      0.004595078165913036    
  0.994875      0.00459512199542772    
  0.99488      0.00459516582512251    
  0.994885      0.004595209654998211    
  0.99489      0.004595253485054657    
  0.994895      0.004595297315291097    
  0.9949      0.004595341145708948    
  0.994905      0.004595384976307126    
  0.99491      0.004595428807085911    
  0.994915      0.004595472638045356    
  0.99492      0.004595516469185323    
  0.994925      0.00459556030050598    
  0.99493      0.004595604132007353    
  0.994935      0.00459564796368922    
  0.99494      0.004595691795551887    
  0.994945      0.00459573562759491    
  0.99495      0.004595779459818511    
  0.994955      0.0045958232922228    
  0.99496      0.004595867124807862    
  0.994965      0.0045959109575732515    
  0.99497      0.004595954790519413    
  0.994975      0.004595998623646097    
  0.99498      0.004596042456953248    
  0.994985      0.004596086290441059    
  0.99499      0.004596130124109782    
  0.994995      0.0045961739579585825    
  0.995      0.004596217791988322    
  0.995005      0.004596261626198611    
  0.99501      0.004596305460588951    
  0.995015      0.004596349295160701    
  0.99502      0.004596393129912335    
  0.995025      0.004596436964845296    
  0.99503      0.004596480799957864    
  0.995035      0.004596524635251509    
  0.99504      0.004596568470725593    
  0.995045      0.0045966123063803654    
  0.99505      0.004596656142215799    
  0.995055      0.0045966999782315054    
  0.9950600000000001      0.0045967438144281225    
  0.995065      0.004596787650805151    
  0.99507      0.004596831487362757    
  0.995075      0.004596875324100774    
  0.99508      0.004596919161019036    
  0.995085      0.004596962998118431    
  0.99509      0.004597006835397877    
  0.995095      0.0045970506728582605    
  0.9951      0.0045970945104989724    
  0.995105      0.004597138348320429    
  0.99511      0.004597182186322241    
  0.995115      0.004597226024504325    
  0.99512      0.004597269862867681    
  0.995125      0.004597313701411171    
  0.99513      0.004597357540134794    
  0.995135      0.004597401379039356    
  0.99514      0.0045974452181243575    
  0.9951450000000001      0.004597489057390047    
  0.99515      0.004597532896836148    
  0.995155      0.004597576736462716    
  0.99516      0.004597620576269695    
  0.995165      0.004597664416257197    
  0.99517      0.004597708256425609    
  0.995175      0.004597752096773822    
  0.99518      0.00459779593730314    
  0.995185      0.0045978397780127855    
  0.99519      0.004597883618902898    
  0.995195      0.004597927459973394    
  0.9952      0.0045979713012244405    
  0.995205      0.004598015142656203    
  0.99521      0.004598058984268405    
  0.995215      0.004598102826060962    
  0.99522      0.004598146668033848    
  0.995225      0.004598190510187505    
  0.9952300000000001      0.004598234352521463    
  0.995235      0.004598278195035915    
  0.99524      0.004598322037731112    
  0.995245      0.00459836588060647    
  0.99525      0.004598409723662739    
  0.995255      0.004598453566899058    
  0.99526      0.00459849741031601    
  0.995265      0.004598541253913291    
  0.99527      0.00459858509769126    
  0.995275      0.00459862894164953    
  0.99528      0.004598672785788266    
  0.995285      0.004598716630107358    
  0.99529      0.004598760474606889    
  0.995295      0.004598804319287164    
  0.9953      0.004598848164147767    
  0.995305      0.004598892009189004    
  0.99531      0.004598935854410402    
  0.995315      0.004598979699812378    
  0.99532      0.004599023545394626    
  0.995325      0.004599067391157313    
  0.99533      0.0045991112371007725    
  0.995335      0.0045991550832245875    
  0.99534      0.004599198929528703    
  0.995345      0.004599242776013257    
  0.99535      0.004599286622678084    
  0.995355      0.004599330469523655    
  0.99536      0.004599374316549554    
  0.995365      0.004599418163755975    
  0.99537      0.0045994620111425855    
  0.995375      0.00459950585870994    
  0.99538      0.004599549706457345    
  0.995385      0.004599593554385301    
  0.99539      0.004599637402493639    
  0.995395      0.0045996812507826945    
  0.9954      0.004599725099251689    
  0.995405      0.004599768947901234    
  0.99541      0.004599812796731412    
  0.995415      0.004599856645741973    
  0.99542      0.0045999004949325295    
  0.995425      0.004599944344304052    
  0.99543      0.0045999881938554865    
  0.995435      0.004600032043587748    
  0.99544      0.004600075893500033    
  0.995445      0.004600119743592979    
  0.9954500000000001      0.004600163593866113    
  0.995455      0.004600207444319632    
  0.99546      0.004600251294953617    
  0.995465      0.004600295145768374    
  0.99547      0.004600338996762876    
  0.995475      0.004600382847937984    
  0.99548      0.004600426699293586    
  0.995485      0.004600470550829433    
  0.99549      0.004600514402545858    
  0.995495      0.004600558254442361    
  0.9955      0.004600602106519441    
  0.995505      0.004600645958776711    
  0.99551      0.004600689811214614    
  0.995515      0.004600733663832679    
  0.99552      0.004600777516630822    
  0.995525      0.004600821369610014    
  0.99553      0.0046008652227690905    
  0.9955350000000001      0.004600909076108606    
  0.99554      0.004600952929628727    
  0.995545      0.004600996783328676    
  0.99555      0.0046010406372093415    
  0.995555      0.004601084491270363    
  0.99556      0.0046011283455116014    
  0.995565      0.004601172199933001    
  0.99557      0.004601216054534951    
  0.995575      0.004601259909317257    
  0.99558      0.00460130376427989    
  0.995585      0.0046013476194231295    
  0.99559      0.0046013914747463636    
  0.995595      0.004601435330250175    
  0.9956      0.004601479185933788    
  0.995605      0.004601523041798117    
  0.99561      0.0046015668978429125    
  0.995615      0.004601610754067564    
  0.99562      0.004601654610472877    
  0.995625      0.004601698467058157    
  0.99563      0.004601742323824598    
  0.995635      0.0046017861807705895    
  0.99564      0.004601830037896937    
  0.995645      0.004601873895203612    
  0.99565      0.0046019177526909205    
  0.995655      0.0046019616103583905    
  0.99566      0.0046020054682058276    
  0.995665      0.00460204932623387    
  0.99567      0.004602093184442102    
  0.995675      0.004602137042830884    
  0.99568      0.004602180901399966    
  0.995685      0.004602224760148932    
  0.99569      0.004602268619078198    
  0.995695      0.004602312478188042    
  0.9957      0.004602356337478047    
  0.995705      0.004602400196948686    
  0.99571      0.004602444056599209    
  0.995715      0.004602487916430059    
  0.99572      0.004602531776441404    
  0.995725      0.004602575636632328    
  0.99573      0.00460261949700419    
  0.995735      0.00460266335755613    
  0.99574      0.004602707218288232    
  0.995745      0.004602751079201106    
  0.99575      0.004602794940293392    
  0.9957550000000001      0.004602838801566561    
  0.99576      0.004602882663020058    
  0.995765      0.0046029265246533835    
  0.99577      0.004602970386467203    
  0.995775      0.0046030142484613235    
  0.99578      0.004603058110635605    
  0.995785      0.00460310197299027    
  0.99579      0.00460314583552468    
  0.995795      0.004603189698239835    
  0.9958      0.004603233561135289    
  0.995805      0.004603277424210628    
  0.99581      0.004603321287466294    
  0.995815      0.004603365150902428    
  0.99582      0.00460340901451875    
  0.995825      0.004603452878315151    
  0.99583      0.004603496742291796    
  0.995835      0.004603540606448908    
  0.9958400000000001      0.00460358447078571    
  0.995845      0.004603628335303173    
  0.99585      0.00460367220000063    
  0.995855      0.004603716064878527    
  0.99586      0.004603759929936557    
  0.995865      0.00460380379517486    
  0.99587      0.00460384766059338    
  0.995875      0.00460389152619195    
  0.99588      0.004603935391970626    
  0.995885      0.004603979257929963    
  0.99589      0.004604023124068879    
  0.995895      0.0046040669903885945    
  0.9959      0.004604110856888111    
  0.995905      0.004604154723568121    
  0.99591      0.004604198590428238    
  0.995915      0.004604242457468488    
  0.99592      0.004604286324688928    
  0.9959250000000001      0.004604330192089445    
  0.99593      0.004604374059670124    
  0.995935      0.004604417927431159    
  0.99594      0.004604461795372244    
  0.995945      0.004604505663493658    
  0.99595      0.004604549531795177    
  0.995955      0.004604593400276746    
  0.99596      0.004604637268939116    
  0.995965      0.004604681137780953    
  0.99597      0.004604725006803118    
  0.995975      0.004604768876005305    
  0.99598      0.0046048127453879595    
  0.995985      0.004604856614950664    
  0.99599      0.004604900484693586    
  0.995995      0.004604944354616947    
  0.996      0.004604988224719914    
  0.996005      0.0046050320950034584    
  0.99601      0.004605075965467165    
  0.996015      0.004605119836110394    
  0.99602      0.004605163706934257    
  0.996025      0.004605207577938364    
  0.99603      0.004605251449122494    
  0.996035      0.004605295320486424    
  0.99604      0.004605339192030822    
  0.996045      0.004605383063755603    
  0.99605      0.004605426935660101    
  0.996055      0.004605470807744816    
  0.9960600000000001      0.004605514680009776    
  0.996065      0.004605558552454925    
  0.99607      0.00460560242508018    
  0.996075      0.004605646297885263    
  0.99608      0.004605690170870869    
  0.996085      0.004605734044036192    
  0.99609      0.004605777917381648    
  0.996095      0.004605821790907794    
  0.9961      0.004605865664613573    
  0.996105      0.004605909538499653    
  0.99611      0.0046059534125657275    
  0.996115      0.004605997286811853    
  0.99612      0.004606041161238306    
  0.996125      0.00460608503584467    
  0.99613      0.00460612891063128    
  0.996135      0.004606172785597662    
  0.99614      0.0046062166607448995    
  0.9961450000000001      0.004606260536071521    
  0.99615      0.004606304411578249    
  0.996155      0.004606348287265305    
  0.99616      0.004606392163132467    
  0.996165      0.004606436039179568    
  0.99617      0.004606479915406886    
  0.996175      0.004606523791814254    
  0.99618      0.004606567668401479    
  0.996185      0.004606611545168948    
  0.99619      0.004606655422116801    
  0.996195      0.004606699299244343    
  0.9962      0.004606743176552075    
  0.996205      0.0046067870540400235    
  0.99621      0.004606830931707717    
  0.996215      0.004606874809555822    
  0.99622      0.0046069186875833945    
  0.996225      0.004606962565791711    
  0.9962300000000001      0.00460700644417969    
  0.996235      0.004607050322748191    
  0.99624      0.00460709420149652    
  0.996245      0.004607138080424539    
  0.99625      0.004607181959532608    
  0.996255      0.004607225838820922    
  0.99626      0.004607269718289619    
  0.996265      0.00460731359793809    
  0.99627      0.004607357477766361    
  0.996275      0.0046074013577751816    
  0.99628      0.004607445237963775    
  0.996285      0.00460748911833242    
  0.99629      0.004607532998881253    
  0.996295      0.004607576879609693    
  0.9963      0.004607620760518433    
  0.996305      0.004607664641606973    
  0.99631      0.0046077085228762305    
  0.996315      0.004607752404324872    
  0.99632      0.004607796285953841    
  0.996325      0.004607840167762667    
  0.99633      0.004607884049751376    
  0.996335      0.004607927931920108    
  0.99634      0.004607971814269224    
  0.996345      0.004608015696798001    
  0.99635      0.004608059579506885    
  0.996355      0.004608103462395791    
  0.99636      0.00460814734546483    
  0.9963650000000001      0.004608191228713476    
  0.99637      0.004608235112142395    
  0.996375      0.00460827899575128    
  0.99638      0.004608322879539911    
  0.996385      0.004608366763509203    
  0.99639      0.0046084106476578235    
  0.996395      0.004608454531986883    
  0.9964      0.004608498416495466    
  0.996405      0.0046085423011844595    
  0.99641      0.0046085861860531985    
  0.996415      0.004608630071102238    
  0.99642      0.004608673956330939    
  0.996425      0.004608717841739551    
  0.99643      0.004608761727328603    
  0.996435      0.0046088056130970945    
  0.99644      0.004608849499045969    
  0.996445      0.004608893385174173    
  0.9964500000000001      0.004608937271483149    
  0.996455      0.004608981157971759    
  0.99646      0.0046090250446400305    
  0.996465      0.00460906893148838    
  0.99647      0.004609112818517308    
  0.996475      0.004609156705725592    
  0.99648      0.004609200593114038    
  0.996485      0.004609244480682173    
  0.99649      0.0046092883684303865    
  0.996495      0.004609332256358484    
  0.9965      0.004609376144466326    
  0.996505      0.004609420032754774    
  0.99651      0.004609463921222828    
  0.996515      0.0046095078098706554    
  0.99652      0.004609551698698783    
  0.996525      0.004609595587706267    
  0.99653      0.0046096394768940785    
  0.9965350000000001      0.0046096833662619685    
  0.99654      0.004609727255809437    
  0.996545      0.004609771145537095    
  0.99655      0.00460981503544472    
  0.996555      0.004609858925531979    
  0.99656      0.004609902815799205    
  0.996565      0.004609946706246454    
  0.99657      0.004609990596873309    
  0.996575      0.0046100344876806865    
  0.99658      0.0046100783786676425    
  0.996585      0.004610122269834482    
  0.99659      0.004610166161181345    
  0.996595      0.004610210052707814    
  0.9966      0.004610253944414833    
  0.996605      0.004610297836301014    
  0.99661      0.004610341728367245    
  0.996615      0.004610385620613805    
  0.9966200000000001      0.004610429513040137    
  0.996625      0.004610473405646048    
  0.99663      0.00461051729843176    
  0.996635      0.0046105611913976885    
  0.99664      0.004610605084543362    
  0.996645      0.004610648977868836    
  0.99665      0.004610692871374555    
  0.996655      0.004610736765059714    
  0.99666      0.0046107806589251454    
  0.996665      0.004610824552970072    
  0.9966700000000001      0.00461086844719516    
  0.996675      0.004610912341600021    
  0.99668      0.004610956236184682    
  0.996685      0.0046110001309494775    
  0.99669      0.004611044025893657    
  0.996695      0.004611087921017859    
  0.9967      0.00461113181632225    
  0.996705      0.004611175711806026    
  0.99671      0.004611219607470157    
  0.996715      0.004611263503313756    
  0.99672      0.004611307399337378    
  0.996725      0.004611351295541299    
  0.99673      0.004611395191923967    
  0.996735      0.004611439088487407    
  0.99674      0.004611482985230314    
  0.996745      0.004611526882153272    
  0.99675      0.004611570779255697    
  0.9967550000000001      0.004611614676537978    
  0.99676      0.004611658574000532    
  0.996765      0.004611702471642443    
  0.99677      0.004611746369464598    
  0.996775      0.004611790267466359    
  0.99678      0.004611834165647949    
  0.996785      0.004611878064009645    
  0.99679      0.004611921962550669    
  0.996795      0.004611965861271938    
  0.9968      0.004612009760172536    
  0.996805      0.00461205365925349    
  0.99681      0.004612097558513634    
  0.996815      0.0046121414579543    
  0.99682      0.004612185357574156    
  0.996825      0.004612229257374728    
  0.99683      0.00461227315735413    
  0.996835      0.004612317057513776    
  0.9968400000000001      0.004612360957853084    
  0.996845      0.00461240485837211    
  0.99685      0.004612448759071269    
  0.996855      0.004612492659949896    
  0.99686      0.004612536561008129    
  0.996865      0.004612580462246607    
  0.99687      0.004612624363664969    
  0.996875      0.004612668265262604    
  0.99688      0.004612712167040511    
  0.996885      0.004612756068997664    
  0.99689      0.004612799971135034    
  0.996895      0.004612843873451816    
  0.9969      0.004612887775948871    
  0.996905      0.004612931678625448    
  0.99691      0.004612975581481771    
  0.996915      0.004613019484517755    
  0.99692      0.004613063387733818    
  0.9969250000000001      0.004613107291129237    
  0.99693      0.004613151194704679    
  0.996935      0.0046131950984597825    
  0.99694      0.0046132390023946035    
  0.996945      0.004613282906509142    
  0.99695      0.004613326810803731    
  0.996955      0.0046133707152778425    
  0.99696      0.0046134146199318105    
  0.996965      0.00461345852476569    
  0.99697      0.004613502429778982    
  0.9969750000000001      0.004613546334972074    
  0.99698      0.004613590240344773    
  0.996985      0.004613634145897522    
  0.99699      0.00461367805162996    
  0.996995      0.004613721957541783    
  0.997      0.004613765863633934    
  0.997005      0.00461380976990558    
  0.99701      0.0046138536763565    
  0.997015      0.004613897582987525    
  0.99702      0.004613941489798545    
  0.997025      0.004613985396788645    
  0.99703      0.004614029303958989    
  0.997035      0.004614073211308745    
  0.99704      0.00461411711883844    
  0.997045      0.0046141610265476585    
  0.99705      0.004614204934436511    
  0.997055      0.004614248842505525    
  0.9970600000000001      0.004614292750753646    
  0.997065      0.004614336659182122    
  0.99707      0.004614380567789594    
  0.997075      0.0046144244765772835    
  0.99708      0.004614468385544579    
  0.997085      0.004614512294691647    
  0.99709      0.00461455620401785    
  0.997095      0.004614600113524436    
  0.9971      0.00461464402321024    
  0.997105      0.004614687933075984    
  0.99711      0.004614731843121445    
  0.997115      0.00461477575334629    
  0.99712      0.004614819663751074    
  0.997125      0.004614863574335715    
  0.99713      0.004614907485099684    
  0.997135      0.004614951396043315    
  0.99714      0.004614995307166581    
  0.9971450000000001      0.004615039218469841    
  0.99715      0.004615083129952874    
  0.997155      0.004615127041615236    
  0.99716      0.004615170953457148    
  0.997165      0.004615214865478889    
  0.99717      0.004615258777680209    
  0.997175      0.0046153026900613014    
  0.99718      0.004615346602622139    
  0.997185      0.004615390515362583    
  0.99719      0.004615434428282689    
  0.997195      0.00461547834138229    
  0.9972      0.004615522254661608    
  0.997205      0.004615566168120616    
  0.99721      0.004615610081758953    
  0.997215      0.004615653995577618    
  0.99722      0.004615697909575278    
  0.997225      0.004615741823752906    
  0.9972300000000001      0.004615785738109918    
  0.997235      0.004615829652646647    
  0.99724      0.0046158735673630935    
  0.997245      0.004615917482259174    
  0.99725      0.004615961397334611    
  0.997255      0.004616005312590099    
  0.99726      0.004616049228025304    
  0.997265      0.004616093143639588    
  0.99727      0.004616137059433645    
  0.997275      0.004616180975407641    
  0.99728      0.004616224891560744    
  0.997285      0.004616268807893897    
  0.99729      0.004616312724406352    
  0.997295      0.0046163566410985235    
  0.9973      0.004616400557970385    
  0.997305      0.0046164444750217415    
  0.99731      0.00461648839225276    
  0.997315      0.004616532309663329    
  0.99732      0.004616576227253394    
  0.997325      0.00461662014502337    
  0.99733      0.0046166640629728695    
  0.997335      0.004616707981101781    
  0.99734      0.004616751899410021    
  0.997345      0.004616795817898284    
  0.99735      0.004616839736566181    
  0.997355      0.0046168836554133785    
  0.99736      0.004616927574440238    
  0.9973650000000001      0.004616971493646843    
  0.99737      0.004617015413032749    
  0.997375      0.004617059332598122    
  0.99738      0.0046171032523435185    
  0.997385      0.004617147172268271    
  0.99739      0.00461719109237238    
  0.997395      0.004617235012656484    
  0.9974      0.004617278933119945    
  0.997405      0.00461732285376279    
  0.99741      0.00461736677458538    
  0.997415      0.0046174106955875205    
  0.99742      0.004617454616768768    
  0.997425      0.0046174985381301215    
  0.99743      0.004617542459670887    
  0.997435      0.00461758638139112    
  0.99744      0.004617630303291209    
  0.997445      0.004617674225370377    
  0.9974500000000001      0.004617718147629735    
  0.997455      0.004617762070067949    
  0.99746      0.004617805992685742    
  0.997465      0.0046178499154834185    
  0.99747      0.00461789383846023    
  0.997475      0.004617937761616953    
  0.99748      0.004617981684952921    
  0.997485      0.004618025608468468    
  0.99749      0.0046180695321639265    
  0.997495      0.004618113456038492    
  0.9975      0.00461815738009283    
  0.997505      0.0046182013043260806    
  0.99751      0.004618245228739631    
  0.997515      0.004618289153332289    
  0.99752      0.004618333078104414    
  0.997525      0.004618377003056423    
  0.99753      0.004618420928187511    
  0.9975350000000001      0.004618464853498261    
  0.99754      0.004618508778988534    
  0.997545      0.004618552704658219    
  0.99755      0.004618596630507565    
  0.997555      0.0046186405565362965    
  0.99756      0.004618684482744634    
  0.997565      0.004618728409132189    
  0.99757      0.00461877233569935    
  0.997575      0.004618816262446146    
  0.99758      0.004618860189372492    
  0.997585      0.004618904116478251    
  0.99759      0.004618948043763255    
  0.997595      0.004618991971227837    
  0.9976      0.00461903589887197    
  0.997605      0.004619079826695488    
  0.99761      0.004619123754698612    
  0.997615      0.004619167682881065    
  0.99762      0.004619211611242902    
  0.997625      0.004619255539784539    
  0.99763      0.004619299468505672    
  0.997635      0.0046193433974059395    
  0.99764      0.004619387326485508    
  0.997645      0.0046194312557452655    
  0.99765      0.004619475185183547    
  0.997655      0.004619519114802045    
  0.99766      0.004619563044599567    
  0.997665      0.004619606974576862    
  0.9976700000000001      0.004619650904733347    
  0.997675      0.004619694835069299    
  0.99768      0.004619738765584552    
  0.997685      0.004619782696279412    
  0.99769      0.004619826627153822    
  0.997695      0.004619870558207645    
  0.9977      0.004619914489440741    
  0.9977050000000001      0.004619958420853304    
  0.99771      0.004620002352445085    
  0.997715      0.004620046284216639    
  0.99772      0.004620090216167744    
  0.997725      0.0046201341482979275    
  0.99773      0.004620178080607634    
  0.997735      0.004620222013096753    
  0.99774      0.004620265945765395    
  0.997745      0.004620309878613116    
  0.99775      0.004620353811640637    
  0.9977550000000001      0.004620397744847543    
  0.99776      0.0046204416782335556    
  0.997765      0.0046204856117995075    
  0.99777      0.004620529545544261    
  0.997775      0.0046205734794688424    
  0.99778      0.00462061741357267    
  0.997785      0.004620661347855687    
  0.9977900000000001      0.004620705282318227    
  0.997795      0.004620749216959957    
  0.9978      0.004620793151781433    
  0.997805      0.00462083708678257    
  0.99781      0.004620881021962342    
  0.997815      0.004620924957322137    
  0.99782      0.004620968892860816    
  0.997825      0.004621012828579435    
  0.99783      0.004621056764476911    
  0.997835      0.004621100700553993    
  0.9978400000000001      0.004621144636810265    
  0.997845      0.0046211885732461155    
  0.99785      0.004621232509861406    
  0.997855      0.004621276446656053    
  0.99786      0.00462132038362989    
  0.997865      0.0046213643207829724    
  0.99787      0.004621408258115828    
  0.997875      0.00462145219562804    
  0.99788      0.004621496133318914    
  0.997885      0.004621540071189728    
  0.99789      0.00462158400923976    
  0.997895      0.0046216279474690924    
  0.9979      0.004621671885877837    
  0.997905      0.004621715824465855    
  0.99791      0.004621759763233674    
  0.997915      0.004621803702180183    
  0.99792      0.004621847641306326    
  0.9979250000000001      0.004621891580611631    
  0.99793      0.0046219355200963486    
  0.997935      0.0046219794597607555    
  0.99794      0.004622023399604019    
  0.997945      0.004622067339626612    
  0.99795      0.00462211127982895    
  0.997955      0.004622155220210561    
  0.99796      0.004622199160770918    
  0.997965      0.004622243101511214    
  0.99797      0.0046222870424304785    
  0.9979750000000001      0.004622330983529349    
  0.99798      0.0046223749248073265    
  0.997985      0.004622418866264522    
  0.99799      0.004622462807901212    
  0.997995      0.004622506749716843    
  0.998      0.004622550691712524    
  0.998005      0.0046225946338866175    
  0.9980100000000001      0.0046226385762405675    
  0.998015      0.004622682518774013    
  0.99802      0.0046227264614861485    
  0.998025      0.004622770404378029    
  0.99803      0.004622814347449072    
  0.998035      0.004622858290699222    
  0.99804      0.0046229022341288395    
  0.998045      0.004622946177737841    
  0.99805      0.004622990121525894    
  0.998055      0.004623034065493414    
  0.9980600000000001      0.00462307800963993    
  0.998065      0.004623121953966358    
  0.99807      0.004623165898471282    
  0.998075      0.004623209843156034    
  0.99808      0.004623253788019754    
  0.998085      0.004623297733062914    
  0.99809      0.004623341678285237    
  0.9980950000000001      0.004623385623686638    
  0.9981      0.004623429569267895    
  0.998105      0.0046234735150278705    
  0.99811      0.004623517460967452    
  0.998115      0.00462356140708603    
  0.99812      0.004623605353383908    
  0.998125      0.004623649299861143    
  0.99813      0.004623693246517541    
  0.998135      0.004623737193353156    
  0.99814      0.0046237811403680995    
  0.9981450000000001      0.00462382508756215    
  0.99815      0.004623869034935529    
  0.998155      0.004623912982488543    
  0.99816      0.004623956930220191    
  0.998165      0.004624000878131029    
  0.99817      0.004624044826221779    
  0.998175      0.004624088774491053    
  0.9981800000000001      0.004624132722939905    
  0.998185      0.0046241766715679755    
  0.99819      0.004624220620375208    
  0.998195      0.0046242645693616025    
  0.9982      0.00462430851852727    
  0.998205      0.004624352467872184    
  0.99821      0.00462439641739637    
  0.998215      0.004624440367099747    
  0.99822      0.0046244843169823135    
  0.998225      0.004624528267043848    
  0.9982300000000001      0.004624572217284878    
  0.998235      0.004624616167704848    
  0.99824      0.004624660118304397    
  0.998245      0.004624704069082719    
  0.99825      0.004624748020040564    
  0.998255      0.004624791971177655    
  0.99826      0.004624835922493908    
  0.998265      0.004624879873989074    
  0.99827      0.004624923825663624    
  0.998275      0.004624967777517502    
  0.9982800000000001      0.004625011729550016    
  0.998285      0.004625055681762386    
  0.99829      0.004625099634153695    
  0.998295      0.004625143586723918    
  0.9983      0.004625187539474024    
  0.998305      0.004625231492402404    
  0.99831      0.004625275445510363    
  0.9983150000000001      0.004625319398797595    
  0.99832      0.004625363352263795    
  0.998325      0.004625407305909379    
  0.99833      0.004625451259733959    
  0.998335      0.0046254952137380345    
  0.99834      0.004625539167920856    
  0.998345      0.004625583122282811    
  0.99835      0.004625627076824151    
  0.998355      0.004625671031544681    
  0.99836      0.004625714986444263    
  0.9983650000000001      0.004625758941522673    
  0.99837      0.004625802896780662    
  0.998375      0.004625846852217758    
  0.99838      0.004625890807833988    
  0.998385      0.00462593476362938    
  0.99839      0.004625978719603574    
  0.998395      0.004626022675757208    
  0.9984000000000001      0.0046260666320900035    
  0.998405      0.0046261105886021    
  0.99841      0.00462615454529286    
  0.998415      0.004626198502163031    
  0.99842      0.004626242459212143    
  0.998425      0.004626286416440251    
  0.99843      0.004626330373848103    
  0.998435      0.004626374331434646    
  0.99844      0.004626418289200407    
  0.998445      0.0046264622471449135    
  0.9984500000000001      0.004626506205268999    
  0.998455      0.004626550163572218    
  0.99846      0.004626594122054156    
  0.998465      0.0046266380807153396    
  0.99847      0.004626682039555657    
  0.998475      0.0046267259985753595    
  0.99848      0.00462676995777378    
  0.9984850000000001      0.004626813917151473    
  0.99849      0.004626857876708357    
  0.998495      0.004626901836443903    
  0.9985      0.004626945796359083    
  0.998505      0.00462698975645312    
  0.99851      0.004627033716726209    
  0.998515      0.0046270776771785704    
  0.99852      0.0046271216378096225    
  0.998525      0.004627165598620142    
  0.99853      0.004627209559609491    
  0.9985350000000001      0.004627253520777808    
  0.99854      0.004627297482125647    
  0.998545      0.004627341443652427    
  0.99855      0.004627385405357981    
  0.998555      0.0046274293672427524    
  0.99856      0.004627473329306381    
  0.998565      0.00462751729154981    
  0.99857      0.004627561253971624    
  0.998575      0.004627605216572683    
  0.99858      0.004627649179352544    
  0.9985850000000001      0.004627693142312095    
  0.99859      0.004627737105450308    
  0.998595      0.004627781068767212    
  0.9986      0.0046278250322633885    
  0.998605      0.004627868995939088    
  0.99861      0.004627912959793562    
  0.998615      0.0046279569238271145    
  0.9986200000000001      0.00462800088803933    
  0.998625      0.0046280448524309015    
  0.99863      0.004628088817001608    
  0.998635      0.0046281327817510876    
  0.99864      0.004628176746679508    
  0.998645      0.004628220711787506    
  0.99865      0.004628264677074334    
  0.998655      0.004628308642539769    
  0.99866      0.0046283526081845605    
  0.998665      0.004628396574008042    
  0.9986700000000001      0.004628440540010881    
  0.998675      0.004628484506192687    
  0.99868      0.0046285284725534614    
  0.998685      0.00462857243909337    
  0.99869      0.004628616405812219    
  0.998695      0.004628660372709953    
  0.9987      0.0046287043397868766    
  0.9987050000000001      0.004628748307042629    
  0.99871      0.004628792274477572    
  0.998715      0.004628836242091344    
  0.99872      0.004628880209884251    
  0.998725      0.0046289241778563195    
  0.99873      0.0046289681460066345    
  0.998735      0.004629012114336861    
  0.99874      0.004629056082845473    
  0.998745      0.004629100051533247    
  0.99875      0.0046291440204000445    
  0.9987550000000001      0.004629187989445865    
  0.99876      0.004629231958670432    
  0.998765      0.004629275928074494    
  0.99877      0.00462931989765708    
  0.998775      0.004629363867418662    
  0.99878      0.004629407837359295    
  0.998785      0.004629451807478924    
  0.9987900000000001      0.004629495777777576    
  0.998795      0.004629539748255029    
  0.9988      0.00462958371891134    
  0.998805      0.004629627689747007    
  0.99881      0.004629671660761586    
  0.998815      0.004629715631954551    
  0.99882      0.0046297596033268995    
  0.998825      0.004629803574878327    
  0.99883      0.004629847546608473    
  0.998835      0.004629891518517587    
  0.9988400000000001      0.004629935490606113    
  0.998845      0.004629979462872996    
  0.99885      0.004630023435319014    
  0.998855      0.00463006740794375    
  0.99886      0.004630111380747731    
  0.998865      0.0046301553537305695    
  0.99887      0.004630199326892431    
  0.998875      0.0046302433002333165    
  0.99888      0.00463028727375267    
  0.998885      0.0046303312474512415    
  0.9988900000000001      0.004630375221328642    
  0.998895      0.004630419195385038    
  0.9989      0.004630463169620264    
  0.998905      0.004630507144034596    
  0.99891      0.004630551118627729    
  0.998915      0.004630595093399664    
  0.99892      0.004630639068350734    
  0.9989250000000001      0.004630683043480716    
  0.99893      0.004630727018789305    
  0.998935      0.004630770994277111    
  0.99894      0.0046308149699437196    
  0.998945      0.004630858945789018    
  0.99895      0.004630902921813618    
  0.998955      0.004630946898017019    
  0.99896      0.004630990874399055    
  0.998965      0.004631034850960392    
  0.99897      0.004631078827700114    
  0.9989750000000001      0.004631122804619164    
  0.99898      0.004631166781716545    
  0.998985      0.004631210758993393    
  0.99899      0.004631254736448959    
  0.998995      0.004631298714083326    
  0.999      0.004631342691896634    
  0.999005      0.004631386669888493    
  0.9990100000000001      0.004631430648059681    
  0.999015      0.00463147462640931    
  0.99902      0.0046315186049383505    
  0.999025      0.004631562583645915    
  0.99903      0.004631606562532531    
  0.999035      0.0046316505415977816    
  0.99904      0.004631694520842111    
  0.999045      0.004631738500265048    
  0.99905      0.004631782479866925    
  0.999055      0.004631826459647714    
  0.9990600000000001      0.004631870439607444    
  0.999065      0.004631914419745753    
  0.99907      0.004631958400063169    
  0.999075      0.004632002380559469    
  0.99908      0.004632046361234293    
  0.999085      0.0046320903420881965    
  0.99909      0.004632134323120873    
  0.9990950000000001      0.004632178304332324    
  0.9991      0.004632222285722548    
  0.999105      0.004632266267292184    
  0.99911      0.004632310249039734    
  0.999115      0.004632354230966779    
  0.99912      0.004632398213072431    
  0.999125      0.0046324421953568284    
  0.99913      0.00463248617782025    
  0.999135      0.0046325301604624725    
  0.99914      0.0046325741432832745    
  0.9991450000000001      0.004632618126283017    
  0.99915      0.004632662109461838    
  0.999155      0.004632706092819239    
  0.99916      0.0046327500763554685    
  0.999165      0.004632794060070361    
  0.99917      0.00463283804396436    
  0.999175      0.004632882028036828    
  0.99918      0.00463292601228818    
  0.999185      0.0046329699967185    
  0.99919      0.004633013981327594    
  0.999195      0.004633057966115378    
  0.9992      0.0046331019510818805    
  0.999205      0.0046331459362271565    
  0.99921      0.00463318992155165    
  0.999215      0.004633233907054418    
  0.99922      0.004633277892736015    
  0.999225      0.004633321878596858    
  0.9992300000000001      0.004633365864636113    
  0.999235      0.004633409850854392    
  0.99924      0.004633453837251    
  0.999245      0.004633497823826521    
  0.99925      0.004633541810581121    
  0.999255      0.0046335857975141614    
  0.99926      0.0046336297846260865    
  0.999265      0.00463367377191673    
  0.99927      0.0046337177593861745    
  0.999275      0.004633761747034532    
  0.9992800000000001      0.00463380573486144    
  0.999285      0.0046338497228671505    
  0.99929      0.004633893711051634    
  0.999295      0.0046339376994149195    
  0.9993      0.004633981687956923    
  0.999305      0.004634025676677422    
  0.99931      0.004634069665576973    
  0.9993150000000001      0.00463411365465527    
  0.99932      0.004634157643912257    
  0.999325      0.004634201633347906    
  0.99933      0.004634245622962496    
  0.999335      0.004634289612755499    
  0.99934      0.004634333602727636    
  0.999345      0.004634377592878158    
  0.99935      0.0046344215832074265    
  0.999355      0.004634465573715801    
  0.99936      0.004634509564402228    
  0.9993650000000001      0.0046345535552680395    
  0.99937      0.004634597546312208    
  0.999375      0.004634641537535067    
  0.99938      0.004634685528937227    
  0.999385      0.004634729520517106    
  0.99939      0.00463477351227598    
  0.999395      0.0046348175042142115    
  0.9994000000000001      0.004634861496330606    
  0.999405      0.004634905488625857    
  0.99941      0.004634949481099965    
  0.999415      0.004634993473752319    
  0.99942      0.004635037466583641    
  0.999425      0.004635081459593876    
  0.99943      0.004635125452782218    
  0.999435      0.00463516944615    
  0.99944      0.004635213439696001    
  0.999445      0.00463525743342072    
  0.9994500000000001      0.004635301427323907    
  0.999455      0.004635345421406284    
  0.99946      0.004635389415666991    
  0.999465      0.004635433410106721    
  0.99947      0.004635477404724753    
  0.999475      0.004635521399521614    
  0.99948      0.004635565394496971    
  0.9994850000000001      0.004635609389651657    
  0.99949      0.0046356533849844506    
  0.999495      0.00463569738049599    
  0.9995      0.004635741376186081    
  0.999505      0.004635785372054779    
  0.99951      0.004635829368102223    
  0.999515      0.004635873364328497    
  0.99952      0.004635917360733238    
  0.999525      0.0046359613573166425    
  0.99953      0.004636005354078682    
  0.9995350000000001      0.004636049351019467    
  0.99954      0.004636093348138998    
  0.999545      0.004636137345436747    
  0.99955      0.004636181342913548    
  0.999555      0.004636225340569039    
  0.99956      0.004636269338403054    
  0.999565      0.004636313336415593    
  0.99957      0.004636357334606961    
  0.999575      0.004636401332976797    
  0.99958      0.004636445331525185    
  0.9995850000000001      0.004636489330252236    
  0.99959      0.004636533329157977    
  0.999595      0.004636577328242408    
  0.9996      0.004636621327505586    
  0.999605      0.004636665326947259    
  0.99961      0.004636709326567567    
  0.999615      0.004636753326366316    
  0.9996200000000001      0.004636797326343589    
  0.999625      0.004636841326499691    
  0.99963      0.004636885326834539    
  0.999635      0.004636929327347633    
  0.99964      0.0046369733280397785    
  0.999645      0.00463701732891017    
  0.99965      0.004637061329959141    
  0.999655      0.004637105331186858    
  0.99966      0.004637149332593349    
  0.999665      0.00463719333417803    
  0.9996700000000001      0.004637237335941513    
  0.999675      0.004637281337883742    
  0.99968      0.004637325340004161    
  0.999685      0.004637369342303382    
  0.99969      0.0046374133447813215    
  0.999695      0.004637457347437451    
  0.9997      0.00463750135027266    
  0.9997050000000001      0.00463754535328581    
  0.99971      0.0046375893564780946    
  0.999715      0.004637633359848847    
  0.99972      0.004637677363398124    
  0.999725      0.004637721367125841    
  0.99973      0.004637765371032276    
  0.999735      0.004637809375117236    
  0.99974      0.00463785337938083    
  0.999745      0.004637897383822642    
  0.99975      0.004637941388443395    
  0.9997550000000001      0.004637985393242561    
  0.99976      0.004638029398219945    
  0.999765      0.004638073403376658    
  0.99977      0.004638117408711284    
  0.999775      0.004638161414224962    
  0.99978      0.004638205419916719    
  0.999785      0.004638249425787028    
  0.9997900000000001      0.004638293431836166    
  0.999795      0.004638337438063633    
  0.9998      0.0046383814444698745    
  0.999805      0.004638425451054307    
  0.99981      0.004638469457817235    
  0.999815      0.004638513464759103    
  0.99982      0.00463855747187919    
  0.999825      0.004638601479177912    
  0.99983      0.004638645486655102    
  0.999835      0.004638689494310899    
  0.9998400000000001      0.0046387335021450815    
  0.999845      0.004638777510157954    
  0.99985      0.00463882151834899    
  0.999855      0.004638865526718855    
  0.99986      0.004638909535267327    
  0.999865      0.004638953543993907    
  0.99987      0.004638997552899288    
  0.999875      0.004639041561982943    
  0.99988      0.004639085571245538    
  0.999885      0.00463912958068638    
  0.9998900000000001      0.004639173590305523    
  0.999895      0.0046392176001034124    
  0.9999      0.00463926161007977    
  0.999905      0.004639305620234679    
  0.99991      0.004639349630567807    
  0.999915      0.004639393641079431    
  0.99992      0.004639437651769579    
  0.9999250000000001      0.0046394816626383895    
  0.99993      0.004639525673685779    
  0.999935      0.004639569684911443    
  0.99994      0.004639613696315659    
  0.999945      0.004639657707898204    
  0.99995      0.004639701719659217    
  0.999955      0.004639745731598838    
  0.99996      0.004639789743716899    
  0.999965      0.004639833756013345    
  0.99997      0.004639877768488482    
  0.9999750000000001      0.004639921781141643    
  0.99998      0.0046399657939734384    
  0.999985      0.00464000980698373    
  0.99999      0.004640053820173018    
  0.999995      0.0046400978335399135    
  1.      0.00464014184708561   
