 0.990005      0.41452943599541964    
  0.99001      0.4145334133745899    
  0.990015      0.4145373907704416    
  0.99002      0.4145413681830003    
  0.990025      0.4145453456122538    
  0.99003      0.4145493230582048    
  0.990035      0.4145533005208548    
  0.99004      0.4145572780001946    
  0.990045      0.4145612554962287    
  0.99005      0.41456523300897286    
  0.990055      0.414569210538395    
  0.9900599999999999      0.41457318808452764    
  0.990065      0.41457716564735037    
  0.99007      0.4145811432268665    
  0.990075      0.4145851208230729    
  0.99008      0.41458909843598946    
  0.990085      0.4145930760655876    
  0.99009      0.41459705371188776    
  0.990095      0.41460103137487775    
  0.9901      0.4146050090545652    
  0.990105      0.4146089867509425    
  0.99011      0.4146129644640178    
  0.990115      0.4146169421937781    
  0.99012      0.41462091994024025    
  0.990125      0.4146248977033881    
  0.99013      0.41462887548323746    
  0.990135      0.41463285327977606    
  0.99014      0.41463683109300414    
  0.9901449999999999      0.4146408089229298    
  0.99015      0.41464478676955296    
  0.990155      0.41464876463285716    
  0.99016      0.4146527425128548    
  0.990165      0.41465672040954943    
  0.99017      0.4146606983229208    
  0.990175      0.41466467625299824    
  0.99018      0.41466865419976434    
  0.990185      0.4146726321632153    
  0.99019      0.4146766101433679    
  0.9901949999999999      0.414680588140201    
  0.9902      0.41468456615373556    
  0.990205      0.4146885441839504    
  0.99021      0.4146925222308624    
  0.990215      0.4146965002944548    
  0.99022      0.4147004783747402    
  0.990225      0.41470445647172316    
  0.9902299999999999      0.4147084345853819    
  0.990235      0.41471241271573744    
  0.99024      0.41471639086278167    
  0.990245      0.4147203690265149    
  0.99025      0.4147243472069317    
  0.990255      0.41472832540403737    
  0.99026      0.4147323036178403    
  0.990265      0.4147362818483228    
  0.99027      0.41474026009550224    
  0.990275      0.41474423835935315    
  0.9902799999999999      0.41474821663990513    
  0.990285      0.4147521949371286    
  0.99029      0.41475617325105313    
  0.990295      0.41476015158165763    
  0.9903      0.414764129928954    
  0.990305      0.414768108292935    
  0.99031      0.4147720866736034    
  0.990315      0.4147760650709479    
  0.99032      0.4147800434849886    
  0.990325      0.4147840219157092    
  0.99033      0.4147880003631175    
  0.990335      0.41479197882721813    
  0.99034      0.41479595730799407    
  0.990345      0.4147999358054621    
  0.99035      0.4148039143196097    
  0.990355      0.41480789285044506    
  0.99036      0.41481187139795983    
  0.9903649999999999      0.41481584996215853    
  0.99037      0.4148198285430443    
  0.990375      0.4148238071406137    
  0.99038      0.4148277857548671    
  0.990385      0.41483176438579544    
  0.99039      0.4148357430334195    
  0.990395      0.4148397216977186    
  0.9904      0.4148437003787097    
  0.990405      0.41484767907637543    
  0.99041      0.4148516577907203    
  0.990415      0.41485563652175284    
  0.99042      0.4148596152694642    
  0.990425      0.4148635940338632    
  0.99043      0.4148675728149366    
  0.990435      0.41487155161269335    
  0.99044      0.41487553042713327    
  0.990445      0.41487950925825595    
  0.9904499999999999      0.4148834881060573    
  0.990455      0.4148874669705337    
  0.99046      0.4148914458516971    
  0.990465      0.4148954247495348    
  0.99047      0.4148994036640599    
  0.990475      0.41490338259525916    
  0.99048      0.4149073615431416    
  0.990485      0.41491134050770234    
  0.99049      0.4149153194889416    
  0.990495      0.4149192984868638    
  0.9904999999999999      0.4149232775014645    
  0.990505      0.4149272565327394    
  0.99051      0.4149312355807008    
  0.990515      0.4149352146453326    
  0.99052      0.4149391937266428    
  0.990525      0.41494317282463083    
  0.99053      0.41494715193929776    
  0.9905349999999999      0.4149511310706426    
  0.99054      0.4149551102186697    
  0.990545      0.4149590893833625    
  0.99055      0.4149630685647422    
  0.990555      0.41496704776279564    
  0.99056      0.41497102697752714    
  0.990565      0.4149750062089281    
  0.99057      0.4149789854570115    
  0.990575      0.41498296472176865    
  0.99058      0.4149869440031996    
  0.9905849999999999      0.41499092330131276    
  0.99059      0.4149949026161034    
  0.990595      0.4149988819475637    
  0.9906      0.41500286129569797    
  0.990605      0.415006840660514    
  0.99061      0.4150108200420034    
  0.990615      0.4150147994401622    
  0.99062      0.4150187788549863    
  0.990625      0.4150227582865007    
  0.99063      0.41502673773468385    
  0.990635      0.4150307171995365    
  0.99064      0.4150346966810711    
  0.990645      0.4150386761792747    
  0.99065      0.41504265569415555    
  0.990655      0.4150466352257055    
  0.99066      0.415050614773925    
  0.990665      0.41505459433881264    
  0.9906699999999999      0.41505857392039075    
  0.990675      0.41506255351863386    
  0.99068      0.4150665331335413    
  0.990685      0.4150705127651218    
  0.99069      0.41507449241337546    
  0.990695      0.4150784720783021    
  0.9907      0.4150824517599097    
  0.990705      0.41508643145817414    
  0.99071      0.41509041117311507    
  0.990715      0.41509439090472106    
  0.99072      0.41509837065300764    
  0.990725      0.41510235041795895    
  0.99073      0.4151063301995788    
  0.990735      0.4151103099978673    
  0.99074      0.41511428981283693    
  0.990745      0.41511826964446624    
  0.99075      0.4151222494927687    
  0.9907549999999999      0.41512622935773896    
  0.99076      0.41513020923937366    
  0.990765      0.4151341891376852    
  0.99077      0.415138169052665    
  0.990775      0.41514214898430046    
  0.99078      0.41514612893261643    
  0.990785      0.41515010889759707    
  0.99079      0.41515408887924543    
  0.990795      0.41515806887756607    
  0.9908      0.4151620488925424    
  0.990805      0.4151660289242037    
  0.99081      0.41517000897251566    
  0.990815      0.4151739890374963    
  0.99082      0.41517796911914867    
  0.990825      0.41518194921747337    
  0.99083      0.4151859293324536    
  0.990835      0.41518990946410955    
  0.9908399999999999      0.41519388961242526    
  0.990845      0.4151978697774044    
  0.99085      0.4152018499590557    
  0.990855      0.41520583015736623    
  0.99086      0.4152098103723446    
  0.990865      0.41521379060399044    
  0.99087      0.41521777085229583    
  0.990875      0.4152217511172729    
  0.99088      0.4152257313989091    
  0.990885      0.4152297116972127    
  0.9908899999999999      0.4152336920121795    
  0.990895      0.41523767234381403    
  0.9909      0.41524165269210356    
  0.990905      0.415245633057056    
  0.99091      0.41524961343867983    
  0.990915      0.41525359383696303    
  0.99092      0.41525757425190923    
  0.990925      0.4152615546835183    
  0.99093      0.41526553513179487    
  0.990935      0.41526951559673003    
  0.99094      0.41527349607831965    
  0.990945      0.41527747657658104    
  0.99095      0.41528145709149666    
  0.990955      0.41528543762308384    
  0.99096      0.41528941817132076    
  0.990965      0.41529339873622495    
  0.99097      0.4152973793177917    
  0.9909749999999999      0.41530135991601735    
  0.99098      0.41530534053090995    
  0.990985      0.41530932116244823    
  0.99099      0.41531330181066173    
  0.990995      0.4153172824755252    
  0.991      0.4153212631570553    
  0.991005      0.41532524385523967    
  0.99101      0.41532922457008675    
  0.991015      0.41533320530158785    
  0.99102      0.4153371860497598    
  0.991025      0.4153411668145812    
  0.99103      0.4153451475960609    
  0.991035      0.4153491283942074    
  0.99104      0.41535310920899954    
  0.991045      0.4153570900404577    
  0.99105      0.415361070888566    
  0.991055      0.4153650517533527    
  0.9910599999999999      0.41536903263478103    
  0.991065      0.41537301353287126    
  0.99107      0.41537699444761117    
  0.991075      0.415380975379009    
  0.99108      0.4153849563270647    
  0.991085      0.4153889372917862    
  0.99109      0.4153929182731575    
  0.991095      0.4153968992711821    
  0.9911      0.41540088028586863    
  0.991105      0.41540486131721327    
  0.99111      0.4154088423651984    
  0.991115      0.41541282342985786    
  0.99112      0.41541680451115814    
  0.991125      0.4154207856091244    
  0.99113      0.4154247667237359    
  0.991135      0.4154287478550085    
  0.99114      0.4154327290029344    
  0.9911449999999999      0.41543671016751804    
  0.99115      0.41544069134875466    
  0.991155      0.41544467254663636    
  0.99116      0.41544865376117923    
  0.991165      0.4154526349923794    
  0.99117      0.4154566162402288    
  0.991175      0.4154605975047307    
  0.99118      0.41546457878588583    
  0.991185      0.41546856008369365    
  0.99119      0.415472541398159    
  0.9911949999999999      0.41547652272925994    
  0.9912      0.4154805040770311    
  0.991205      0.4154844854414462    
  0.99121      0.4154884668225184    
  0.991215      0.4154924482202353    
  0.99122      0.41549642963460465    
  0.991225      0.4155004110656308    
  0.9912299999999999      0.41550439251330507    
  0.991235      0.4155083739776328    
  0.99124      0.41551235545860404    
  0.991245      0.41551633695623263    
  0.99125      0.4155203184705089    
  0.991255      0.4155243000014379    
  0.99126      0.41552828154901544    
  0.991265      0.415532263113241    
  0.99127      0.41553624469412287    
  0.991275      0.41554022629164455    
  0.9912799999999999      0.41554420790581886    
  0.991285      0.41554818953664524    
  0.99129      0.4155521711841155    
  0.991295      0.41555615284824204    
  0.9913      0.41556013452900004    
  0.991305      0.4155641162264225    
  0.99131      0.4155680979404929    
  0.991315      0.4155720796712071    
  0.99132      0.4155760614185651    
  0.991325      0.4155800431825751    
  0.99133      0.4155840249632329    
  0.991335      0.41558800676053004    
  0.99134      0.41559198857448304    
  0.991345      0.41559597040508367    
  0.99135      0.41559995225233215    
  0.991355      0.41560393411621954    
  0.99136      0.41560791599675107    
  0.9913649999999999      0.41561189789393793    
  0.99137      0.41561587980776843    
  0.991375      0.4156198617382337    
  0.99138      0.4156238436853507    
  0.991385      0.41562782564912315    
  0.99139      0.4156318076295309    
  0.991395      0.41563578962658126    
  0.9914      0.41563977164028354    
  0.991405      0.4156437536706204    
  0.99141      0.4156477357176047    
  0.991415      0.4156517177812359    
  0.99142      0.41565569986151424    
  0.991425      0.41565968195843583    
  0.99143      0.41566366407199606    
  0.991435      0.41566764620220326    
  0.99144      0.4156716283490495    
  0.991445      0.41567561051254226    
  0.9914499999999999      0.4156795926926739    
  0.991455      0.41568357488944807    
  0.99146      0.4156875571028734    
  0.991465      0.4156915393329332    
  0.99147      0.4156955215796314    
  0.991475      0.4156995038429761    
  0.99148      0.41570348612296393    
  0.991485      0.4157074684195897    
  0.99149      0.41571145073285437    
  0.991495      0.41571543306276926    
  0.9915      0.41571941540932295    
  0.991505      0.4157233977725058    
  0.99151      0.41572738015233995    
  0.991515      0.4157313625488122    
  0.99152      0.4157353449619228    
  0.991525      0.4157393273916752    
  0.99153      0.4157433098380697    
  0.9915349999999999      0.41574729230110297    
  0.99154      0.4157512747807654    
  0.991545      0.41575525727707824    
  0.99155      0.4157592397900169    
  0.991555      0.4157632223196139    
  0.99156      0.4157672048658366    
  0.991565      0.41577118742870084    
  0.99157      0.415775170008199    
  0.991575      0.41577915260433496    
  0.99158      0.41578313521711685    
  0.9915849999999999      0.4157871178465325    
  0.99159      0.4157911004925856    
  0.991595      0.41579508315527225    
  0.9916      0.4157990658346006    
  0.991605      0.41580304853056643    
  0.99161      0.41580703124316976    
  0.991615      0.4158110139724024    
  0.99162      0.41581499671827243    
  0.991625      0.41581897948078006    
  0.99163      0.4158229622599206    
  0.991635      0.41582694505570267    
  0.99164      0.41583092786812625    
  0.991645      0.41583491069716244    
  0.99165      0.4158388935428565    
  0.991655      0.41584287640517503    
  0.99166      0.4158468592841348    
  0.991665      0.4158508421797155    
  0.9916699999999999      0.4158548250919415    
  0.991675      0.4158588080208046    
  0.99168      0.41586279096629636    
  0.991685      0.415866773928421    
  0.99169      0.4158707569071781    
  0.991695      0.41587473990256824    
  0.9917      0.4158787229145995    
  0.991705      0.41588270594325494    
  0.99171      0.41588668898854747    
  0.991715      0.4158906720504681    
  0.99172      0.4158946551290218    
  0.991725      0.4158986382242163    
  0.99173      0.41590262133604294    
  0.991735      0.41590660446448974    
  0.99174      0.41591058760957345    
  0.991745      0.4159145707712851    
  0.99175      0.41591855394963756    
  0.9917549999999999      0.4159225371446139    
  0.99176      0.4159265203562185    
  0.991765      0.41593050358445577    
  0.99177      0.4159344868293328    
  0.991775      0.4159384700908343    
  0.99178      0.4159424533689594    
  0.991785      0.4159464366637254    
  0.99179      0.4159504199751064    
  0.991795      0.4159544033031361    
  0.9918      0.41595838664778567    
  0.991805      0.41596237000906267    
  0.99181      0.4159663533869639    
  0.991815      0.41597033678150497    
  0.99182      0.41597432019266545    
  0.991825      0.4159783036204619    
  0.99183      0.41598228706487805    
  0.991835      0.4159862705259299    
  0.9918399999999999      0.4159902540036094    
  0.991845      0.4159942374979083    
  0.99185      0.41599822100883876    
  0.991855      0.41600220453640063    
  0.99186      0.41600618808059026    
  0.991865      0.4160101716414075    
  0.99187      0.41601415521884344    
  0.991875      0.4160181388129069    
  0.99188      0.4160221224235934    
  0.991885      0.4160261060509239    
  0.9918899999999999      0.41603008969486077    
  0.991895      0.41603407335543746    
  0.9919      0.4160380570326288    
  0.991905      0.41604204072644746    
  0.99191      0.41604602443689304    
  0.991915      0.41605000816396576    
  0.99192      0.41605399190766135    
  0.991925      0.4160579756679839    
  0.99193      0.416061959444929    
  0.991935      0.41606594323850166    
  0.99194      0.4160699270486882    
  0.991945      0.41607391087550183    
  0.99195      0.4160778947189507    
  0.991955      0.4160818785790094    
  0.99196      0.4160858624556997    
  0.991965      0.4160898463490079    
  0.99197      0.41609383025894287    
  0.9919749999999999      0.41609781418549613    
  0.99198      0.4161017981286717    
  0.991985      0.41610578208847865    
  0.99199      0.41610976606489514    
  0.991995      0.4161137500579423    
  0.992      0.41611773406761166    
  0.992005      0.41612171809389514    
  0.99201      0.4161257021367966    
  0.992015      0.41612968619633306    
  0.99202      0.41613367027249126    
  0.992025      0.41613765436525935    
  0.99203      0.41614163847464575    
  0.992035      0.4161456226006622    
  0.99204      0.41614960674328816    
  0.992045      0.4161535909025487    
  0.99205      0.4161575750784188    
  0.992055      0.41616155927091075    
  0.9920599999999999      0.4161655434800204    
  0.992065      0.416169527705752    
  0.99207      0.4161735119481014    
  0.992075      0.41617749620707223    
  0.99208      0.41618148048266146    
  0.992085      0.4161854647748677    
  0.99209      0.41618944908369154    
  0.992095      0.41619343340912845    
  0.9921      0.4161974177511875    
  0.992105      0.416201402109872    
  0.99211      0.41620538648516564    
  0.992115      0.4162093708770724    
  0.99212      0.4162133552856094    
  0.992125      0.41621733971075087    
  0.99213      0.41622132415251784    
  0.992135      0.41622530861089807    
  0.99214      0.41622929308589546    
  0.9921449999999999      0.41623327757750145    
  0.99215      0.4162372620857414    
  0.992155      0.4162412466105778    
  0.99216      0.4162452311520312    
  0.992165      0.41624921571011375    
  0.99217      0.41625320028480106    
  0.992175      0.41625718487610164    
  0.99218      0.41626116948402664    
  0.992185      0.41626515410856074    
  0.99219      0.41626913874971955    
  0.9921949999999999      0.4162731234074747    
  0.9922      0.4162771080818465    
  0.992205      0.4162810927728437    
  0.99221      0.4162850774804489    
  0.992215      0.416289062204675    
  0.99222      0.4162930469454972    
  0.992225      0.41629703170295224    
  0.99223      0.4163010164770034    
  0.992235      0.41630500126767106    
  0.99224      0.416308986074955    
  0.992245      0.41631297089885116    
  0.99225      0.4163169557393559    
  0.992255      0.41632094059648067    
  0.99226      0.4163249254702136    
  0.992265      0.4163289103605589    
  0.99227      0.4163328952675122    
  0.992275      0.41633688019106907    
  0.9922799999999999      0.4163408651312547    
  0.992285      0.41634485008803995    
  0.99229      0.41634883506143733    
  0.992295      0.4163528200514422    
  0.9923      0.41635680505806744    
  0.992305      0.416360790081296    
  0.99231      0.4163647751211328    
  0.992315      0.41636876017758123    
  0.99232      0.416372745250637    
  0.992325      0.41637673034030875    
  0.99233      0.41638071544657607    
  0.992335      0.41638470056946286    
  0.99234      0.41638868570895726    
  0.992345      0.4163926708650634    
  0.99235      0.4163966560377768    
  0.992355      0.416400641227085    
  0.99236      0.4164046264330214    
  0.9923649999999999      0.41640861165554877    
  0.99237      0.4164125968946955    
  0.992375      0.41641658215044114    
  0.99238      0.41642056742280253    
  0.992385      0.41642455271176265    
  0.99239      0.4164285380173302    
  0.992395      0.4164325233395046    
  0.9924      0.4164365086782905    
  0.992405      0.41644049403367894    
  0.99241      0.41644447940568285    
  0.992415      0.41644846479428105    
  0.99242      0.4164524501994905    
  0.992425      0.4164564356213027    
  0.99243      0.41646042105971776    
  0.992435      0.41646440651473104    
  0.99244      0.41646839198636776    
  0.992445      0.41647237747460303    
  0.9924499999999999      0.41647636297943647    
  0.992455      0.4164803485008768    
  0.99246      0.41648433403892804    
  0.992465      0.41648831959356925    
  0.99247      0.41649230516482527    
  0.992475      0.41649629075268335    
  0.99248      0.4165002763571443    
  0.992485      0.41650426197820706    
  0.99249      0.41650824761587235    
  0.992495      0.41651223327014447    
  0.9924999999999999      0.41651621894100993    
  0.992505      0.4165202046284902    
  0.99251      0.4165241903325644    
  0.992515      0.41652817605324066    
  0.99252      0.41653216179051894    
  0.992525      0.4165361475444031    
  0.99253      0.4165401333148856    
  0.992535      0.41654411910197015    
  0.99254      0.416548104905656    
  0.992545      0.4165520907259444    
  0.99255      0.4165560765628302    
  0.992555      0.41656006241631777    
  0.99256      0.4165640482864028    
  0.992565      0.41656803417308597    
  0.99257      0.41657202007637484    
  0.992575      0.41657600599626515    
  0.99258      0.41657999193275314    
  0.992585      0.4165839778858347    
  0.99259      0.4165879638555257    
  0.992595      0.4165919498418058    
  0.9926      0.41659593584469196    
  0.992605      0.41659992186417494    
  0.99261      0.416603907900247    
  0.992615      0.41660789395293324    
  0.99262      0.4166118800222039    
  0.992625      0.4166158661080801    
  0.99263      0.41661985221054965    
  0.992635      0.4166238383296243    
  0.99264      0.41662782446529195    
  0.992645      0.41663181061754445    
  0.99265      0.41663579678640994    
  0.992655      0.4166397829718645    
  0.99266      0.41664376917392465    
  0.992665      0.41664775539257276    
  0.99267      0.4166517416278181    
  0.992675      0.41665572787966004    
  0.99268      0.416659714148099    
  0.992685      0.4166637004331261    
  0.99269      0.4166676867347587    
  0.992695      0.4166716730529794    
  0.9927      0.4166756593877964    
  0.992705      0.41667964573920646    
  0.99271      0.4166836321072213    
  0.992715      0.41668761849182423    
  0.99272      0.4166916048930198    
  0.992725      0.4166955913108114    
  0.99273      0.41669957774519556    
  0.992735      0.41670356419617177    
  0.99274      0.41670755066373605    
  0.992745      0.41671153714790127    
  0.99275      0.41671552364866254    
  0.9927549999999999      0.4167195101660076    
  0.99276      0.4167234966999571    
  0.992765      0.4167274832504905    
  0.99277      0.4167314698176158    
  0.992775      0.4167354564013289    
  0.99278      0.41673944300164256    
  0.992785      0.41674342961855226    
  0.99279      0.4167474162520449    
  0.992795      0.4167514029021299    
  0.9928      0.41675538956880687    
  0.992805      0.41675937625207543    
  0.99281      0.41676336295193117    
  0.992815      0.4167673496683745    
  0.99282      0.416771336401414    
  0.992825      0.41677532315104937    
  0.99283      0.41677930991726764    
  0.992835      0.4167832967000737    
  0.99284      0.41678728349947924    
  0.992845      0.4167912703154557    
  0.99285      0.4167952571480362    
  0.992855      0.4167992439972038    
  0.99286      0.4168032308629666    
  0.992865      0.41680721774530893    
  0.99287      0.416811204644238    
  0.992875      0.4168151915597626    
  0.99288      0.41681917849187433    
  0.992885      0.41682316544056075    
  0.99289      0.41682715240584195    
  0.992895      0.41683113938771893    
  0.9929      0.4168351263861786    
  0.992905      0.4168391134012251    
  0.99291      0.41684310043285877    
  0.992915      0.416847087481079    
  0.99292      0.4168510745458779    
  0.992925      0.41685506162727587    
  0.99293      0.4168590487252563    
  0.992935      0.416863035839824    
  0.99294      0.41686702297096967    
  0.992945      0.4168710101187016    
  0.99295      0.41687499728302485    
  0.992955      0.4168789844639303    
  0.99296      0.4168829716614182    
  0.992965      0.41688695887549254    
  0.99297      0.4168909461061573    
  0.992975      0.41689493335340483    
  0.99298      0.4168989206172381    
  0.992985      0.4169029078976416    
  0.99299      0.4169068951946396    
  0.992995      0.4169108825082235    
  0.993      0.4169148698383901    
  0.993005      0.41691885718513455    
  0.99301      0.41692284454846884    
  0.993015      0.416926831928377    
  0.99302      0.4169308193248757    
  0.993025      0.4169348067379605    
  0.99303      0.41693879416761853    
  0.993035      0.4169427816138543    
  0.99304      0.41694676907668454    
  0.993045      0.4169507565560836    
  0.99305      0.4169547440520776    
  0.993055      0.4169587315646402    
  0.99306      0.4169627190937933    
  0.993065      0.4169667066395233    
  0.99307      0.416970694201848    
  0.993075      0.41697468178073305    
  0.99308      0.4169786693762125    
  0.993085      0.41698265698826054    
  0.99309      0.41698664461689416    
  0.993095      0.41699063226210975    
  0.9931      0.41699461992390213    
  0.993105      0.4169986076022677    
  0.99311      0.417002595297227    
  0.993115      0.4170065830087594    
  0.99312      0.41701057073686887    
  0.993125      0.41701455848154684    
  0.99313      0.41701854624282697    
  0.993135      0.417022534020663    
  0.99314      0.4170265218150889    
  0.993145      0.41703050962609556    
  0.99315      0.4170344974536711    
  0.993155      0.4170384852978236    
  0.99316      0.4170424731585606    
  0.993165      0.417046461035871    
  0.99317      0.4170504489297574    
  0.993175      0.41705443684022536    
  0.99318      0.4170584247672651    
  0.993185      0.41706241271087374    
  0.99319      0.4170664006710713    
  0.993195      0.41707038864784135    
  0.9932      0.41707437664118346    
  0.993205      0.41707836465111087    
  0.99321      0.41708235267760607    
  0.993215      0.41708634072067347    
  0.99322      0.4170903287803217    
  0.993225      0.41709431685654197    
  0.99323      0.4170983049493386    
  0.993235      0.4171022930587156    
  0.99324      0.41710628118465254    
  0.993245      0.41711026932717776    
  0.99325      0.41711425748626674    
  0.993255      0.41711824566193223    
  0.99326      0.41712223385417374    
  0.993265      0.4171262220629744    
  0.99327      0.4171302102883724    
  0.993275      0.41713419853033334    
  0.99328      0.4171381867888625    
  0.993285      0.41714217506395873    
  0.99329      0.41714616335564764    
  0.993295      0.41715015166388775    
  0.9933      0.4171541399887075    
  0.993305      0.4171581283301074    
  0.99331      0.41716211668807085    
  0.993315      0.4171661050626012    
  0.99332      0.4171700934537076    
  0.993325      0.4171740818613856    
  0.99333      0.4171780702856389    
  0.993335      0.41718205872645553    
  0.99334      0.41718604718385194    
  0.993345      0.41719003565780305    
  0.99335      0.41719402414833767    
  0.993355      0.41719801265543155    
  0.99336      0.41720200117910455    
  0.993365      0.41720598971934075    
  0.99337      0.4172099782761523    
  0.993375      0.4172139668495348    
  0.99338      0.4172179554394721    
  0.993385      0.4172219440459885    
  0.99339      0.4172259326690762    
  0.993395      0.4172299213087265    
  0.9934      0.4172339099649479    
  0.993405      0.41723789863772726    
  0.99341      0.4172418873270905    
  0.993415      0.4172458760330078    
  0.99342      0.41724986475550024    
  0.993425      0.4172538534945509    
  0.99343      0.41725784225018053    
  0.993435      0.4172618310223685    
  0.99344      0.4172658198111316    
  0.993445      0.41726980861645246    
  0.9934499999999999      0.4172737974383484    
  0.993455      0.4172777862767984    
  0.99346      0.41728177513182274    
  0.993465      0.41728576400341366    
  0.99347      0.4172897528915669    
  0.993475      0.417293741796282    
  0.99348      0.4172977307175718    
  0.993485      0.4173017196554154    
  0.99349      0.4173057086098293    
  0.993495      0.4173096975808053    
  0.9935      0.4173136865683432    
  0.993505      0.41731767557245125    
  0.99351      0.4173216645931256    
  0.993515      0.41732565363034896    
  0.99352      0.41732964268415496    
  0.993525      0.4173336317545108    
  0.99353      0.41733762084143616    
  0.993535      0.4173416099449194    
  0.99354      0.4173455990649684    
  0.993545      0.41734958820158313    
  0.99355      0.4173535773547553    
  0.993555      0.4173575665244891    
  0.99356      0.41736155571078876    
  0.993565      0.41736554491364986    
  0.99357      0.41736953413307637    
  0.993575      0.4173735233690607    
  0.99358      0.4173775126216018    
  0.993585      0.41738150189070405    
  0.99359      0.4173854911763721    
  0.993595      0.41738948047860147    
  0.9936      0.41739346979738834    
  0.993605      0.4173974591327358    
  0.99361      0.4174014484846406    
  0.993615      0.41740543785311063    
  0.99362      0.41740942723813773    
  0.993625      0.4174134166397217    
  0.99363      0.41741740605787064    
  0.993635      0.4174213954925684    
  0.99364      0.4174253849438312    
  0.993645      0.41742937441166367    
  0.99365      0.41743336389603986    
  0.993655      0.4174373533969813    
  0.99366      0.4174413429144754    
  0.993665      0.41744533244853876    
  0.99367      0.41744932199914986    
  0.993675      0.4174533115663139    
  0.99368      0.41745730115005086    
  0.993685      0.41746129075033583    
  0.99369      0.4174652803671776    
  0.993695      0.417469270000576    
  0.9937      0.4174732596505303    
  0.993705      0.4174772493170493    
  0.99371      0.4174812390001128    
  0.993715      0.4174852286997362    
  0.99372      0.417489218415916    
  0.993725      0.41749320814864793    
  0.99373      0.4174971978979442    
  0.993735      0.4175011876637974    
  0.99374      0.41750517744619337    
  0.993745      0.4175091672451499    
  0.99375      0.4175131570606665    
  0.9937549999999999      0.4175171468927392    
  0.99376      0.4175211367413556    
  0.993765      0.41752512660652796    
  0.99377      0.41752911648825564    
  0.993775      0.4175331063865355    
  0.99378      0.4175370963013715    
  0.993785      0.41754108623276287    
  0.99379      0.417545076180702    
  0.993795      0.4175490661452009    
  0.9938      0.41755305612624305    
  0.993805      0.4175570461238491    
  0.99381      0.41756103613799816    
  0.993815      0.4175650261687076    
  0.99382      0.417569016215968    
  0.993825      0.41757300627976707    
  0.99383      0.41757699636013046    
  0.993835      0.417580986457045    
  0.99384      0.4175849765705106    
  0.993845      0.4175889667005273    
  0.99385      0.41759295684709163    
  0.993855      0.4175969470102066    
  0.99386      0.41760093718987285    
  0.993865      0.4176049273860945    
  0.99387      0.4176089175988545    
  0.993875      0.4176129078281659    
  0.99388      0.41761689807403635    
  0.993885      0.41762088833645794    
  0.99389      0.41762487861542613    
  0.993895      0.417628868910933    
  0.9939      0.4176328592229942    
  0.993905      0.4176368495516152    
  0.99391      0.41764083989677414    
  0.993915      0.41764483025847965    
  0.99392      0.417648820636732    
  0.993925      0.4176528110315428    
  0.99393      0.41765680144290074    
  0.993935      0.41766079187079663    
  0.99394      0.41766478231524307    
  0.993945      0.4176687727762442    
  0.99395      0.4176727632537833    
  0.993955      0.41767675374786417    
  0.99396      0.4176807442585004    
  0.993965      0.41768473478569085    
  0.99397      0.41768872532941903    
  0.993975      0.41769271588968937    
  0.99398      0.4176967064665099    
  0.993985      0.41770069705987223    
  0.99399      0.4177046876697891    
  0.993995      0.417708678296248    
  0.994      0.41771266893924874    
  0.994005      0.41771665959879534    
  0.99401      0.417720650274892    
  0.994015      0.41772464096752193    
  0.99402      0.4177286316767022    
  0.994025      0.417732622402428    
  0.99403      0.41773661314469945    
  0.994035      0.41774060390351303    
  0.99404      0.4177445946788636    
  0.994045      0.4177485854707598    
  0.99405      0.4177525762792019    
  0.994055      0.4177565671041855    
  0.9940599999999999      0.4177605579457186    
  0.994065      0.41776454880378905    
  0.99407      0.4177685396783968    
  0.994075      0.4177725305695495    
  0.99408      0.41777652147725186    
  0.994085      0.4177805124014877    
  0.99409      0.41778450334227685    
  0.994095      0.4177884942996033    
  0.9941      0.41779248527345814    
  0.994105      0.41779647626386673    
  0.99411      0.41780046727081216    
  0.994115      0.4178044582942985    
  0.99412      0.4178084493343301    
  0.994125      0.4178124403908942    
  0.99413      0.41781643146399133    
  0.994135      0.41782042255364543    
  0.99414      0.41782441365983664    
  0.994145      0.417828404782556    
  0.99415      0.4178323959218163    
  0.994155      0.41783638707762527    
  0.99416      0.41784037824997533    
  0.994165      0.4178443694388494    
  0.99417      0.41784836064427644    
  0.994175      0.4178523518662318    
  0.99418      0.4178563431047401    
  0.994185      0.4178603343597766    
  0.99419      0.41786432563134507    
  0.994195      0.41786831691945003    
  0.9942      0.4178723082241036    
  0.994205      0.41787629954528915    
  0.99421      0.4178802908830074    
  0.994215      0.4178842822372736    
  0.99422      0.41788827360806374    
  0.994225      0.417892264995398    
  0.99423      0.4178962563992688    
  0.994235      0.4179002478196793    
  0.99424      0.4179042392566135    
  0.994245      0.4179082307100922    
  0.99425      0.4179122221801068    
  0.994255      0.41791621366665693    
  0.99426      0.41792020516973066    
  0.994265      0.4179241966893531    
  0.99427      0.41792818822550665    
  0.994275      0.41793217977818786    
  0.99428      0.41793617134740874    
  0.994285      0.4179401629331652    
  0.99429      0.4179441545354577    
  0.994295      0.4179481461542816    
  0.9943      0.41795213778963247    
  0.994305      0.41795612944151905    
  0.99431      0.41796012110994957    
  0.994315      0.4179641127948986    
  0.99432      0.4179681044963876    
  0.994325      0.4179720962144159    
  0.99433      0.41797608794896696    
  0.994335      0.41798007970005363    
  0.99434      0.4179840714676715    
  0.994345      0.41798806325182425    
  0.99435      0.41799205505250453    
  0.994355      0.41799604686971953    
  0.99436      0.4180000387034659    
  0.994365      0.41800403055373425    
  0.99437      0.41800802242053814    
  0.994375      0.41801201430387724    
  0.99438      0.41801600620374263    
  0.994385      0.41801999812014723    
  0.99439      0.41802399005307467    
  0.994395      0.41802798200253255    
  0.9944      0.4180319739685214    
  0.994405      0.41803596595104076    
  0.99441      0.4180399579500905    
  0.994415      0.41804394996566324    
  0.99442      0.4180479419977698    
  0.994425      0.4180519340464033    
  0.99443      0.418055926111559    
  0.994435      0.41805991819324523    
  0.99444      0.4180639102914698    
  0.994445      0.4180679024062171    
  0.99445      0.4180718945374857    
  0.994455      0.4180758866852934    
  0.99446      0.4180798788496233    
  0.994465      0.4180838710304829    
  0.99447      0.41808786322786456    
  0.994475      0.4180918554417726    
  0.99448      0.4180958476722147    
  0.994485      0.41809983991917443    
  0.99449      0.4181038321826601    
  0.994495      0.41810782446268413    
  0.9945      0.41811181675922154    
  0.994505      0.4181158090722891    
  0.99451      0.41811980140188243    
  0.994515      0.41812379374799713    
  0.99452      0.41812778611065043    
  0.994525      0.41813177848981226    
  0.99453      0.41813577088550413    
  0.994535      0.4181397632977299    
  0.99454      0.41814375572646434    
  0.994545      0.41814774817172917    
  0.99455      0.4181517406335232    
  0.994555      0.4181557331118305    
  0.99456      0.4181597256066797    
  0.994565      0.41816371811803765    
  0.99457      0.4181677106459208    
  0.994575      0.41817170319032954    
  0.99458      0.41817569575125535    
  0.994585      0.41817968832871016    
  0.99459      0.41818368092268227    
  0.994595      0.4181876735331878    
  0.9946      0.41819166616020154    
  0.994605      0.41819565880374915    
  0.99461      0.41819965146381327    
  0.994615      0.41820364414039446    
  0.99462      0.4182076368334964    
  0.994625      0.4182116295431271    
  0.99463      0.41821562226927067    
  0.994635      0.4182196150119348    
  0.99464      0.41822360777112794    
  0.994645      0.41822760054683794    
  0.99465      0.41823159333907217    
  0.994655      0.41823558614781897    
  0.99466      0.4182395789730824    
  0.994665      0.41824357181487476    
  0.99467      0.41824756467318713    
  0.994675      0.4182515575480123    
  0.99468      0.41825555043935736    
  0.994685      0.4182595433472148    
  0.99469      0.4182635362716088    
  0.994695      0.4182675292125031    
  0.9947      0.4182715221699294    
  0.994705      0.418275515143864    
  0.99471      0.41827950813431464    
  0.994715      0.41828350114128543    
  0.99472      0.41828749416478433    
  0.994725      0.4182914872047912    
  0.99473      0.4182954802613178    
  0.994735      0.41829947333436096    
  0.99474      0.41830346642391963    
  0.994745      0.4183074595299899    
  0.99475      0.4183114526525802    
  0.994755      0.41831544579169444    
  0.99476      0.4183194389473122    
  0.994765      0.4183234321194498    
  0.99477      0.41832742530810685    
  0.994775      0.4183314185132755    
  0.99478      0.4183354117349599    
  0.994785      0.4183394049731553    
  0.99479      0.41834339822787936    
  0.994795      0.41834739149911    
  0.9948      0.41835138478684414    
  0.994805      0.418355378091114    
  0.99481      0.41835937141188245    
  0.994815      0.41836336474915864    
  0.99482      0.41836735810296183    
  0.994825      0.41837135147327653    
  0.99483      0.418375344860094    
  0.994835      0.41837933826343476    
  0.99484      0.4183833316832948    
  0.994845      0.41838732511965776    
  0.99485      0.4183913185725316    
  0.994855      0.4183953120419204    
  0.99486      0.41839930552782006    
  0.994865      0.41840329903023465    
  0.99487      0.4184072925491521    
  0.994875      0.4184112860846006    
  0.99488      0.4184152796365432    
  0.994885      0.4184192732049969    
  0.99489      0.4184232667899651    
  0.994895      0.41842726039144806    
  0.9949      0.4184312540094419    
  0.994905      0.41843524764393797    
  0.99491      0.41843924129494847    
  0.994915      0.4184432349624692    
  0.99492      0.41844722864650075    
  0.994925      0.4184512223470343    
  0.99493      0.41845521606408204    
  0.994935      0.41845920979764506    
  0.99494      0.4184632035477174    
  0.994945      0.4184671973142883    
  0.99495      0.4184711910973691    
  0.994955      0.41847518489696844    
  0.99496      0.4184791787130654    
  0.994965      0.4184831725456768    
  0.99497      0.41848716639479816    
  0.994975      0.4184911602604174    
  0.99498      0.41849515414255467    
  0.994985      0.41849914804119387    
  0.99499      0.4185031419563343    
  0.994995      0.41850713588798916    
  0.995      0.4185111298361453    
  0.995005      0.41851512380081135    
  0.99501      0.4185191177819916    
  0.995015      0.4185231117796647    
  0.99502      0.4185271057938561    
  0.995025      0.4185310998245363    
  0.99503      0.41853509387173876    
  0.995035      0.418539087935434    
  0.99504      0.41854308201564316    
  0.995045      0.4185470761123535    
  0.99505      0.418551070225565    
  0.995055      0.41855506435529033    
  0.9950600000000001      0.41855905850151254    
  0.995065      0.4185630526642399    
  0.99507      0.4185670468434765    
  0.995075      0.4185710410392103    
  0.99508      0.41857503525145334    
  0.995085      0.4185790294801975    
  0.99509      0.4185830237254425    
  0.995095      0.41858701798719644    
  0.9951      0.41859101226544315    
  0.995105      0.4185950065602031    
  0.99511      0.4185990008714559    
  0.995115      0.41860299519921707    
  0.99512      0.41860698954347114    
  0.995125      0.41861098390424256    
  0.99513      0.41861497828150995    
  0.995135      0.41861897267527437    
  0.99514      0.41862296708554314    
  0.9951450000000001      0.41862696151231277    
  0.99515      0.41863095595558264    
  0.995155      0.41863495041534887    
  0.99516      0.4186389448916282    
  0.995165      0.41864293938439545    
  0.99517      0.4186469338936712    
  0.995175      0.41865092841943075    
  0.99518      0.41865492296170714    
  0.995185      0.41865891752047585    
  0.99519      0.41866291209574413    
  0.995195      0.4186669066875174    
  0.9952      0.4186709012957821    
  0.995205      0.4186748959205471    
  0.99521      0.4186788905618204    
  0.995215      0.4186828852195855    
  0.99522      0.41868687989383824    
  0.995225      0.4186908745846074    
  0.9952300000000001      0.4186948692918599    
  0.995235      0.41869886401562073    
  0.99524      0.4187028587558692    
  0.995245      0.4187068535126213    
  0.99525      0.41871084828586475    
  0.995255      0.41871484307560436    
  0.99526      0.4187188378818517    
  0.995265      0.4187228327045904    
  0.99527      0.41872682754381624    
  0.995275      0.41873082239954174    
  0.99528      0.4187348172717756    
  0.995285      0.41873881216048753    
  0.99529      0.41874280706571193    
  0.995295      0.41874680198742337    
  0.9953      0.4187507969256339    
  0.995305      0.41875479188033177    
  0.99531      0.41875878685152484    
  0.995315      0.41876278183922105    
  0.99532      0.4187667768434001    
  0.995325      0.4187707718640868    
  0.99533      0.41877476690125626    
  0.995335      0.4187787619549247    
  0.99534      0.41878275702508394    
  0.995345      0.4187867521117386    
  0.99535      0.41879074721487936    
  0.995355      0.4187947423345238    
  0.99536      0.4187987374706584    
  0.995365      0.4188027326232885    
  0.99537      0.4188067277923964    
  0.995375      0.4188107229780116    
  0.99538      0.41881471818011745    
  0.995385      0.4188187133987053    
  0.99539      0.4188227086337878    
  0.995395      0.4188267038853736    
  0.9954      0.4188306991534414    
  0.995405      0.41883469443799975    
  0.99541      0.418838689739044    
  0.995415      0.41884268505658695    
  0.99542      0.41884668039062045    
  0.995425      0.41885067574113966    
  0.99543      0.4188546711081535    
  0.995435      0.4188586664916489    
  0.99544      0.4188626618916431    
  0.995445      0.41886665730812334    
  0.9954500000000001      0.41887065274108914    
  0.995455      0.41887464819055786    
  0.99546      0.4188786436564954    
  0.995465      0.4188826391389398    
  0.99547      0.41888663463786585    
  0.995475      0.4188906301532821    
  0.99548      0.4188946256851836    
  0.995485      0.4188986212335667    
  0.99549      0.4189026167984484    
  0.995495      0.4189066123798193    
  0.9955      0.41891060797767177    
  0.995505      0.4189146035920014    
  0.99551      0.4189185992228333    
  0.995515      0.41892259487015077    
  0.99552      0.41892659053394504    
  0.995525      0.4189305862142374    
  0.99553      0.4189345819110024    
  0.9955350000000001      0.41893857762426967    
  0.99554      0.4189425733540057    
  0.995545      0.4189465691002392    
  0.99555      0.41895056486296234    
  0.995555      0.4189545606421619    
  0.99556      0.4189585564378386    
  0.995565      0.4189625522500128    
  0.99557      0.4189665480786724    
  0.995575      0.41897054392381244    
  0.99558      0.4189745397854378    
  0.995585      0.4189785356635479    
  0.99559      0.41898253155813897    
  0.995595      0.4189865274692147    
  0.9956      0.4189905233967759    
  0.995605      0.4189945193408172    
  0.99561      0.4189985153013477    
  0.995615      0.4190025112783503    
  0.99562      0.4190065072718503    
  0.995625      0.4190105032818225    
  0.99563      0.41901449930828777    
  0.995635      0.4190184953512168    
  0.99564      0.4190224914106385    
  0.995645      0.4190264874865448    
  0.99565      0.4190304835789236    
  0.995655      0.4190344796877948    
  0.99566      0.4190384758131383    
  0.995665      0.4190424719549699    
  0.99567      0.4190464681132779    
  0.995675      0.4190504642880746    
  0.99568      0.41905446047934264    
  0.995685      0.4190584566870913    
  0.99569      0.4190624529113239    
  0.995695      0.4190664491520405    
  0.9957      0.419070445409225    
  0.995705      0.41907444168289326    
  0.99571      0.4190784379730462    
  0.995715      0.4190824342796744    
  0.99572      0.41908643060278267    
  0.995725      0.41909042694237103    
  0.99573      0.4190944232984303    
  0.995735      0.4190984196709738    
  0.99574      0.41910241605998894    
  0.995745      0.4191064124654917    
  0.99575      0.4191104088874662    
  0.9957550000000001      0.4191144053259242    
  0.99576      0.41911840178085324    
  0.995765      0.4191223982522665    
  0.99577      0.41912639474015084    
  0.995775      0.4191303912445061    
  0.99578      0.4191343877653495    
  0.995785      0.4191383843026635    
  0.99579      0.419142380856457    
  0.995795      0.41914637742672217    
  0.9958      0.4191503740134701    
  0.995805      0.4191543706166849    
  0.99581      0.41915836723638783    
  0.995815      0.41916236387254885    
  0.99582      0.4191663605251972    
  0.995825      0.4191703571943204    
  0.99583      0.4191743538799104    
  0.995835      0.41917835058198777    
  0.9958400000000001      0.41918234730051507    
  0.995845      0.41918634403554256    
  0.99585      0.41919034078702744    
  0.995855      0.41919433755500013    
  0.99586      0.4191983343394391    
  0.995865      0.41920233114034844    
  0.99587      0.41920632795772833    
  0.995875      0.41921032479158704    
  0.99588      0.41921432164191624    
  0.995885      0.41921831850872854    
  0.99589      0.4192223153919941    
  0.995895      0.41922631229174284    
  0.9959      0.41923030920796595    
  0.995905      0.419234306140655    
  0.99591      0.4192383030898186    
  0.995915      0.4192423000554605    
  0.99592      0.4192462970375602    
  0.9959250000000001      0.41925029403613834    
  0.99593      0.41925429105118234    
  0.995935      0.4192582880826965    
  0.99594      0.41926228513068453    
  0.995945      0.4192662821951471    
  0.99595      0.41927027927607924    
  0.995955      0.4192742763734774    
  0.99596      0.41927827348734553    
  0.995965      0.41928227061767914    
  0.99597      0.41928626776449107    
  0.995975      0.4192902649277682    
  0.99598      0.41929426210751086    
  0.995985      0.41929825930372355    
  0.99599      0.4193022565164059    
  0.995995      0.41930625374554953    
  0.996      0.41931025099117925    
  0.996005      0.4193142482532622    
  0.99601      0.41931824553181446    
  0.996015      0.4193222428268318    
  0.99602      0.4193262401383271    
  0.996025      0.41933023746627507    
  0.99603      0.4193342348107051    
  0.996035      0.4193382321715919    
  0.99604      0.4193422295489479    
  0.996045      0.4193462269427736    
  0.99605      0.4193502243530555    
  0.996055      0.4193542217798149    
  0.9960600000000001      0.41935821922303596    
  0.996065      0.41936221668272133    
  0.99607      0.4193662141588757    
  0.996075      0.4193702116514912    
  0.99608      0.41937420916057555    
  0.996085      0.41937820668612036    
  0.99609      0.4193822042281301    
  0.996095      0.41938620178660896    
  0.9961      0.41939019936154837    
  0.996105      0.4193941969529482    
  0.99611      0.4193981945608209    
  0.996115      0.4194021921851543    
  0.99612      0.41940618982594785    
  0.996125      0.419410187483202    
  0.99613      0.4194141851569289    
  0.996135      0.41941818284710786    
  0.99614      0.41942218055375524    
  0.9961450000000001      0.4194261782768634    
  0.99615      0.41943017601643956    
  0.996155      0.4194341737724719    
  0.99616      0.4194381715449645    
  0.996165      0.41944216933392947    
  0.99617      0.4194461671393503    
  0.996175      0.4194501649612231    
  0.99618      0.41945416279956405    
  0.996185      0.41945816065437774    
  0.99619      0.4194621585256303    
  0.996195      0.4194661564133636    
  0.9962      0.41947015431754003    
  0.996205      0.4194741522381889    
  0.99621      0.4194781501752975    
  0.996215      0.4194821481288535    
  0.99622      0.4194861460988815    
  0.996225      0.41949014408536955    
  0.9962300000000001      0.4194941420883042    
  0.996235      0.41949814010770753    
  0.99624      0.4195021381435739    
  0.996245      0.4195061361958919    
  0.99625      0.41951013426467376    
  0.996255      0.4195141323499019    
  0.99626      0.4195181304515982    
  0.996265      0.4195221285697457    
  0.99627      0.41952612670436107    
  0.996275      0.4195301248554268    
  0.99628      0.4195341230229523    
  0.996285      0.4195381212069373    
  0.99629      0.41954211940737285    
  0.996295      0.4195461176242671    
  0.9963      0.4195501158576131    
  0.996305      0.41955411410742616    
  0.99631      0.419558112373694    
  0.996315      0.41956211065641275    
  0.99632      0.41956610895558655    
  0.996325      0.419570107271219    
  0.99633      0.4195741056033106    
  0.996335      0.41957810395184036    
  0.99634      0.4195821023168456    
  0.996345      0.41958610069829694    
  0.99635      0.4195900990961988    
  0.996355      0.4195940975105641    
  0.99636      0.4195980959413751    
  0.9963650000000001      0.4196020943886456    
  0.99637      0.4196060928523694    
  0.996375      0.4196100913325485    
  0.99638      0.41961408982917353    
  0.996385      0.4196180883422614    
  0.99639      0.4196220868717951    
  0.996395      0.41962608541778734    
  0.9964      0.41963008398022555    
  0.996405      0.4196340825591221    
  0.99641      0.419638081154469    
  0.996415      0.41964207976626583    
  0.99642      0.419646078394517    
  0.996425      0.41965007703921803    
  0.99643      0.41965407570036883    
  0.996435      0.4196580743779819    
  0.99644      0.419662073072037    
  0.996445      0.4196660717825413    
  0.9964500000000001      0.4196700705095037    
  0.996455      0.41967406925290407    
  0.99646      0.41967806801277024    
  0.996465      0.41968206678907805    
  0.99647      0.4196860655818352    
  0.996475      0.4196900643910463    
  0.99648      0.4196940632166987    
  0.996485      0.4196980620588092    
  0.99649      0.4197020609173688    
  0.996495      0.41970605979236947    
  0.9965      0.41971005868382816    
  0.996505      0.4197140575917322    
  0.99651      0.419718056516077    
  0.996515      0.41972205545687546    
  0.99652      0.41972605441413147    
  0.996525      0.41973005338782843    
  0.99653      0.4197340523779706    
  0.9965350000000001      0.41973805138456166    
  0.99654      0.41974205040759377    
  0.996545      0.41974604944707894    
  0.99655      0.41975004850300934    
  0.996555      0.4197540475753972    
  0.99656      0.41975804666422134    
  0.996565      0.4197620457694904    
  0.99657      0.4197660448912038    
  0.996575      0.4197700440293707    
  0.99658      0.4197740431839782    
  0.996585      0.41977804235503435    
  0.99659      0.4197820415425394    
  0.996595      0.41978604074648496    
  0.9966      0.4197900399668706    
  0.996605      0.4197940392037055    
  0.99661      0.41979803845698443    
  0.996615      0.4198020377266997    
  0.9966200000000001      0.419806037012872    
  0.996625      0.4198100363154845    
  0.99663      0.41981403563454084    
  0.996635      0.41981803497004216    
  0.99664      0.4198220343219834    
  0.996645      0.4198260336903645    
  0.99665      0.41983003307519856    
  0.996655      0.41983403247646406    
  0.99666      0.41983803189418223    
  0.996665      0.4198420313283401    
  0.9966700000000001      0.4198460307789378    
  0.996675      0.4198500302459757    
  0.99668      0.41985402972946995    
  0.996685      0.41985802922938736    
  0.99669      0.41986202874575695    
  0.996695      0.4198660282785583    
  0.9967      0.41987002782780336    
  0.996705      0.41987402739350055    
  0.99671      0.4198780269756288    
  0.996715      0.41988202657419305    
  0.99672      0.41988602618921295    
  0.996725      0.41989002582065615    
  0.99673      0.4198940254685551    
  0.996735      0.4198980251328815    
  0.99674      0.4199020248136467    
  0.996745      0.41990602451086    
  0.99675      0.4199100242245046    
  0.9967550000000001      0.4199140239545881    
  0.99676      0.4199180237011234    
  0.996765      0.4199220234640856    
  0.99677      0.4199260232434871    
  0.996775      0.419930023039328    
  0.99678      0.41993402285160325    
  0.996785      0.41993802268032643    
  0.99679      0.4199420225254801    
  0.996795      0.41994602238706896    
  0.9968      0.41995002226510497    
  0.996805      0.4199540221595671    
  0.99681      0.4199580220704641    
  0.996815      0.4199620219978045    
  0.99682      0.41996602194158406    
  0.996825      0.4199700219017894    
  0.99683      0.41997402187843774    
  0.996835      0.419978021871525    
  0.9968400000000001      0.41998202188104283    
  0.996845      0.41998602190700723    
  0.99685      0.4199900219493859    
  0.996855      0.4199940220082152    
  0.99686      0.41999802208347936    
  0.996865      0.4200020221751731    
  0.99687      0.4200060222833016    
  0.996875      0.42001002240786    
  0.99688      0.42001402254886144    
  0.996885      0.4200180227062969    
  0.99689      0.4200220228801582    
  0.996895      0.42002602307046627    
  0.9969      0.42003002327719985    
  0.996905      0.42003402350036373    
  0.99691      0.4200380237399534    
  0.996915      0.4200420239959851    
  0.99692      0.42004602426844667    
  0.9969250000000001      0.4200500245573427    
  0.99693      0.42005402486267646    
  0.996935      0.4200580251844403    
  0.99694      0.4200620255226291    
  0.996945      0.4200660258772518    
  0.99695      0.4200700262483129    
  0.996955      0.42007402663579496    
  0.99696      0.42007802703971503    
  0.996965      0.4200820274600603    
  0.99697      0.42008602789684346    
  0.9969750000000001      0.42009002835004783    
  0.99698      0.4200940288196855    
  0.996985      0.420098029305757    
  0.99699      0.4201020298082621    
  0.996995      0.42010603032718397    
  0.997      0.4201100308625472    
  0.997005      0.42011403141433584    
  0.99701      0.42011803198254977    
  0.997015      0.4201220325671967    
  0.99702      0.4201260331682727    
  0.997025      0.4201300337857782    
  0.99703      0.4201340344197084    
  0.997035      0.42013803507006314    
  0.99704      0.4201420357368516    
  0.997045      0.42014603642006426    
  0.99705      0.42015003711971055    
  0.997055      0.4201540378357853    
  0.9970600000000001      0.42015803856827677    
  0.997065      0.42016203931720497    
  0.99707      0.4201660400825502    
  0.997075      0.4201700408643319    
  0.99708      0.4201740416625342    
  0.997085      0.4201780424771694    
  0.99709      0.4201820433082205    
  0.997095      0.4201860441557005    
  0.9971      0.42019004501960444    
  0.997105      0.4201940458999456    
  0.99711      0.4201980467966991    
  0.997115      0.42020204770988445    
  0.99712      0.4202060486394903    
  0.997125      0.42021004958552466    
  0.99713      0.4202140505479828    
  0.997135      0.42021805152685693    
  0.99714      0.420222052522168    
  0.9971450000000001      0.4202260535338944    
  0.99715      0.420230054562049    
  0.997155      0.42023405560661975    
  0.99716      0.42023805666761843    
  0.997165      0.42024205774504514    
  0.99717      0.42024605883888766    
  0.997175      0.4202500599491581    
  0.99718      0.4202540610758523    
  0.997185      0.4202580622189663    
  0.99719      0.4202620633785001    
  0.997195      0.4202660645544575    
  0.9972      0.42027006574683845    
  0.997205      0.4202740669556347    
  0.99721      0.42027806818085073    
  0.997215      0.4202820694224984    
  0.99722      0.42028607068056567    
  0.997225      0.42029007195504403    
  0.9972300000000001      0.4202940732459498    
  0.997235      0.42029807455327906    
  0.99724      0.42030207587702795    
  0.997245      0.4203060772171917    
  0.99725      0.42031007857377034    
  0.997255      0.42031407994677655    
  0.99726      0.4203180813362023    
  0.997265      0.4203220827420463    
  0.99727      0.42032608416431866    
  0.997275      0.42033008560299684    
  0.99728      0.4203340870580943    
  0.997285      0.4203380885296106    
  0.99729      0.4203420900175501    
  0.997295      0.42034609152190405    
  0.9973      0.4203500930426728    
  0.997305      0.42035409457986883    
  0.99731      0.42035809613347924    
  0.997315      0.4203620977034963    
  0.99732      0.4203660992899403    
  0.997325      0.4203701008927985    
  0.99733      0.42037410251207574    
  0.997335      0.4203781041477671    
  0.99734      0.42038210579987695    
  0.997345      0.42038610746840155    
  0.99735      0.42039010915334    
  0.997355      0.42039411085470174    
  0.99736      0.420398112572473    
  0.9973650000000001      0.4204021143066587    
  0.99737      0.4204061160572583    
  0.997375      0.42041011782427673    
  0.99738      0.4204141196077131    
  0.997385      0.42041812140755985    
  0.99739      0.42042212322382005    
  0.997395      0.42042612505649474    
  0.9974      0.42043012690558296    
  0.997405      0.42043412877108144    
  0.99741      0.42043813065300584    
  0.997415      0.4204421325513357    
  0.99742      0.42044613446607193    
  0.997425      0.42045013639723394    
  0.99743      0.42045413834480116    
  0.997435      0.4204581403087863    
  0.99744      0.42046214228917717    
  0.997445      0.4204661442859816    
  0.9974500000000001      0.4204701462991997    
  0.997455      0.42047414832883534    
  0.99746      0.42047815037487657    
  0.997465      0.42048215243733095    
  0.99747      0.4204861545161907    
  0.997475      0.42049015661146777    
  0.99748      0.4204941587231547    
  0.997485      0.42049816085125036    
  0.99749      0.4205021629957636    
  0.997495      0.4205061651566859    
  0.9975      0.42051016733401386    
  0.997505      0.42051416952774606    
  0.99751      0.42051817173788725    
  0.997515      0.42052217396445035    
  0.99752      0.4205261762074177    
  0.997525      0.4205301784667946    
  0.99753      0.42053418074258403    
  0.9975350000000001      0.4205381830347787    
  0.99754      0.42054218534336946    
  0.997545      0.4205461876683856    
  0.99755      0.42055019000980254    
  0.997555      0.420554192367632    
  0.99756      0.42055819474186584    
  0.997565      0.42056219713250437    
  0.99757      0.42056619953956015    
  0.997575      0.4205702019630073    
  0.99758      0.42057420440288457    
  0.997585      0.42057820685914493    
  0.99759      0.42058220933182205    
  0.997595      0.42058621182091166    
  0.9976      0.42059021432640176    
  0.997605      0.42059421684829584    
  0.99761      0.42059821938659847    
  0.997615      0.42060222194130503    
  0.99762      0.42060622451241964    
  0.997625      0.42061022709993434    
  0.99763      0.4206142297038659    
  0.997635      0.4206182323241889    
  0.99764      0.4206222349609155    
  0.997645      0.4206262376140628    
  0.99765      0.42063024028360185    
  0.997655      0.42063424296954877    
  0.99766      0.4206382456718952    
  0.997665      0.4206422483906537    
  0.9976700000000001      0.4206462511258076    
  0.997675      0.42065025387736554    
  0.99768      0.42065425664533135    
  0.997685      0.4206582594296962    
  0.99769      0.42066226223046904    
  0.997695      0.42066626504764165    
  0.9977      0.420670267881209    
  0.9977050000000001      0.42067427073118047    
  0.99771      0.4206782735975589    
  0.997715      0.42068227648034934    
  0.99772      0.4206862793795268    
  0.997725      0.42069028229511557    
  0.99773      0.42069428522709534    
  0.997735      0.42069828817548277    
  0.99774      0.42070229114026486    
  0.997745      0.4207062941214547    
  0.99775      0.420710297119039    
  0.9977550000000001      0.4207143001330264    
  0.99776      0.420718303163413    
  0.997765      0.4207223062102028    
  0.99777      0.42072630927339133    
  0.997775      0.42073031235297037    
  0.99778      0.4207343154489568    
  0.997785      0.4207383185613378    
  0.9977900000000001      0.42074232169012965    
  0.997795      0.42074632483530816    
  0.9978      0.4207503279968895    
  0.997805      0.4207543311748652    
  0.99781      0.4207583343692518    
  0.997815      0.4207623375800204    
  0.99782      0.42076634080719194    
  0.997825      0.42077034405076197    
  0.99783      0.42077434731073454    
  0.997835      0.420778350587093    
  0.9978400000000001      0.42078235387985824    
  0.997845      0.4207863571890178    
  0.99785      0.4207903605145672    
  0.997855      0.4207943638565148    
  0.99786      0.4207983672148693    
  0.997865      0.4208023705896135    
  0.99787      0.42080637398075177    
  0.997875      0.4208103773882882    
  0.99788      0.42081438081221834    
  0.997885      0.4208183842525469    
  0.99789      0.42082238770926517    
  0.997895      0.42082639118237686    
  0.9979      0.4208303946718788    
  0.997905      0.42083439817779106    
  0.99791      0.4208384017000848    
  0.997915      0.42084240523878824    
  0.99792      0.420846408793869    
  0.9979250000000001      0.42085041236534737    
  0.99793      0.42085441595321565    
  0.997935      0.42085841955748965    
  0.99794      0.4208624231781447    
  0.997945      0.42086642681520153    
  0.99795      0.4208704304686438    
  0.997955      0.4208744341384794    
  0.99796      0.42087843782470835    
  0.997965      0.4208824415273306    
  0.99797      0.4208864452463503    
  0.9979750000000001      0.4208904489817553    
  0.99798      0.420894452733553    
  0.997985      0.4208984565017402    
  0.99799      0.4209024602863161    
  0.997995      0.4209064640872936    
  0.998      0.42091046790465186    
  0.998005      0.42091447173840313    
  0.9980100000000001      0.42091847558853923    
  0.998015      0.4209224794550764    
  0.99802      0.4209264833379982    
  0.998025      0.4209304872373132    
  0.99803      0.420934491153017    
  0.998035      0.42093849508510917    
  0.99804      0.42094249903358605    
  0.998045      0.4209465029984513    
  0.99805      0.4209505069797137    
  0.998055      0.4209545109773525    
  0.9980600000000001      0.42095851499139164    
  0.998065      0.42096251902181986    
  0.99807      0.42096652306862814    
  0.998075      0.42097052713182875    
  0.99808      0.42097453121141354    
  0.998085      0.4209785353073829    
  0.99809      0.4209825394197443    
  0.9980950000000001      0.42098654354849413    
  0.9981      0.4209905476936283    
  0.998105      0.42099455185515444    
  0.99811      0.42099855603305647    
  0.998115      0.4210025602273551    
  0.99812      0.4210065644380332    
  0.998125      0.4210105686651037    
  0.99813      0.4210145729085539    
  0.998135      0.4210185771683882    
  0.99814      0.4210225814446228    
  0.9981450000000001      0.42102658573722845    
  0.99815      0.4210305900462138    
  0.998155      0.42103459437159557    
  0.99816      0.4210385987133567    
  0.998165      0.4210426030715053    
  0.99817      0.4210466074460376    
  0.998175      0.42105061183694525    
  0.9981800000000001      0.42105461624425294    
  0.998185      0.42105862066792776    
  0.99819      0.4210626251079942    
  0.998195      0.42106662956444    
  0.9982      0.42107063403727324    
  0.998205      0.4210746385264899    
  0.99821      0.4210786430320897    
  0.998215      0.42108264755406893    
  0.99822      0.4210866520924271    
  0.998225      0.4210906566471682    
  0.9982300000000001      0.42109466121828865    
  0.998235      0.4210986658058087    
  0.99824      0.42110267040968696    
  0.998245      0.42110667502996474    
  0.99825      0.4211106796666135    
  0.998255      0.421114684319649    
  0.99826      0.421118688989055    
  0.998265      0.4211226936748484    
  0.99827      0.4211266983770242    
  0.998275      0.421130703095575    
  0.9982800000000001      0.4211347078305085    
  0.998285      0.4211387125818164    
  0.99829      0.421142717349507    
  0.998295      0.4211467221335845    
  0.9983      0.42115072693403643    
  0.998305      0.42115473175086665    
  0.99831      0.421158736584067    
  0.9983150000000001      0.4211627414336542    
  0.99832      0.4211667462996241    
  0.998325      0.42117075118196784    
  0.99833      0.42117475608069416    
  0.998335      0.42117876099577783    
  0.99834      0.4211827659272567    
  0.998345      0.42118677087511386    
  0.99835      0.42119077583934866    
  0.998355      0.42119478081995354    
  0.99836      0.4211987858169407    
  0.9983650000000001      0.4212027908302977    
  0.99837      0.42120679586004073    
  0.998375      0.4212108009061454    
  0.99838      0.42121480596864036    
  0.998385      0.42121881104750497    
  0.99839      0.42122281614274726    
  0.998395      0.42122682125435523    
  0.9984000000000001      0.42123082638235326    
  0.998405      0.42123483152671654    
  0.99841      0.4212388366874622    
  0.998415      0.42124284186457656    
  0.99842      0.4212468470580605    
  0.998425      0.4212508522679349    
  0.99843      0.42125485749416985    
  0.998435      0.4212588627367783    
  0.99844      0.4212628679957644    
  0.998445      0.42126687327112794    
  0.9984500000000001      0.4212708785628606    
  0.998455      0.4212748838709705    
  0.99846      0.42127888919544126    
  0.998465      0.42128289453628964    
  0.99847      0.4212868998935193    
  0.998475      0.4212909052671094    
  0.99848      0.42129491065708524    
  0.9984850000000001      0.42129891606342595    
  0.99849      0.4213029214861394    
  0.998495      0.4213069269252219    
  0.9985      0.42131093238067296    
  0.998505      0.42131493785249746    
  0.99851      0.42131894334069425    
  0.998515      0.4213229488452723    
  0.99852      0.4213269543662064    
  0.998525      0.42133095990351366    
  0.99853      0.4213349654571934    
  0.9985350000000001      0.4213389710272419    
  0.99854      0.4213429766136584    
  0.998545      0.4213469822164479    
  0.99855      0.42135098783560593    
  0.998555      0.421354993471128    
  0.99856      0.4213589991230307    
  0.998565      0.4213630047912979    
  0.99857      0.42136701047592523    
  0.998575      0.42137101617692874    
  0.99858      0.4213750218943007    
  0.9985850000000001      0.4213790276280281    
  0.99859      0.42138303337814065    
  0.998595      0.4213870391446168    
  0.9986      0.42139104492745294    
  0.998605      0.42139505072666517    
  0.99861      0.42139905654223747    
  0.998615      0.4214030623741816    
  0.9986200000000001      0.4214070682224857    
  0.998625      0.4214110740871614    
  0.99863      0.4214150799682008    
  0.998635      0.4214190858656084    
  0.99864      0.4214230917793794    
  0.998645      0.4214270977095309    
  0.99865      0.4214311036560328    
  0.998655      0.421435109618899    
  0.99866      0.42143911559813685    
  0.998665      0.4214431215937382    
  0.9986700000000001      0.42144712760569836    
  0.998675      0.4214511336340267    
  0.99868      0.421455139678722    
  0.998685      0.4214591457397767    
  0.99869      0.4214631518172028    
  0.998695      0.42146715791098416    
  0.9987      0.4214711640211367    
  0.9987050000000001      0.42147517014764446    
  0.99871      0.4214791762905191    
  0.998715      0.42148318244976124    
  0.99872      0.42148718862536244    
  0.998725      0.4214911948173263    
  0.99873      0.4214952010256492    
  0.998735      0.4214992072503395    
  0.99874      0.4215032134913966    
  0.998745      0.42150721974880817    
  0.99875      0.42151122602257035    
  0.9987550000000001      0.42151523231271165    
  0.99876      0.42151923861921187    
  0.998765      0.4215232449420667    
  0.99877      0.42152725128128365    
  0.998775      0.4215312576368639    
  0.99878      0.4215352640088063    
  0.998785      0.42153927039710765    
  0.9987900000000001      0.42154327680176673    
  0.998795      0.42154728322278057    
  0.9988      0.4215512896601693    
  0.998805      0.42155529611390385    
  0.99881      0.4215593025839965    
  0.998815      0.42156330907046    
  0.99882      0.42156731557327337    
  0.998825      0.42157132209244913    
  0.99883      0.42157532862797864    
  0.998835      0.4215793351798746    
  0.9988400000000001      0.4215833417481206    
  0.998845      0.42158734833272465    
  0.99885      0.4215913549336989    
  0.998855      0.42159536155102706    
  0.99886      0.4215993681846964    
  0.998865      0.4216033748347404    
  0.99887      0.42160738150113786    
  0.998875      0.42161138818388916    
  0.99888      0.42161539488298994    
  0.998885      0.421619401598461    
  0.9988900000000001      0.42162340833027684    
  0.998895      0.4216274150784508    
  0.9989      0.42163142184299063    
  0.998905      0.42163542862386294    
  0.99891      0.4216394354211179    
  0.998915      0.421643442234718    
  0.99892      0.42164744906466695    
  0.9989250000000001      0.4216514559109779    
  0.99893      0.42165546277363386    
  0.998935      0.4216594696526553    
  0.99894      0.4216634765480254    
  0.998945      0.421667483459745    
  0.99895      0.4216714903878299    
  0.998955      0.4216754973322684    
  0.99896      0.4216795042930512    
  0.998965      0.42168351127019543    
  0.99897      0.4216875182636763    
  0.9989750000000001      0.4216915252735261    
  0.99898      0.42169553229972506    
  0.998985      0.42169953934227306    
  0.99899      0.4217035464011814    
  0.998995      0.4217075534764305    
  0.999      0.42171156056803677    
  0.999005      0.4217155676760037    
  0.9990100000000001      0.42171957480030664    
  0.999015      0.421723581940975    
  0.99902      0.42172758909798347    
  0.999025      0.4217315962713572    
  0.99903      0.421735603461062    
  0.999035      0.4217396106671324    
  0.99904      0.4217436178895426    
  0.999045      0.4217476251283139    
  0.99905      0.4217516323834249    
  0.999055      0.4217556396548882    
  0.9990600000000001      0.42175964694270396    
  0.999065      0.4217636542468678    
  0.99907      0.4217676615673838    
  0.999075      0.42177166890424356    
  0.99908      0.42177567625745194    
  0.999085      0.421779683627012    
  0.99909      0.4217836910129241    
  0.9990950000000001      0.4217876984151845    
  0.9991      0.4217917058337847    
  0.999105      0.4217957132687365    
  0.99911      0.4217997207200366    
  0.999115      0.4218037281876881    
  0.99912      0.42180773567167906    
  0.999125      0.42181174317202635    
  0.99913      0.4218157506887044    
  0.999135      0.4218197582217471    
  0.99914      0.4218237657711289    
  0.9991450000000001      0.42182777333685434    
  0.99915      0.4218317809189313    
  0.999155      0.4218357885173432    
  0.99916      0.421839796132111    
  0.999165      0.42184380376322617    
  0.99917      0.42184781141068023    
  0.999175      0.4218518190744818    
  0.99918      0.42185582675463096    
  0.999185      0.42185983445111075    
  0.99919      0.42186384216395    
  0.999195      0.4218678498931324    
  0.9992      0.4218718576386621    
  0.999205      0.42187586540052646    
  0.99921      0.4218798731787379    
  0.999215      0.42188388097329665    
  0.99922      0.4218878887841901    
  0.999225      0.4218918966114386    
  0.9992300000000001      0.4218959044550213    
  0.999235      0.42189991231494306    
  0.99924      0.42190392019120704    
  0.999245      0.4219079280838267    
  0.99925      0.4219119359927761    
  0.999255      0.42191594391807724    
  0.99926      0.42191995185971654    
  0.999265      0.4219239598176894    
  0.99927      0.42192796779201386    
  0.999275      0.4219319757826809    
  0.9992800000000001      0.42193598378968145    
  0.999285      0.42193999181302083    
  0.99929      0.4219439998527066    
  0.999295      0.4219480079087389    
  0.9993      0.42195201598110493    
  0.999305      0.42195602406980126    
  0.99931      0.4219600321748438    
  0.9993150000000001      0.42196404029623674    
  0.99932      0.4219680484339634    
  0.999325      0.42197205658802456    
  0.99933      0.421976064758427    
  0.999335      0.4219800729451681    
  0.99934      0.42198408114825087    
  0.999345      0.42198808936766286    
  0.99935      0.4219920976034256    
  0.999355      0.42199610585551756    
  0.99936      0.4220001141239561    
  0.9993650000000001      0.4220041224087192    
  0.99937      0.4220081307098366    
  0.999375      0.4220121390272756    
  0.99938      0.42201614736106036    
  0.999385      0.4220201557111739    
  0.99939      0.4220241640776421    
  0.999395      0.42202817246042684    
  0.9994000000000001      0.4220321808595654    
  0.999405      0.422036189275029    
  0.99941      0.42204019770682205    
  0.999415      0.4220442061549564    
  0.99942      0.42204821461943204    
  0.999425      0.42205222310024504    
  0.99943      0.42205623159739125    
  0.999435      0.4220602401108663    
  0.99944      0.4220642486406785    
  0.999445      0.42206825718682806    
  0.9994500000000001      0.42207226574931017    
  0.999455      0.42207627432812556    
  0.99946      0.42208028292327776    
  0.999465      0.42208429153476285    
  0.99947      0.4220883001625807    
  0.999475      0.4220923088067271    
  0.99948      0.4220963174672107    
  0.9994850000000001      0.4221003261440307    
  0.99949      0.42210433483717524    
  0.999495      0.4221083435466651    
  0.9995      0.42211235227247895    
  0.999505      0.4221163610146338    
  0.99951      0.4221203697731044    
  0.999515      0.4221243785479158    
  0.99952      0.4221283873390642    
  0.999525      0.4221323961465363    
  0.99953      0.422136404970345    
  0.9995350000000001      0.4221404138104821    
  0.99954      0.42214442266694685    
  0.999545      0.4221484315397485    
  0.99955      0.4221524404288698    
  0.999555      0.42215644933433166    
  0.99956      0.4221604582561213    
  0.999565      0.42216446719424333    
  0.99957      0.42216847614869285    
  0.999575      0.4221724851194708    
  0.99958      0.4221764941065807    
  0.9995850000000001      0.4221805031100142    
  0.99959      0.4221845121297837    
  0.999595      0.42218852116587663    
  0.9996      0.42219253021829767    
  0.999605      0.4221965392870586    
  0.99961      0.42220054837213494    
  0.999615      0.4222045574735428    
  0.9996200000000001      0.42220856659127415    
  0.999625      0.4222125757253374    
  0.99963      0.4222165848757363    
  0.999635      0.422220594042446    
  0.99964      0.4222246032254956    
  0.999645      0.4222286124248685    
  0.99965      0.4222326216405647    
  0.999655      0.4222366308725922    
  0.99966      0.42224064012093915    
  0.999665      0.42224464938562545    
  0.9996700000000001      0.4222486586666221    
  0.999675      0.42225266796395494    
  0.99968      0.4222566772776102    
  0.999685      0.4222606866075926    
  0.99969      0.4222646959538857    
  0.999695      0.42226870531651406    
  0.9997      0.42227271469546923    
  0.9997050000000001      0.4222767240907434    
  0.99971      0.42228073350234857    
  0.999715      0.42228474293027235    
  0.99972      0.42228875237452673    
  0.999725      0.42229276183510867    
  0.99973      0.4222967713120004    
  0.999735      0.422300780805219    
  0.99974      0.4223047903147685    
  0.999745      0.422308799840632    
  0.99975      0.42231280938282656    
  0.9997550000000001      0.42231681894133505    
  0.99976      0.42232082851616615    
  0.999765      0.42232483810732324    
  0.99977      0.42232884771480744    
  0.999775      0.42233285733860126    
  0.99978      0.4223368669787218    
  0.999785      0.42234087663516856    
  0.9997900000000001      0.4223448863079332    
  0.999795      0.42234889599701636    
  0.9998      0.42235290570242556    
  0.999805      0.4223569154241527    
  0.99981      0.4223609251621978    
  0.999815      0.42236493491657306    
  0.99982      0.4223689446872535    
  0.999825      0.4223729544742608    
  0.99983      0.42237696427759375    
  0.999835      0.4223809740972316    
  0.9998400000000001      0.42238498393319607    
  0.999845      0.42238899378548184    
  0.99985      0.4223930036540858    
  0.999855      0.42239701353900727    
  0.99986      0.4224010234402544    
  0.999865      0.4224050333578146    
  0.99987      0.4224090432916845    
  0.999875      0.42241305324187994    
  0.99988      0.4224170632083928    
  0.999885      0.42242107319121874    
  0.9998900000000001      0.42242508319037475    
  0.999895      0.42242909320583566    
  0.9999      0.42243310323760935    
  0.999905      0.42243711328570893    
  0.99991      0.4224411233501257    
  0.999915      0.4224451334308594    
  0.99992      0.42244914352790214    
  0.9999250000000001      0.42245315364126174    
  0.99993      0.4224571637709428    
  0.999935      0.4224611739169322    
  0.99994      0.42246518407923905    
  0.999945      0.4224691942578625    
  0.99995      0.4224732044528114    
  0.999955      0.42247721466405636    
  0.99996      0.4224812248916264    
  0.999965      0.4224852351355133    
  0.99997      0.4224892453957044    
  0.9999750000000001      0.42249325567221674    
  0.99998      0.42249726596503734    
  0.999985      0.42250127627417455    
  0.99999      0.42250528659962394    
  0.999995      0.4225092969413948    
  1.      0.422513307299469   
