 0.990005      0.028846873949331817    
  0.99001      0.028848591676123716    
  0.990015      0.02885030938993744    
  0.99002      0.028852027090781083    
  0.990025      0.028853744778747796    
  0.99003      0.028855462453708052    
  0.990035      0.02885718011577438    
  0.99004      0.02885889776495229    
  0.990045      0.028860615401104173    
  0.99005      0.028862333024432314    
  0.990055      0.02886405063473718    
  0.9900599999999999      0.028865768232148127    
  0.990065      0.02886748581653304    
  0.99007      0.028869203388096974    
  0.990075      0.028870920946699546    
  0.99008      0.028872638492278842    
  0.990085      0.028874356025000596    
  0.99009      0.028876073544797556    
  0.990095      0.028877791051602108    
  0.9901      0.02887950854549868    
  0.990105      0.028881226026504083    
  0.99011      0.028882943494500265    
  0.990115      0.02888466094955466    
  0.99012      0.028886378391684262    
  0.990125      0.028888095820908455    
  0.99013      0.02888981323713491    
  0.990135      0.028891530640506573    
  0.99014      0.02889324803091964    
  0.9901449999999999      0.028894965408306675    
  0.99015      0.028896682772836163    
  0.990155      0.02889840012439024    
  0.99016      0.02890011746305039    
  0.990165      0.028901834788704076    
  0.99017      0.028903552101415975    
  0.990175      0.028905269401264998    
  0.99018      0.02890698668814394    
  0.990185      0.028908703962058763    
  0.99019      0.028910421223037313    
  0.9901949999999999      0.02891213847105451    
  0.9902      0.02891385570612716    
  0.990205      0.028915572928308635    
  0.99021      0.028917290137531512    
  0.990215      0.028919007333812603    
  0.99022      0.028920724517118093    
  0.990225      0.02892244168754666    
  0.9902299999999999      0.028924158844999624    
  0.990235      0.028925875989510803    
  0.99024      0.028927593121063376    
  0.990245      0.028929310239671407    
  0.99025      0.02893102734532084    
  0.990255      0.02893274443804529    
  0.99026      0.028934461517875817    
  0.990265      0.02893617858469712    
  0.99027      0.02893789563859345    
  0.990275      0.028939612679514372    
  0.9902799999999999      0.028941329707538602    
  0.990285      0.028943046722640618    
  0.99029      0.028944763724747465    
  0.990295      0.028946480713895717    
  0.9903      0.02894819769016685    
  0.990305      0.02894991465344833    
  0.99031      0.028951631603748886    
  0.990315      0.028953348541144033    
  0.99032      0.028955065465625686    
  0.990325      0.028956782377134494    
  0.99033      0.028958499275662384    
  0.990335      0.028960216161298916    
  0.99034      0.028961933033912174    
  0.990345      0.028963649893628745    
  0.99035      0.02896536674040077    
  0.990355      0.028967083574250582    
  0.99036      0.028968800395085655    
  0.9903649999999999      0.028970517203065937    
  0.99037      0.028972233997997865    
  0.990375      0.028973950780072245    
  0.99038      0.02897566754915146    
  0.990385      0.028977384305308454    
  0.99039      0.02897910104845072    
  0.990395      0.028980817778699056    
  0.9904      0.028982534495957734    
  0.990405      0.02898425120031698    
  0.99041      0.02898596789172295    
  0.990415      0.02898768457019586    
  0.99042      0.028989401235645303    
  0.990425      0.02899111788816702    
  0.99043      0.02899283452777524    
  0.990435      0.028994551154393807    
  0.99044      0.02899626776810145    
  0.990445      0.028997984368878602    
  0.9904499999999999      0.028999700956596097    
  0.990455      0.029001417531489673    
  0.99046      0.029003134093368518    
  0.990465      0.02900485064230557    
  0.99047      0.029006567178264265    
  0.990475      0.029008283701348607    
  0.99048      0.029010000211435027    
  0.990485      0.029011716708560085    
  0.99049      0.029013433192726357    
  0.990495      0.029015149663981898    
  0.9904999999999999      0.029016866122174835    
  0.990505      0.02901858256759171    
  0.99051      0.029020298999912375    
  0.990515      0.029022015419338923    
  0.99052      0.02902373182577306    
  0.990525      0.02902544821931327    
  0.99053      0.029027164599858324    
  0.9905349999999999      0.02902888096747287    
  0.99054      0.029030597322095023    
  0.990545      0.029032313663772624    
  0.99055      0.029034029992488684    
  0.990555      0.029035746308294    
  0.99056      0.029037462611137783    
  0.990565      0.02903917890101744    
  0.99057      0.02904089517793832    
  0.990575      0.029042611441934225    
  0.99058      0.029044327692912635    
  0.9905849999999999      0.029046043930949252    
  0.99059      0.02904776015607495    
  0.990595      0.02904947636820548    
  0.9906      0.029051192567405515    
  0.990605      0.029052908753629963    
  0.99061      0.029054624926890288    
  0.990615      0.029056341087189082    
  0.99062      0.02905805723456288    
  0.990625      0.029059773369006205    
  0.99063      0.029061489490454347    
  0.990635      0.029063205598938394    
  0.99064      0.029064921694463643    
  0.990645      0.029066637776993722    
  0.99065      0.029068353846610127    
  0.990655      0.02907006990323137    
  0.99066      0.029071785947009113    
  0.990665      0.02907350197773851    
  0.9906699999999999      0.029075217995458494    
  0.990675      0.029076934000332226    
  0.99068      0.02907864999217718    
  0.990685      0.02908036597106058    
  0.99069      0.029082081937061355    
  0.990695      0.029083797890021863    
  0.9907      0.029085513830001256    
  0.990705      0.029087229757100777    
  0.99071      0.02908894567119089    
  0.990715      0.029090661572314137    
  0.99072      0.029092377460509643    
  0.990725      0.029094093335763183    
  0.99073      0.029095809198016034    
  0.990735      0.029097525047324345    
  0.99074      0.02909924088363749    
  0.990745      0.029100956707056525    
  0.99075      0.029102672517443823    
  0.9907549999999999      0.02910438831486977    
  0.99076      0.029106104099398847    
  0.990765      0.029107819870932757    
  0.99077      0.02910953562950512    
  0.990775      0.029111251375079562    
  0.99078      0.029112967107706705    
  0.990785      0.029114682827439738    
  0.99079      0.02911639853412698    
  0.990795      0.02911811422788098    
  0.9908      0.029119829908676186    
  0.990805      0.029121545576473472    
  0.99081      0.02912326123134027    
  0.990815      0.029124976873225954    
  0.99082      0.029126692502169663    
  0.990825      0.029128408118129688    
  0.99083      0.029130123721178614    
  0.990835      0.029131839311198747    
  0.9908399999999999      0.02913355488825457    
  0.990845      0.02913527045241353    
  0.99085      0.029136986003560517    
  0.990855      0.02913870154167577    
  0.99086      0.029140417066908394    
  0.990865      0.029142132579215857    
  0.99087      0.029143848078424343    
  0.990875      0.029145563564752768    
  0.99088      0.02914727903808603    
  0.990885      0.029148994498488616    
  0.9908899999999999      0.029150709945927094    
  0.990895      0.029152425380350643    
  0.9909      0.02915414080184646    
  0.990905      0.02915585621034435    
  0.99091      0.02915757160587795    
  0.990915      0.029159286988449995    
  0.99092      0.029161002358086042    
  0.990925      0.02916271771469587    
  0.99093      0.02916443305840883    
  0.990935      0.029166148389076    
  0.99094      0.029167863706877364    
  0.990945      0.029169579011630177    
  0.99095      0.029171294303387642    
  0.990955      0.029173009582245665    
  0.99096      0.029174724848111094    
  0.990965      0.029176440100973082    
  0.99097      0.029178155340924154    
  0.9909749999999999      0.029179870567894114    
  0.99098      0.02918158578184915    
  0.990985      0.029183300982825833    
  0.99099      0.029185016170902894    
  0.990995      0.029186731345982028    
  0.991      0.02918844650809687    
  0.991005      0.029190161657182724    
  0.99101      0.029191876793335347    
  0.991015      0.02919359191656003    
  0.99102      0.02919530702673343    
  0.991025      0.029197022124043764    
  0.99103      0.0291987372082745    
  0.991035      0.029200452279571992    
  0.99104      0.029202167337905184    
  0.991045      0.02920388238327408    
  0.99105      0.029205597415644855    
  0.991055      0.029207312435051532    
  0.9910599999999999      0.02920902744146009    
  0.991065      0.029210742434971782    
  0.99107      0.02921245741544917    
  0.991075      0.029214172382897398    
  0.99108      0.02921588733747981    
  0.991085      0.029217602279030495    
  0.99109      0.029219317207650683    
  0.991095      0.029221032123289577    
  0.9911      0.02922274702589674    
  0.991105      0.029224461915553848    
  0.99111      0.029226176792283027    
  0.991115      0.02922789165600877    
  0.99112      0.02922960650670554    
  0.991125      0.029231321344471636    
  0.99113      0.029233036169321294    
  0.991135      0.029234750981139222    
  0.99114      0.029236465779976035    
  0.9911449999999999      0.029238180565811983    
  0.99115      0.02923989533871744    
  0.991155      0.02924161009862479    
  0.99116      0.02924332484556527    
  0.991165      0.029245039579541263    
  0.99117      0.02924675430055296    
  0.991175      0.02924846900846549    
  0.99118      0.02925018370357963    
  0.991185      0.02925189838562549    
  0.99119      0.029253613054642358    
  0.9911949999999999      0.02925532771075961    
  0.9912      0.029257042353909798    
  0.991205      0.02925875698402826    
  0.99121      0.029260471601182426    
  0.991215      0.029262186205369523    
  0.99122      0.029263900796558526    
  0.991225      0.029265615374780462    
  0.9912299999999999      0.02926732994000172    
  0.991235      0.029269044492311873    
  0.99124      0.029270759031601777    
  0.991245      0.029272473557862517    
  0.99125      0.029274188071237873    
  0.991255      0.02927590257153345    
  0.99126      0.029277617058893025    
  0.991265      0.029279331533322104    
  0.99127      0.02928104599471927    
  0.991275      0.029282760443149376    
  0.9912799999999999      0.0292844748785788    
  0.991285      0.029286189301074794    
  0.99129      0.02928790371050801    
  0.991295      0.029289618107005217    
  0.9913      0.02929133249050431    
  0.991305      0.029293046861036353    
  0.99131      0.029294761218637718    
  0.991315      0.029296475563204593    
  0.99132      0.029298189894768036    
  0.991325      0.029299904213369744    
  0.99133      0.0293016185190044    
  0.991335      0.029303332811635614    
  0.99134      0.029305047091305103    
  0.991345      0.029306761357940105    
  0.99135      0.029308475611675475    
  0.991355      0.029310189852342555    
  0.99136      0.029311904080042576    
  0.9913649999999999      0.029313618294778302    
  0.99137      0.02931533249658059    
  0.991375      0.029317046685328814    
  0.99138      0.029318760861081695    
  0.991385      0.029320475023912624    
  0.99139      0.02932218917373121    
  0.991395      0.0293239033105153    
  0.9914      0.029325617434382955    
  0.991405      0.029327331545249746    
  0.99141      0.02932904564314672    
  0.991415      0.029330759727980913    
  0.99142      0.029332473799876344    
  0.991425      0.02933418785882686    
  0.99143      0.02933590190474013    
  0.991435      0.02933761593766953    
  0.99144      0.029339329957634448    
  0.991445      0.029341043964564873    
  0.9914499999999999      0.02934275795852549    
  0.991455      0.02934447193955542    
  0.99146      0.029346185907548117    
  0.991465      0.029347899862576323    
  0.99147      0.029349613804601094    
  0.991475      0.02935132773366138    
  0.99148      0.029353041649667604    
  0.991485      0.0293547555527404    
  0.99149      0.02935646944279827    
  0.991495      0.029358183319919955    
  0.9915      0.029359897184007146    
  0.991505      0.029361611035093473    
  0.99151      0.029363324873178942    
  0.991515      0.02936503869836478    
  0.99152      0.029366752510482326    
  0.991525      0.02936846630959624    
  0.99153      0.029370180095779488    
  0.9915349999999999      0.0293718938689761    
  0.99154      0.029373607629140798    
  0.991545      0.02937532137629931    
  0.99155      0.029377035110493332    
  0.991555      0.02937874883173435    
  0.99156      0.029380462539909828    
  0.991565      0.02938217623513231    
  0.99157      0.02938388991737073    
  0.991575      0.029385603586557858    
  0.99158      0.02938731724285941    
  0.9915849999999999      0.02938903088607567    
  0.99159      0.02939074451632487    
  0.991595      0.029392458133657446    
  0.9916      0.029394171737885357    
  0.991605      0.029395885329146203    
  0.99161      0.029397598907437046    
  0.991615      0.02939931247272703    
  0.99162      0.029401026025069523    
  0.991625      0.029402739564388825    
  0.99163      0.02940445309070726    
  0.991635      0.029406166603974222    
  0.99164      0.02940788010428817    
  0.991645      0.029409593591668688    
  0.99165      0.029411307066011954    
  0.991655      0.029413020527340124    
  0.99166      0.029414733975695714    
  0.991665      0.029416447411033633    
  0.9916699999999999      0.02941816083340431    
  0.991675      0.02941987424273774    
  0.99168      0.029421587639070306    
  0.991685      0.029423301022483493    
  0.99169      0.02942501439283114    
  0.991695      0.029426727750239842    
  0.9917      0.029428441094580243    
  0.991705      0.029430154426032314    
  0.99171      0.029431867744368224    
  0.991715      0.029433581049818573    
  0.99172      0.029435294342183622    
  0.991725      0.02943700762156205    
  0.99173      0.02943872088795366    
  0.991735      0.029440434141344406    
  0.99174      0.029442147381731537    
  0.991745      0.02944386060915142    
  0.99175      0.029445573823550873    
  0.9917549999999999      0.029447287024946697    
  0.99176      0.02944900021337271    
  0.991765      0.029450713388797675    
  0.99177      0.029452426551185393    
  0.991775      0.029454139700639672    
  0.99178      0.02945585283705653    
  0.991785      0.029457565960469757    
  0.99179      0.029459279070845747    
  0.991795      0.02946099216825449    
  0.9918      0.02946270525269323    
  0.991805      0.029464418324094736    
  0.99181      0.02946613138252623    
  0.991815      0.02946784442794006    
  0.99182      0.0294695574603475    
  0.991825      0.029471270479737084    
  0.99183      0.029472983486173665    
  0.991835      0.029474696479606616    
  0.9918399999999999      0.029476409460004904    
  0.991845      0.029478122427399563    
  0.99185      0.02947983538177379    
  0.991855      0.02948154832320907    
  0.99186      0.029483261251575864    
  0.991865      0.02948497416697561    
  0.99187      0.02948668706933516    
  0.991875      0.029488399958758526    
  0.99188      0.029490112835178262    
  0.991885      0.02949182569856333    
  0.9918899999999999      0.029493538548942017    
  0.991895      0.029495251386269215    
  0.9919      0.02949696421065747    
  0.991905      0.029498677022061666    
  0.99191      0.029500389820408875    
  0.991915      0.029502102605772018    
  0.99192      0.029503815378148356    
  0.991925      0.0295055281375015    
  0.99193      0.02950724088383678    
  0.991935      0.029508953617165688    
  0.99194      0.02951066633750778    
  0.991945      0.02951237904484625    
  0.99195      0.029514091739197914    
  0.991955      0.02951580442049533    
  0.99196      0.029517517088774883    
  0.991965      0.02951922974416336    
  0.99197      0.02952094238644972    
  0.9919749999999999      0.029522655015732466    
  0.99198      0.02952436763197778    
  0.991985      0.029526080235284143    
  0.99199      0.029527792825586884    
  0.991995      0.029529505402818387    
  0.992      0.029531217967113704    
  0.992005      0.029532930518335207    
  0.99201      0.029534643056586703    
  0.992015      0.029536355581854152    
  0.99202      0.029538068094064604    
  0.992025      0.02953978059328549    
  0.99203      0.029541493079502747    
  0.992035      0.029543205552716202    
  0.99204      0.02954491801290922    
  0.992045      0.029546630460081613    
  0.99205      0.029548342894247636    
  0.992055      0.02955005531544366    
  0.9920599999999999      0.029551767723633295    
  0.992065      0.02955348011873764    
  0.99207      0.029555192500852423    
  0.992075      0.029556904869977637    
  0.99208      0.02955861722609923    
  0.992085      0.029560329569267626    
  0.99209      0.029562041899314353    
  0.992095      0.029563754216385574    
  0.9921      0.02956546652045592    
  0.992105      0.029567178811587134    
  0.99211      0.029568891089610923    
  0.992115      0.029570603354650463    
  0.99212      0.02957231560671468    
  0.992125      0.029574027845707656    
  0.99213      0.029575740071733386    
  0.992135      0.02957745228474999    
  0.99214      0.02957916448466172    
  0.9921449999999999      0.029580876671668137    
  0.99215      0.029582588845637116    
  0.992155      0.029584301006580146    
  0.99216      0.02958601315452213    
  0.992165      0.029587725289390306    
  0.99217      0.02958943741132209    
  0.992175      0.029591149520180084    
  0.99218      0.029592861616082114    
  0.992185      0.02959457369894673    
  0.99219      0.029596285768754338    
  0.9921949999999999      0.029597997825639807    
  0.9922      0.02959970986942042    
  0.992205      0.029601421900247844    
  0.99221      0.0296031339179987    
  0.992215      0.029604845922745746    
  0.99222      0.029606557914553848    
  0.992225      0.029608269893321756    
  0.99223      0.02960998185902119    
  0.992235      0.029611693811711484    
  0.99224      0.029613405751429022    
  0.992245      0.029615117678123182    
  0.99225      0.029616829591779914    
  0.992255      0.029618541492382404    
  0.99226      0.029620253380009377    
  0.992265      0.02962196525463254    
  0.99227      0.029623677116212953    
  0.992275      0.02962538896482318    
  0.9922799999999999      0.02962710080039321    
  0.992285      0.029628812622889432    
  0.99229      0.029630524432432474    
  0.992295      0.029632236228935325    
  0.9923      0.029633948012445847    
  0.992305      0.029635659782885133    
  0.99231      0.02963737154035166    
  0.992315      0.029639083284809055    
  0.99232      0.029640795016197964    
  0.992325      0.029642506734580316    
  0.99233      0.029644218439953525    
  0.992335      0.029645930132286547    
  0.99234      0.029647641811666382    
  0.992345      0.029649353477935843    
  0.99235      0.02965106513124935    
  0.992355      0.02965277677149163    
  0.99236      0.02965448839877814    
  0.9923649999999999      0.029656200013021713    
  0.99237      0.029657911614227664    
  0.992375      0.029659623202357054    
  0.99238      0.029661334777566873    
  0.992385      0.029663046339702882    
  0.99239      0.029664757888793195    
  0.992395      0.029666469424966698    
  0.9924      0.029668180948063633    
  0.992405      0.029669892458069756    
  0.99241      0.02967160395513675    
  0.992415      0.029673315439146745    
  0.99242      0.02967502691008274    
  0.992425      0.02967673836812747    
  0.99243      0.029678449813033705    
  0.992435      0.029680161244947437    
  0.99244      0.029681872663820986    
  0.992445      0.02968358406970496    
  0.9924499999999999      0.02968529546259919    
  0.992455      0.029687006842450462    
  0.99246      0.029688718209213694    
  0.992465      0.029690429563001403    
  0.99247      0.02969214090376575    
  0.992475      0.02969385223148714    
  0.99248      0.029695563546154106    
  0.992485      0.02969727484784556    
  0.99249      0.029698986136544682    
  0.992495      0.029700697412172575    
  0.9924999999999999      0.029702408674774326    
  0.992505      0.029704119924302087    
  0.99251      0.029705831160873906    
  0.992515      0.029707542384402773    
  0.99252      0.02970925359490827    
  0.992525      0.029710964792390382    
  0.99253      0.02971267597687742    
  0.992535      0.029714387148242597    
  0.99254      0.029716098306685448    
  0.992545      0.02971780945205174    
  0.99255      0.029719520584372324    
  0.992555      0.029721231703658053    
  0.99256      0.029722942809948694    
  0.992565      0.029724653903184912    
  0.99257      0.029726364983445615    
  0.992575      0.02972807605064638    
  0.99258      0.029729787104857568    
  0.992585      0.029731498145958393    
  0.99259      0.029733209174086263    
  0.992595      0.029734920189120582    
  0.9926      0.029736631191213184    
  0.992605      0.029738342180217557    
  0.99261      0.029740053156212604    
  0.992615      0.02974176411916214    
  0.99262      0.02974347506911043    
  0.992625      0.0297451860060777    
  0.99263      0.029746896929889494    
  0.992635      0.029748607840739814    
  0.99264      0.02975031873853572    
  0.992645      0.02975202962333654    
  0.99265      0.029753740495116556    
  0.992655      0.02975545135381449    
  0.99266      0.029757162199525424    
  0.992665      0.029758873032142794    
  0.99267      0.029760583851784653    
  0.992675      0.029762294658383384    
  0.99268      0.0297640054519783    
  0.992685      0.02976571623251071    
  0.99269      0.029767426999935315    
  0.992695      0.02976913775444908    
  0.9927      0.02977084849585522    
  0.992705      0.029772559224218238    
  0.99271      0.029774269939639365    
  0.992715      0.029775980641952863    
  0.99272      0.029777691331273864    
  0.992725      0.029779402007518104    
  0.99273      0.02978111267077002    
  0.992735      0.02978282332097881    
  0.99274      0.02978453395809679    
  0.992745      0.02978624458227012    
  0.99275      0.02978795519331883    
  0.9927549999999999      0.02978966579139204    
  0.99276      0.029791376376455923    
  0.992765      0.029793086948443046    
  0.99277      0.029794797507353424    
  0.992775      0.029796508053290854    
  0.99278      0.02979821858614896    
  0.992785      0.02979992910601732    
  0.99279      0.029801639612775113    
  0.992795      0.029803350106571452    
  0.9928      0.029805060587293788    
  0.992805      0.02980677105497318    
  0.99281      0.02980848150965731    
  0.992815      0.029810191951284253    
  0.99282      0.029811902379834443    
  0.992825      0.02981361279542317    
  0.99283      0.029815323197935145    
  0.992835      0.029817033587437803    
  0.99284      0.029818743963883274    
  0.992845      0.02982045432725199    
  0.99285      0.029822164677608634    
  0.992855      0.029823875014955946    
  0.99286      0.029825585339243316    
  0.992865      0.029827295650504557    
  0.99287      0.02982900594863843    
  0.992875      0.029830716233847223    
  0.99288      0.029832426505942884    
  0.992885      0.029834136765046024    
  0.99289      0.0298358470111088    
  0.992895      0.029837557244109057    
  0.9929      0.029839267464099817    
  0.992905      0.029840977670997002    
  0.99291      0.029842687864884865    
  0.992915      0.029844398045710038    
  0.99292      0.029846108213492258    
  0.992925      0.029847818368279218    
  0.99293      0.02984952851002304    
  0.992935      0.029851238638709685    
  0.99294      0.02985294875431682    
  0.992945      0.029854658856965248    
  0.99295      0.029856368946466733    
  0.992955      0.029858079023009333    
  0.99296      0.029859789086475186    
  0.992965      0.029861499136928957    
  0.99297      0.029863209174238542    
  0.992975      0.02986491919863986    
  0.99298      0.029866629209894233    
  0.992985      0.029868339208173094    
  0.99299      0.02987004919337502    
  0.992995      0.02987175916556486    
  0.993      0.02987346912472582    
  0.993005      0.029875179070778964    
  0.99301      0.029876889003834096    
  0.993015      0.029878598923832034    
  0.99302      0.02988030883073366    
  0.993025      0.02988201872467363    
  0.99303      0.0298837286055228    
  0.993035      0.029885438473323322    
  0.99304      0.02988714832811452    
  0.993045      0.029888858169826213    
  0.99305      0.029890567998463728    
  0.993055      0.0298922778141034    
  0.99306      0.029893987616666128    
  0.993065      0.029895697406267407    
  0.99307      0.02989740718274131    
  0.993075      0.029899116946186133    
  0.99308      0.029900826696604824    
  0.993085      0.02990253643396082    
  0.99309      0.029904246158237304    
  0.993095      0.029905955869521092    
  0.9931      0.029907665567725547    
  0.993105      0.02990937525286989    
  0.99311      0.029911084925002142    
  0.993115      0.02991279458405489    
  0.99312      0.029914504230129185    
  0.993125      0.02991621386305929    
  0.99313      0.029917923483010943    
  0.993135      0.02991963308988308    
  0.99314      0.02992134268366147    
  0.993145      0.029923052264444597    
  0.99315      0.029924761832198832    
  0.993155      0.029926471386856553    
  0.99316      0.029928180928538585    
  0.993165      0.02992989045703986    
  0.99317      0.029931599972630295    
  0.993175      0.02993330947507637    
  0.99318      0.029935018964507603    
  0.993185      0.02993672844085933    
  0.99319      0.029938437904204297    
  0.993195      0.029940147354531675    
  0.9932      0.029941856791748492    
  0.993205      0.02994356621590537    
  0.99321      0.029945275627013608    
  0.993215      0.029946985025092947    
  0.99322      0.029948694410064307    
  0.993225      0.029950403782051868    
  0.99323      0.029952113140993553    
  0.993235      0.029953822486827427    
  0.99324      0.029955531819677333    
  0.993245      0.029957241139433675    
  0.99325      0.02995895044611032    
  0.993255      0.029960659739757887    
  0.99326      0.02996236902035976    
  0.993265      0.02996407828788193    
  0.99327      0.029965787542425654    
  0.993275      0.029967496783822423    
  0.99328      0.029969206012173316    
  0.993285      0.02997091522756256    
  0.99329      0.02997262442985273    
  0.993295      0.029974333618998525    
  0.9933      0.029976042795216484    
  0.993305      0.029977751958301553    
  0.99331      0.029979461108377122    
  0.993315      0.029981170245339372    
  0.99332      0.029982879369320592    
  0.993325      0.029984588480154683    
  0.99333      0.029986297578074993    
  0.993335      0.02998800666281732    
  0.99334      0.029989715734513745    
  0.993345      0.029991424793231723    
  0.99335      0.029993133838766194    
  0.993355      0.02999484287132221    
  0.99336      0.02999655189086614    
  0.993365      0.02999826089732762    
  0.99337      0.029999969890644917    
  0.993375      0.030001678871014625    
  0.99338      0.03000338783827101    
  0.993385      0.030005096792464703    
  0.99339      0.030006805733626563    
  0.993395      0.03000851466165829    
  0.9934      0.030010223576728372    
  0.993405      0.030011932478749816    
  0.99341      0.030013641367593262    
  0.993415      0.030015350243489114    
  0.99342      0.030017059106269083    
  0.993425      0.030018767956002976    
  0.99343      0.030020476792657357    
  0.993435      0.03002218561629672    
  0.99344      0.030023894426856573    
  0.993445      0.03002560322440416    
  0.9934499999999999      0.03002731200883567    
  0.993455      0.030029020780221297    
  0.99346      0.030030729538490848    
  0.993465      0.03003243828378194    
  0.99347      0.030034147015990584    
  0.993475      0.030035855735156096    
  0.99348      0.030037564441202775    
  0.993485      0.03003927313420357    
  0.99349      0.030040981814124665    
  0.993495      0.03004269048106473    
  0.9935      0.030044399134888537    
  0.993505      0.030046107775635413    
  0.99351      0.030047816403364687    
  0.993515      0.030049525017980642    
  0.99352      0.030051233619581577    
  0.993525      0.030052942208069193    
  0.99353      0.030054650783541796    
  0.993535      0.03005635934593212    
  0.99354      0.030058067895242752    
  0.993545      0.03005977643152432    
  0.99355      0.030061484954706605    
  0.993555      0.03006319346482345    
  0.99356      0.030064901961908454    
  0.993565      0.03006661044591377    
  0.99357      0.030068318916870434    
  0.993575      0.030070027374778457    
  0.99358      0.030071735819539345    
  0.993585      0.0300734442512516    
  0.99359      0.030075152669982636    
  0.993595      0.030076861075566546    
  0.9936      0.03007856946809906    
  0.993605      0.030080277847619304    
  0.99361      0.030081986214026232    
  0.993615      0.03008369456741538    
  0.99362      0.030085402907691215    
  0.993625      0.03008711123489883    
  0.99363      0.030088819549063128    
  0.993635      0.03009052785011136    
  0.99364      0.030092236138156047    
  0.993645      0.03009394441314061    
  0.99365      0.030095652675023152    
  0.993655      0.030097360923795134    
  0.99366      0.030099069159582957    
  0.993665      0.0301007773822717    
  0.99367      0.03010248559187799    
  0.993675      0.03010419378841864    
  0.99368      0.030105901971845976    
  0.993685      0.030107610142289333    
  0.99369      0.030109318299619194    
  0.993695      0.030111026443900415    
  0.9937      0.0301127345750966    
  0.993705      0.03011444269326353    
  0.99371      0.030116150798311623    
  0.993715      0.030117858890282782    
  0.99372      0.030119566969199783    
  0.993725      0.03012127503503709    
  0.99373      0.030122983087859375    
  0.993735      0.030124691127546014    
  0.99374      0.030126399154150198    
  0.993745      0.030128107167758933    
  0.99375      0.030129815168268407    
  0.9937549999999999      0.03013152315565904    
  0.99376      0.030133231130017844    
  0.993765      0.030134939091311014    
  0.99377      0.030136647039504912    
  0.993775      0.03013835497468379    
  0.99378      0.030140062896695973    
  0.993785      0.030141770805724184    
  0.99379      0.030143478701638894    
  0.993795      0.030145186584502194    
  0.9938      0.030146894454285818    
  0.993805      0.030148602310964646    
  0.99381      0.030150310154563792    
  0.993815      0.030152017985164717    
  0.99382      0.030153725802630003    
  0.993825      0.03015543360707751    
  0.99383      0.030157141398462126    
  0.993835      0.03015884917666324    
  0.99384      0.03016055694181553    
  0.993845      0.030162264693981092    
  0.99385      0.03016397243303314    
  0.993855      0.03016568015898337    
  0.99386      0.030167387871853708    
  0.993865      0.030169095571737317    
  0.99387      0.03017080325843999    
  0.993875      0.030172510932071697    
  0.99388      0.030174218592691145    
  0.993885      0.030175926240225373    
  0.99389      0.030177633874643343    
  0.993895      0.03017934149601268    
  0.9939      0.030181049104296795    
  0.993905      0.030182756699495703    
  0.99391      0.030184464281581103    
  0.993915      0.03018617185066573    
  0.99392      0.03018787940659771    
  0.993925      0.030189586949531482    
  0.99393      0.030191294479332186    
  0.993935      0.030193001996081485    
  0.99394      0.030194709499762384    
  0.993945      0.030196416990310213    
  0.99395      0.0301981244678094    
  0.993955      0.03019983193230486    
  0.99396      0.030201539383619386    
  0.993965      0.030203246821882506    
  0.99397      0.030204954247111043    
  0.993975      0.030206661659223314    
  0.99398      0.030208369058199763    
  0.993985      0.03021007644419223    
  0.99399      0.0302117838170712    
  0.993995      0.03021349117686221    
  0.994      0.030215198523570755    
  0.994005      0.03021690585722515    
  0.99401      0.030218613177799662    
  0.994015      0.030220320485255338    
  0.99402      0.03022202777964262    
  0.994025      0.030223735060944695    
  0.99403      0.030225442329181125    
  0.994035      0.030227149584332345    
  0.99404      0.030228856826350497    
  0.994045      0.030230564055348106    
  0.99405      0.030232271271246454    
  0.994055      0.03023397847409322    
  0.9940599999999999      0.030235685663806904    
  0.994065      0.03023739284048325    
  0.99407      0.030239100004093952    
  0.994075      0.03024080715455201    
  0.99408      0.030242514291958483    
  0.994085      0.0302442214162657    
  0.99409      0.030245928527569188    
  0.994095      0.030247635625688975    
  0.9941      0.03024934271077418    
  0.994105      0.03025104978279099    
  0.99411      0.030252756841655154    
  0.994115      0.0302544638874873    
  0.99412      0.03025617092021467    
  0.994125      0.0302578779398764    
  0.99413      0.030259584946500783    
  0.994135      0.030261291939958284    
  0.99414      0.03026299892033057    
  0.994145      0.03026470588763171    
  0.99415      0.0302664128418672    
  0.994155      0.03026811978300068    
  0.99416      0.030269826711031945    
  0.994165      0.03027153362604543    
  0.99417      0.0302732405279399    
  0.994175      0.03027494741671554    
  0.99418      0.03027665429243959    
  0.994185      0.030278361155041872    
  0.99419      0.030280068004598072    
  0.994195      0.030281774841032692    
  0.9942      0.030283481664412956    
  0.994205      0.030285188474676965    
  0.99421      0.03028689527185301    
  0.994215      0.030288602055960654    
  0.99422      0.030290308826999908    
  0.994225      0.030292015584872267    
  0.99423      0.03029372232970729    
  0.994235      0.03029542906149072    
  0.99424      0.03029713578012152    
  0.994245      0.03029884248570072    
  0.99425      0.030300549178189203    
  0.994255      0.030302255857583747    
  0.99426      0.030303962523884814    
  0.994265      0.030305669177120236    
  0.99427      0.030307375817217073    
  0.994275      0.030309082444197645    
  0.99428      0.030310789058143453    
  0.994285      0.030312495659032337    
  0.99429      0.030314202246771157    
  0.994295      0.03031590882142201    
  0.9943      0.03031761538305508    
  0.994305      0.030319321931501702    
  0.99431      0.030321028466893985    
  0.994315      0.030322734989234674    
  0.99432      0.030324441498422727    
  0.994325      0.03032614799452538    
  0.99433      0.03032785447759069    
  0.994335      0.030329560947536985    
  0.99434      0.0303312674043615    
  0.994345      0.030332973848100804    
  0.99435      0.030334680278737907    
  0.994355      0.03033638669628704    
  0.99436      0.030338093100781834    
  0.994365      0.030339799492160358    
  0.99437      0.030341505870417118    
  0.994375      0.030343212235602716    
  0.99438      0.030344918587736733    
  0.994385      0.030346624926701107    
  0.99439      0.030348331252628133    
  0.994395      0.030350037565452955    
  0.9944      0.03035174386513919    
  0.994405      0.030353450151838515    
  0.99441      0.030355156425348626    
  0.994415      0.030356862685725676    
  0.99442      0.030358568933115802    
  0.994425      0.03036027516735311    
  0.99443      0.03036198138848288    
  0.994435      0.030363687596530013    
  0.99444      0.03036539379146961    
  0.994445      0.03036709997335762    
  0.99445      0.03036880614215748    
  0.994455      0.030370512297770883    
  0.99446      0.03037221844036376    
  0.994465      0.030373924569854428    
  0.99447      0.030375630686203754    
  0.994475      0.0303773367895183    
  0.99448      0.03037904287962959    
  0.994485      0.030380748956768015    
  0.99449      0.03038245502072276    
  0.994495      0.0303841610716372    
  0.9945      0.03038586710943006    
  0.994505      0.030387573134171144    
  0.99451      0.030389279145689407    
  0.994515      0.030390985144220756    
  0.99452      0.030392691129565462    
  0.994525      0.030394397101856017    
  0.99453      0.030396103061041603    
  0.994535      0.030397809007172847    
  0.99454      0.030399514940182316    
  0.994545      0.03040122086003896    
  0.99455      0.030402926766855503    
  0.994555      0.030404632660603455    
  0.99456      0.030406338541164965    
  0.994565      0.030408044408649797    
  0.99457      0.030409750263018374    
  0.994575      0.030411456104363473    
  0.99458      0.0304131619325868    
  0.994585      0.030414867747623676    
  0.99459      0.030416573549603452    
  0.994595      0.030418279338464204    
  0.9946      0.03041998511430424    
  0.994605      0.030421690877022498    
  0.99461      0.030423396626551556    
  0.994615      0.030425102363026268    
  0.99462      0.030426808086376447    
  0.994625      0.030428513796708655    
  0.99463      0.030430219493851666    
  0.994635      0.030431925177923518    
  0.99464      0.030433630848904457    
  0.994645      0.030435336506783203    
  0.99465      0.030437042151540163    
  0.994655      0.03043874778319216    
  0.99466      0.030440453401719626    
  0.994665      0.03044215900717594    
  0.99467      0.030443864599544096    
  0.994675      0.03044557017879305    
  0.99468      0.03044727574485023    
  0.994685      0.03044898129788669    
  0.99469      0.030450686837815426    
  0.994695      0.030452392364658774    
  0.9947      0.030454097878363527    
  0.994705      0.030455803378960557    
  0.99471      0.03045750886650049    
  0.994715      0.03045921434090441    
  0.99472      0.030460919802186556    
  0.994725      0.030462625250344166    
  0.99473      0.030464330685467007    
  0.994735      0.03046603610741469    
  0.99474      0.030467741516274224    
  0.994745      0.030469446912009226    
  0.99475      0.03047115229464202    
  0.994755      0.030472857664231766    
  0.99476      0.030474563020632308    
  0.994765      0.03047626836394746    
  0.99477      0.030477973694202746    
  0.994775      0.030479679011305213    
  0.99478      0.030481384315252096    
  0.994785      0.030483089606189735    
  0.99479      0.030484794883974542    
  0.994795      0.030486500148651643    
  0.9948      0.03048820540022377    
  0.994805      0.030489910638637565    
  0.99481      0.030491615863949148    
  0.994815      0.030493321076200876    
  0.99482      0.030495026275364445    
  0.994825      0.030496731461403487    
  0.99483      0.030498436634255895    
  0.994835      0.030500141794051205    
  0.99484      0.030501846940721975    
  0.994845      0.03050355207437203    
  0.99485      0.030505257194830125    
  0.994855      0.030506962302197307    
  0.99486      0.03050866739639485    
  0.994865      0.030510372477515542    
  0.99487      0.03051207754553402    
  0.994875      0.030513782600444787    
  0.99488      0.03051548764222826    
  0.994885      0.030517192670892524    
  0.99489      0.030518897686530756    
  0.994895      0.030520602688982334    
  0.9949      0.0305223076783262    
  0.994905      0.0305240126545764    
  0.99491      0.03052571761770758    
  0.994915      0.030527422567680422    
  0.99492      0.030529127504579166    
  0.994925      0.030530832428356133    
  0.99493      0.03053253733899157    
  0.994935      0.03053424223656991    
  0.99494      0.030535947121006723    
  0.994945      0.030537651992271132    
  0.99495      0.030539356850562693    
  0.994955      0.030541061695580615    
  0.99496      0.03054276652758654    
  0.994965      0.030544471346473263    
  0.99497      0.030546176152204407    
  0.994975      0.030547880944875688    
  0.99498      0.03054958572435482    
  0.994985      0.03055129049077961    
  0.99499      0.030552995244046057    
  0.994995      0.030554699984221605    
  0.995      0.030556404711238803    
  0.995005      0.030558109425215713    
  0.99501      0.030559814126003233    
  0.995015      0.030561518813716836    
  0.99502      0.030563223488336785    
  0.995025      0.03056492814983476    
  0.99503      0.030566632798174405    
  0.995035      0.030568337433425893    
  0.99504      0.030570042055547333    
  0.995045      0.030571746664515946    
  0.99505      0.030573451260390894    
  0.995055      0.03057515584314113    
  0.9950600000000001      0.030576860412803213    
  0.995065      0.030578564969321192    
  0.99507      0.03058026951271721    
  0.995075      0.03058197404300532    
  0.99508      0.030583678560183142    
  0.995085      0.030585383064205194    
  0.99509      0.030587087555150574    
  0.995095      0.030588792032988053    
  0.9951      0.030590496497636323    
  0.995105      0.03059220094920774    
  0.99511      0.03059390538768825    
  0.995115      0.03059560981301042    
  0.99512      0.03059731422521062    
  0.995125      0.030599018624280782    
  0.99513      0.030600723010296413    
  0.995135      0.030602427383153705    
  0.99514      0.030604131742883706    
  0.9951450000000001      0.030605836089441125    
  0.99515      0.03060754042293593    
  0.995155      0.030609244743277725    
  0.99516      0.030610949050559663    
  0.995165      0.030612653344663687    
  0.99517      0.030614357625595136    
  0.995175      0.030616061893500354    
  0.99518      0.030617766148233166    
  0.995185      0.030619470389855328    
  0.99519      0.030621174618400807    
  0.995195      0.030622878833723093    
  0.9952      0.0306245830360502    
  0.995205      0.03062628722513729    
  0.99521      0.030627991401147713    
  0.995215      0.03062969556405022    
  0.99522      0.030631399713794402    
  0.995225      0.03063310385041386    
  0.9952300000000001      0.03063480797390603    
  0.995235      0.030636512084290288    
  0.99524      0.030638216181583643    
  0.995245      0.030639920265713137    
  0.99525      0.03064162433672343    
  0.995255      0.03064332839460368    
  0.99526      0.030645032439325405    
  0.995265      0.030646736471004087    
  0.99527      0.030648440489493372    
  0.995275      0.030650144494821563    
  0.99528      0.030651848487120756    
  0.995285      0.030653552466216507    
  0.99529      0.030655256432249457    
  0.995295      0.03065696038512406    
  0.9953      0.030658664324823337    
  0.995305      0.03066036825146275    
  0.99531      0.0306620721649915    
  0.995315      0.03066377606536191    
  0.99532      0.030665479952571226    
  0.995325      0.030667183826686872    
  0.99533      0.030668887687646758    
  0.995335      0.030670591535529774    
  0.99534      0.030672295370251703    
  0.995345      0.030673999191812535    
  0.99535      0.030675703000265453    
  0.995355      0.030677406795607903    
  0.99536      0.03067911057780606    
  0.995365      0.030680814346879505    
  0.99537      0.030682518102845044    
  0.995375      0.03068422184564948    
  0.99538      0.03068592557534344    
  0.995385      0.030687629291876115    
  0.99539      0.030689332995317883    
  0.995395      0.030691036685615368    
  0.9954      0.030692740362788132    
  0.995405      0.030694444026847668    
  0.99541      0.030696147677748666    
  0.995415      0.030697851315488578    
  0.99542      0.03069955494016844    
  0.995425      0.03070125855165616    
  0.99543      0.030702962150050212    
  0.995435      0.030704665735280405    
  0.99544      0.030706369307354833    
  0.995445      0.030708072866400263    
  0.9954500000000001      0.03070977641225355    
  0.995455      0.03071147994492874    
  0.99546      0.030713183464476643    
  0.995465      0.03071488697094751    
  0.99547      0.03071659046430789    
  0.995475      0.0307182939444087    
  0.99548      0.030719997411533705    
  0.995485      0.03072170086541061    
  0.99549      0.030723404306227473    
  0.995495      0.030725107733868995    
  0.9955      0.030726811148383052    
  0.995505      0.030728514549736005    
  0.99551      0.030730217937961487    
  0.995515      0.03073192131305949    
  0.99552      0.030733624675097458    
  0.995525      0.030735328023875838    
  0.99553      0.03073703135962247    
  0.9955350000000001      0.030738734682193767    
  0.99554      0.030740437991620774    
  0.995545      0.030742141287937126    
  0.99555      0.03074384457104451    
  0.995555      0.03074554784106953    
  0.99556      0.030747251097953014    
  0.995565      0.030748954341692034    
  0.99557      0.030750657572317822    
  0.995575      0.030752360789785074    
  0.99558      0.03075406399415591    
  0.995585      0.030755767185303547    
  0.99559      0.03075747036341667    
  0.995595      0.030759173528306608    
  0.9956      0.030760876680100108    
  0.995605      0.03076257981876614    
  0.99561      0.03076428294430194    
  0.995615      0.03076598605664283    
  0.99562      0.03076768915589263    
  0.995625      0.030769392241978572    
  0.99563      0.03077109531490323    
  0.995635      0.030772798374782088    
  0.99564      0.03077450142141818    
  0.995645      0.030776204454974476    
  0.99565      0.03077790747540072    
  0.995655      0.030779610482637387    
  0.99566      0.030781313476707445    
  0.995665      0.03078301645771746    
  0.99567      0.03078471942553257    
  0.995675      0.03078642238028488    
  0.99568      0.03078812532180847    
  0.995685      0.030789828250255214    
  0.99569      0.030791531165473236    
  0.995695      0.0307932340676427    
  0.9957      0.030794936956639398    
  0.995705      0.030796639832452677    
  0.99571      0.030798342695186342    
  0.995715      0.030800045544730432    
  0.99572      0.03080174838115577    
  0.995725      0.03080345120443939    
  0.99573      0.03080515401457597    
  0.995735      0.030806856811601894    
  0.99574      0.030808559595449713    
  0.995745      0.030810262366147742    
  0.99575      0.030811965123689992    
  0.9957550000000001      0.030813667868096504    
  0.99576      0.030815370599442973    
  0.995765      0.030817073317529857    
  0.99577      0.030818776022483757    
  0.995775      0.030820478714360618    
  0.99578      0.03082218139310724    
  0.995785      0.03082388405865896    
  0.99579      0.030825586711013018    
  0.995795      0.030827289350290034    
  0.9958      0.030828991976403198    
  0.995805      0.03083069458935508    
  0.99581      0.0308323971892414    
  0.995815      0.03083409977590177    
  0.99582      0.030835802349431903    
  0.995825      0.03083750490989648    
  0.99583      0.03083920745706767    
  0.995835      0.03084090999117606    
  0.9958400000000001      0.030842612512120404    
  0.995845      0.030844315019968333    
  0.99585      0.03084601751462116    
  0.995855      0.03084771999611015    
  0.99586      0.03084942246446871    
  0.995865      0.030851124919663415    
  0.99587      0.030852827361764274    
  0.995875      0.030854529790701087    
  0.99588      0.030856232206440244    
  0.995885      0.030857934609116594    
  0.99589      0.030859636998566996    
  0.995895      0.030861339374915267    
  0.9959      0.030863041738102445    
  0.995905      0.03086474408809453    
  0.99591      0.030866446425021052    
  0.995915      0.03086814874874992    
  0.99592      0.0308698510592837    
  0.9959250000000001      0.030871553356721045    
  0.99593      0.030873255641061786    
  0.995935      0.03087495791215425    
  0.99594      0.030876660170186476    
  0.995945      0.030878362414967858    
  0.99595      0.03088006464668625    
  0.995955      0.030881766865209735    
  0.99596      0.030883469070566417    
  0.995965      0.030885171262795632    
  0.99597      0.030886873441908668    
  0.995975      0.030888575607826617    
  0.99598      0.03089027776057795    
  0.995985      0.030891979900184812    
  0.99599      0.030893682026678256    
  0.995995      0.030895384140007656    
  0.996      0.030897086240156208    
  0.996005      0.03089878832718858    
  0.99601      0.030900490401009055    
  0.996015      0.030902192461763966    
  0.99602      0.030903894509340783    
  0.996025      0.03090559654368338    
  0.99603      0.03090729856497998    
  0.996035      0.030909000573045114    
  0.99604      0.030910702567948964    
  0.996045      0.030912404549820877    
  0.99605      0.03091410651840813    
  0.996055      0.030915808473918338    
  0.9960600000000001      0.030917510416177515    
  0.996065      0.030919212345424316    
  0.99607      0.030920914261374978    
  0.996075      0.03092261616426008    
  0.99608      0.03092431805397839    
  0.996085      0.030926019930518602    
  0.99609      0.03092772179392564    
  0.996095      0.030929423644185636    
  0.9961      0.03093112548124778    
  0.996105      0.030932827305129078    
  0.99611      0.030934529115944815    
  0.996115      0.03093623091356271    
  0.99612      0.030937932697980182    
  0.996125      0.030939634469289552    
  0.99613      0.030941336227426813    
  0.996135      0.030943037972436405    
  0.99614      0.03094473970428196    
  0.9961450000000001      0.030946441422960713    
  0.99615      0.03094814312844181    
  0.996155      0.030949844820756106    
  0.99616      0.030951546500007414    
  0.996165      0.030953248166027257    
  0.99617      0.030954949818914106    
  0.996175      0.030956651458569486    
  0.99618      0.030958353085159124    
  0.996185      0.030960054698618532    
  0.99619      0.030961756298812662    
  0.996195      0.030963457885907417    
  0.9962      0.030965159459838142    
  0.996205      0.03096686102063587    
  0.99621      0.030968562568199375    
  0.996215      0.03097026410265203    
  0.99622      0.03097196562396894    
  0.996225      0.03097366713207395    
  0.9962300000000001      0.030975368627009402    
  0.996235      0.030977070108783575    
  0.99624      0.030978771577455627    
  0.996245      0.030980473032929817    
  0.99625      0.030982174475273794    
  0.996255      0.030983875904417153    
  0.99626      0.03098557732042753    
  0.996265      0.030987278723237296    
  0.99627      0.03098898011291941    
  0.996275      0.030990681489432143    
  0.99628      0.030992382852780664    
  0.996285      0.030994084202945568    
  0.99629      0.03099578554001111    
  0.996295      0.030997486863811367    
  0.9963      0.030999188174562882    
  0.996305      0.031000889472032316    
  0.99631      0.031002590756416423    
  0.996315      0.031004292027670306    
  0.99632      0.03100599328567296    
  0.996325      0.031007694530528394    
  0.99633      0.03100939576226489    
  0.996335      0.031011096980837337    
  0.99634      0.031012798186209188    
  0.996345      0.03101449937840019    
  0.99635      0.031016200557455253    
  0.996355      0.031017901723346286    
  0.99636      0.031019602876056273    
  0.9963650000000001      0.031021304015630517    
  0.99637      0.031023005142054777    
  0.996375      0.031024706255247565    
  0.99638      0.031026407355304424    
  0.996385      0.031028108442166188    
  0.99639      0.03102980951597369    
  0.996395      0.03103151057651592    
  0.9964      0.03103321162387454    
  0.996405      0.031034912658102737    
  0.99641      0.031036613679212007    
  0.996415      0.03103831468705323    
  0.99642      0.03104001568181191    
  0.996425      0.031041716663372736    
  0.99643      0.03104341763176401    
  0.996435      0.031045118586991244    
  0.99644      0.031046819529017874    
  0.996445      0.031048520457894517    
  0.9964500000000001      0.031050221373601607    
  0.996455      0.03105192227619233    
  0.99646      0.03105362316558264    
  0.996465      0.031055324041741293    
  0.99647      0.03105702490483163    
  0.996475      0.03105872575469031    
  0.99648      0.031060426591379427    
  0.996485      0.031062127414918577    
  0.99649      0.031063828225290913    
  0.996495      0.031065529022414794    
  0.9965      0.03106722980650121    
  0.996505      0.031068930577305552    
  0.99651      0.031070631335007762    
  0.996515      0.031072332079495137    
  0.99652      0.03107403281088038    
  0.996525      0.03107573352899777    
  0.99653      0.031077434234015613    
  0.9965350000000001      0.031079134925880714    
  0.99654      0.031080835604511588    
  0.996545      0.031082536269961415    
  0.99655      0.03108423692230913    
  0.996555      0.031085937561405624    
  0.99656      0.03108763818739999    
  0.996565      0.03108933880014588    
  0.99657      0.031091039399753276    
  0.996575      0.031092739986196438    
  0.99658      0.03109444055953749    
  0.996585      0.0310961411196105    
  0.99659      0.031097841666482905    
  0.996595      0.031099542200222135    
  0.9966      0.031101242720856483    
  0.996605      0.03110294322824237    
  0.99661      0.031104643722495075    
  0.996615      0.03110634420356142    
  0.9966200000000001      0.03110804467145803    
  0.996625      0.031109745126123155    
  0.99663      0.03111144556763279    
  0.996635      0.03111314599600925    
  0.99664      0.031114846411201914    
  0.996645      0.03111654681319397    
  0.99665      0.031118247202033288    
  0.996655      0.031119947577672002    
  0.99666      0.031121647940124352    
  0.996665      0.031123348289409717    
  0.9966700000000001      0.03112504862555914    
  0.996675      0.031126748948507976    
  0.99668      0.031128449258287245    
  0.996685      0.031130149554879975    
  0.99669      0.031131849838274845    
  0.996695      0.031133550108483173    
  0.9967      0.031135250365589374    
  0.996705      0.03113695060947264    
  0.99671      0.031138650840174878    
  0.996715      0.031140351057625883    
  0.99672      0.03114205126205901    
  0.996725      0.031143751453221347    
  0.99673      0.031145451631180317    
  0.996735      0.03114715179596974    
  0.99674      0.03114885194762856    
  0.996745      0.031150552086081442    
  0.99675      0.031152252211336284    
  0.9967550000000001      0.031153952323469448    
  0.99676      0.031155652422331807    
  0.996765      0.031157352508142486    
  0.99677      0.031159052580620447    
  0.996775      0.03116075264004397    
  0.99678      0.031162452686199448    
  0.996785      0.031164152719250052    
  0.99679      0.031165852739066247    
  0.996795      0.03116755274572969    
  0.9968      0.03116925273922616    
  0.996805      0.031170952719451826    
  0.99681      0.03117265268657538    
  0.996815      0.031174352640529188    
  0.99682      0.031176052581214957    
  0.996825      0.031177752508829478    
  0.99683      0.03117945242320957    
  0.996835      0.031181152324417368    
  0.9968400000000001      0.031182852212390744    
  0.996845      0.031184552087230945    
  0.99685      0.031186251948929707    
  0.996855      0.031187951797363188    
  0.99686      0.03118965163262417    
  0.996865      0.031191351454751975    
  0.99687      0.03119305126364004    
  0.996875      0.031194751059361123    
  0.99688      0.03119645084191247    
  0.996885      0.031198150611291504    
  0.99689      0.0311998503675008    
  0.996895      0.031201550110444815    
  0.9969      0.031203249840281003    
  0.996905      0.031204949556947643    
  0.99691      0.03120664926037987    
  0.996915      0.031208348950608727    
  0.99692      0.031210048627732526    
  0.9969250000000001      0.031211748291537673    
  0.99693      0.03121344794223793    
  0.996935      0.031215147579788022    
  0.99694      0.03121684720408413    
  0.996945      0.031218546815207925    
  0.99695      0.031220246413178797    
  0.996955      0.03122194599796311    
  0.99696      0.031223645569510444    
  0.996965      0.031225345127938474    
  0.99697      0.031227044673160568    
  0.9969750000000001      0.03122874420517911    
  0.99698      0.03123044372394644    
  0.996985      0.03123214322957507    
  0.99699      0.031233842722067775    
  0.996995      0.0312355422013233    
  0.997      0.03123724166745696    
  0.997005      0.031238941120271955    
  0.99701      0.031240640560012942    
  0.997015      0.031242339986519506    
  0.99702      0.031244039399822714    
  0.997025      0.03124573880000405    
  0.99703      0.03124743818694545    
  0.997035      0.031249137560686258    
  0.99704      0.03125083692125732    
  0.997045      0.031252536268622254    
  0.99705      0.03125423560283427    
  0.997055      0.03125593492382335    
  0.9970600000000001      0.03125763423159207    
  0.997065      0.03125933352622487    
  0.99707      0.031261032807620485    
  0.997075      0.03126273207585785    
  0.99708      0.03126443133092547    
  0.997085      0.0312661305727755    
  0.99709      0.03126782980138302    
  0.997095      0.03126952901687399    
  0.9971      0.031271228219142036    
  0.997105      0.03127292740820653    
  0.99711      0.03127462658409872    
  0.997115      0.031276325746835226    
  0.99712      0.031278024896300924    
  0.997125      0.03127972403261371    
  0.99713      0.031281423155768234    
  0.997135      0.03128312226565729    
  0.99714      0.0312848213624049    
  0.9971450000000001      0.03128652044591258    
  0.99715      0.031288219516281586    
  0.997155      0.031289918573483594    
  0.99716      0.03129161761741187    
  0.997165      0.03129331664818465    
  0.99717      0.03129501566575388    
  0.997175      0.031296714670083374    
  0.99718      0.0312984136613246    
  0.997185      0.03130011263924443    
  0.99719      0.03130181160407875    
  0.997195      0.03130351055567039    
  0.9972      0.03130520949402762    
  0.997205      0.03130690841927721    
  0.99721      0.03130860733125307    
  0.997215      0.031310306230059176    
  0.99722      0.031312005115695554    
  0.997225      0.031313703988123054    
  0.9972300000000001      0.03131540284731338    
  0.997235      0.03131710169336484    
  0.99724      0.03131880052617655    
  0.997245      0.031320499345784715    
  0.99725      0.03132219815221762    
  0.997255      0.031323896945480795    
  0.99726      0.03132559572550679    
  0.997265      0.03132729449234073    
  0.99727      0.031328993246004924    
  0.997275      0.03133069198641239    
  0.99728      0.03133239071366416    
  0.997285      0.03133408942774343    
  0.99729      0.031335788128534915    
  0.997295      0.03133748681618771    
  0.9973      0.03133918549066526    
  0.997305      0.031340884151922446    
  0.99731      0.03134258279998756    
  0.997315      0.031344281434832325    
  0.99732      0.031345980056487775    
  0.997325      0.03134767866497073    
  0.99733      0.03134937726017996    
  0.997335      0.031351075842253245    
  0.99734      0.03135277441111747    
  0.997345      0.031354472966744526    
  0.99735      0.03135617150923014    
  0.997355      0.03135787003844477    
  0.99736      0.03135956855448139    
  0.9973650000000001      0.03136126705735103    
  0.99737      0.03136296554697798    
  0.997375      0.0313646640234352    
  0.99738      0.03136636248666654    
  0.997385      0.031368060936657956    
  0.99739      0.031369759373561124    
  0.997395      0.031371457797123296    
  0.9974      0.031373156207614036    
  0.997405      0.03137485460482846    
  0.99741      0.03137655298885616    
  0.997415      0.0313782513596803    
  0.99742      0.03137994971729281    
  0.997425      0.031381648061732825    
  0.99743      0.03138334639294973    
  0.997435      0.0313850447109267    
  0.99744      0.03138674301569736    
  0.997445      0.03138844130729553    
  0.9974500000000001      0.03139013958572121    
  0.997455      0.031391837850901445    
  0.99746      0.031393536102911936    
  0.997465      0.03139523434166826    
  0.99747      0.031396932567212946    
  0.997475      0.03139863077961876    
  0.99748      0.03140032897878741    
  0.997485      0.03140202716472743    
  0.99749      0.03140372533751452    
  0.997495      0.03140542349705893    
  0.9975      0.03140712164338021    
  0.997505      0.03140881977652625    
  0.99751      0.03141051789646598    
  0.997515      0.03141221600313473    
  0.99752      0.031413914096693085    
  0.997525      0.031415612177011325    
  0.99753      0.03141731024412326    
  0.9975350000000001      0.031419008297992705    
  0.99754      0.03142070633865841    
  0.997545      0.031422404366179914    
  0.99755      0.03142410238036025    
  0.997555      0.0314258003814719    
  0.99756      0.031427498369369165    
  0.997565      0.031429196343944824    
  0.99757      0.03143089430541542    
  0.997575      0.03143259225359272    
  0.99758      0.03143429018861157    
  0.997585      0.03143598811042411    
  0.99759      0.03143768601904735    
  0.997595      0.031439383914394096    
  0.9976      0.0314410817965824    
  0.997605      0.03144277966556716    
  0.99761      0.03144447752135433    
  0.997615      0.03144617536383948    
  0.99762      0.03144787319321404    
  0.997625      0.03144957100934593    
  0.99763      0.031451268812271505    
  0.997635      0.03145296660195714    
  0.99764      0.031454664378433736    
  0.997645      0.03145636214170126    
  0.99765      0.031458059891796286    
  0.997655      0.03145975762868226    
  0.99766      0.03146145535232554    
  0.997665      0.03146315306272871    
  0.9976700000000001      0.031464850759939815    
  0.997675      0.03146654844399248    
  0.99768      0.031468246114720794    
  0.997685      0.031469943772324455    
  0.99769      0.031471641416735884    
  0.997695      0.031473339047853995    
  0.9977      0.03147503666581643    
  0.9977050000000001      0.03147673427051918    
  0.99771      0.03147843186209454    
  0.997715      0.03148012944034831    
  0.99772      0.03148182700544362    
  0.997725      0.03148352455727926    
  0.99773      0.031485222095970704    
  0.997735      0.031486919621390975    
  0.99774      0.031488617133667046    
  0.997745      0.031490314632669374    
  0.99775      0.031492012118459894    
  0.9977550000000001      0.03149370959101305    
  0.99776      0.03149540705041924    
  0.997765      0.03149710449655171    
  0.99777      0.03149880192947768    
  0.997775      0.031500499349223075    
  0.99778      0.031502196755731106    
  0.997785      0.031503894149030084    
  0.9977900000000001      0.031505591529117236    
  0.997795      0.0315072888959617    
  0.9978      0.03150898624959987    
  0.997805      0.031510683589992414    
  0.99781      0.03151238091718139    
  0.997815      0.03151407823122067    
  0.99782      0.031515775531955156    
  0.997825      0.03151747281954801    
  0.99783      0.03151917009386161    
  0.997835      0.031520867354904246    
  0.9978400000000001      0.03152256460283353    
  0.997845      0.03152426183751995    
  0.99785      0.03152595905899731    
  0.997855      0.03152765626725155    
  0.99786      0.03152935346227441    
  0.997865      0.03153105064407672    
  0.99787      0.031532747812599966    
  0.997875      0.03153444496796458    
  0.99788      0.031536142110103325    
  0.997885      0.03153783923904706    
  0.99789      0.03153953635471449    
  0.997895      0.03154123345724011    
  0.9979      0.031542930546489226    
  0.997905      0.03154462762253204    
  0.99791      0.03154632468539408    
  0.997915      0.031548021734945836    
  0.99792      0.03154971877135594    
  0.9979250000000001      0.0315514157944249    
  0.99793      0.031553112804414134    
  0.997935      0.03155480980112963    
  0.99794      0.0315565067845995    
  0.997945      0.031558203754894126    
  0.99795      0.03155990071191225    
  0.997955      0.031561597655704314    
  0.99796      0.031563294586383045    
  0.997965      0.031564991503689556    
  0.99797      0.031566688407879975    
  0.9979750000000001      0.03156838529878241    
  0.99798      0.03157008217647304    
  0.997985      0.031571779040985654    
  0.99799      0.03157347589225539    
  0.997995      0.03157517273024589    
  0.998      0.03157686955509475    
  0.998005      0.031578566366683936    
  0.9980100000000001      0.031580263165061295    
  0.998015      0.03158195995014792    
  0.99802      0.03158365672212122    
  0.998025      0.0315853534807842    
  0.99803      0.03158705022622132    
  0.998035      0.031588746958463434    
  0.99804      0.03159044367746268    
  0.998045      0.031592140383300715    
  0.99805      0.03159383707580889    
  0.998055      0.03159553375514438    
  0.9980600000000001      0.03159723042129909    
  0.998065      0.03159892707414351    
  0.99807      0.031600623713776116    
  0.998075      0.03160232034023328    
  0.99808      0.03160401695343076    
  0.998085      0.03160571355339961    
  0.99809      0.03160741014012283    
  0.9980950000000001      0.03160910671370167    
  0.9981      0.03161080327395339    
  0.998105      0.03161249982104648    
  0.99811      0.031614196354857765    
  0.998115      0.03161589287545979    
  0.99812      0.03161758938288638    
  0.998125      0.03161928587699733    
  0.99813      0.031620982357935604    
  0.998135      0.0316226788256255    
  0.99814      0.03162437528010633    
  0.9981450000000001      0.031626071721305146    
  0.99815      0.031627768149297485    
  0.998155      0.03162946456410905    
  0.99816      0.03163116096561031    
  0.998165      0.03163285735393338    
  0.99817      0.03163455372904738    
  0.998175      0.03163625009089619    
  0.9981800000000001      0.03163794643948256    
  0.998185      0.031639642774845635    
  0.99819      0.031641339097044745    
  0.998195      0.03164303540598143    
  0.9982      0.031644731701672466    
  0.998205      0.03164642798417126    
  0.99821      0.03164812425338806    
  0.998215      0.03164982050936197    
  0.99822      0.03165151675212665    
  0.998225      0.031653212981690985    
  0.9982300000000001      0.0316549091979814    
  0.998235      0.03165660540110786    
  0.99824      0.03165830159089021    
  0.998245      0.03165999776757327    
  0.99825      0.03166169393088137    
  0.998255      0.03166339008106188    
  0.99826      0.03166508621796296    
  0.998265      0.031666782341615844    
  0.99827      0.03166847845209052    
  0.998275      0.031670174549254915    
  0.9982800000000001      0.031671870633241096    
  0.998285      0.03167356670396209    
  0.99829      0.03167526276144297    
  0.998295      0.03167695880572332    
  0.9983      0.031678654836791866    
  0.998305      0.031680350854580965    
  0.99831      0.031682046859161005    
  0.9983150000000001      0.0316837428504448    
  0.99832      0.03168543882858145    
  0.998325      0.031687134793472474    
  0.99833      0.0316888307450983    
  0.998335      0.03169052668343063    
  0.99834      0.03169222260858477    
  0.998345      0.03169391852050753    
  0.99835      0.03169561441917042    
  0.998355      0.03169731030460467    
  0.99836      0.03169900617685521    
  0.9983650000000001      0.031700702035761655    
  0.99837      0.0317023978815237    
  0.998375      0.03170409371397268    
  0.99838      0.03170578953330815    
  0.998385      0.031707485339294184    
  0.99839      0.03170918113207096    
  0.998395      0.03171087691160212    
  0.9984000000000001      0.0317125726779187    
  0.998405      0.031714268430955844    
  0.99841      0.0317159641707616    
  0.998415      0.03171765989735811    
  0.99842      0.03171935561070623    
  0.998425      0.03172105131080873    
  0.99843      0.03172274699764603    
  0.998435      0.03172444267125452    
  0.99844      0.031726138331668    
  0.998445      0.03172783397881628    
  0.9984500000000001      0.03172952961276937    
  0.998455      0.031731225233440456    
  0.99846      0.03173292084086591    
  0.998465      0.03173461643501193    
  0.99847      0.031736312016010806    
  0.998475      0.03173800758366557    
  0.99848      0.031739703138103    
  0.9984850000000001      0.03174139867936224    
  0.99849      0.031743094207339284    
  0.998495      0.031744789722070704    
  0.9985      0.03174648522355649    
  0.998505      0.0317481807118277    
  0.99851      0.031749876186853106    
  0.998515      0.031751571648596495    
  0.99852      0.03175326709711107    
  0.998525      0.03175496253237728    
  0.99853      0.03175665795437827    
  0.9985350000000001      0.031758353363234695    
  0.99854      0.03176004875877531    
  0.998545      0.03176174414107029    
  0.99855      0.03176343951015051    
  0.998555      0.03176513486595148    
  0.99856      0.03176683020853769    
  0.998565      0.03176852553787275    
  0.99857      0.031770220853964956    
  0.998575      0.03177191615677772    
  0.99858      0.031773611446437824    
  0.9985850000000001      0.03177530672275657    
  0.99859      0.031777001985821424    
  0.998595      0.031778697235677035    
  0.9986      0.03178039247235168    
  0.998605      0.031782087695674144    
  0.99861      0.03178378290582098    
  0.998615      0.03178547810268305    
  0.9986200000000001      0.031787173286349925    
  0.998625      0.0317888684567516    
  0.99863      0.03179056361385428    
  0.998635      0.031792258757776    
  0.99864      0.03179395388841828    
  0.998645      0.03179564900579262    
  0.99865      0.03179734410995495    
  0.998655      0.03179903920083784    
  0.99866      0.03180073427847235    
  0.998665      0.031802429342886775    
  0.9986700000000001      0.03180412439405814    
  0.998675      0.03180581943198113    
  0.99868      0.031807514456621916    
  0.998685      0.03180920946806493    
  0.99869      0.031810904466259574    
  0.998695      0.0318125994511214    
  0.9987      0.031814294422805034    
  0.9987050000000001      0.03181598938120371    
  0.99871      0.031817684326421444    
  0.998715      0.03181937925825869    
  0.99872      0.03182107417694583    
  0.998725      0.03182276908238461    
  0.99873      0.03182446397456075    
  0.998735      0.0318261588534885    
  0.99874      0.03182785371911726    
  0.998745      0.0318295485715285    
  0.99875      0.031831243410694106    
  0.9987550000000001      0.03183293823660858    
  0.99876      0.03183463304930828    
  0.998765      0.03183632784872855    
  0.99877      0.03183802263484706    
  0.998775      0.03183971740775357    
  0.99878      0.03184141216745679    
  0.998785      0.031843106913849534    
  0.9987900000000001      0.031844801646957514    
  0.998795      0.0318464963669154    
  0.9988      0.031848191073526426    
  0.998805      0.031849885766919925    
  0.99881      0.0318515804470678    
  0.998815      0.031853275113930726    
  0.99882      0.03185496976757614    
  0.998825      0.03185666440794229    
  0.99883      0.031858359035076694    
  0.998835      0.031860053648959955    
  0.9988400000000001      0.03186174824957783    
  0.998845      0.03186344283694733    
  0.99885      0.03186513741106843    
  0.998855      0.031866831971873545    
  0.99886      0.03186852651949494    
  0.998865      0.03187022105383139    
  0.99887      0.03187191557493902    
  0.998875      0.03187361008276171    
  0.99888      0.03187530457735281    
  0.998885      0.03187699905866174    
  0.9988900000000001      0.03187869352670252    
  0.998895      0.03188038798156234    
  0.9989      0.03188208242307255    
  0.998905      0.03188377685143266    
  0.99891      0.03188547126640953    
  0.998915      0.03188716566817163    
  0.99892      0.03188886005673028    
  0.9989250000000001      0.0318905544320433    
  0.99893      0.031892248794037556    
  0.998935      0.03189394314278343    
  0.99894      0.03189563747829498    
  0.998945      0.03189733180055795    
  0.99895      0.031899026109521916    
  0.998955      0.031900720405251555    
  0.99896      0.03190241468769625    
  0.998965      0.031904108956943    
  0.99897      0.031905803212873916    
  0.9989750000000001      0.03190749745555352    
  0.99898      0.03190919168498197    
  0.998985      0.03191088590116187    
  0.99899      0.03191258010402594    
  0.998995      0.03191427429368654    
  0.999      0.03191596847006772    
  0.999005      0.0319176626332118    
  0.9990100000000001      0.03191935678309327    
  0.999015      0.03192105091971807    
  0.99902      0.031922745043049205    
  0.999025      0.03192443915314325    
  0.99903      0.03192613324993829    
  0.999035      0.03192782733352987    
  0.99904      0.031929521403842004    
  0.999045      0.031931215460866434    
  0.99905      0.031932909504659296    
  0.999055      0.03193460353516978    
  0.9990600000000001      0.03193629755246017    
  0.999065      0.03193799155643457    
  0.99907      0.03193968554715782    
  0.999075      0.03194137952466613    
  0.99908      0.0319430734888531    
  0.999085      0.03194476743982531    
  0.99909      0.03194646137751258    
  0.9990950000000001      0.03194815530190065    
  0.9991      0.03194984921303483    
  0.999105      0.03195154311093467    
  0.99911      0.0319532369955549    
  0.999115      0.03195493086692123    
  0.99912      0.031956624725070035    
  0.999125      0.03195831856990008    
  0.99913      0.03196001240149855    
  0.999135      0.031961706219778285    
  0.99914      0.031963400024823674    
  0.9991450000000001      0.0319650938165503    
  0.99915      0.03196678759509323    
  0.999155      0.031968481360317394    
  0.99916      0.03197017511235766    
  0.999165      0.031971868851014676    
  0.99917      0.03197356257648505    
  0.999175      0.03197525628867322    
  0.99918      0.03197694998757093    
  0.999185      0.03197864367325921    
  0.99919      0.031980337345606596    
  0.999195      0.03198203100475327    
  0.9992      0.03198372465060076    
  0.999205      0.03198541828317753    
  0.99921      0.03198711190247193    
  0.999215      0.03198880550857986    
  0.99922      0.031990499101337985    
  0.999225      0.031992192680842205    
  0.9992300000000001      0.03199388624707829    
  0.999235      0.03199557980006305    
  0.99924      0.03199727333974605    
  0.999245      0.0319989668662141    
  0.99925      0.03200066037935805    
  0.999255      0.03200235387930407    
  0.99926      0.032004047365897514    
  0.999265      0.03200574083923983    
  0.99927      0.03200743429937866    
  0.999275      0.03200912774624661    
  0.9992800000000001      0.032010821179717076    
  0.999285      0.03201251460006555    
  0.99929      0.032014208007064414    
  0.999295      0.032015901400775565    
  0.9993      0.0320175947812522    
  0.999305      0.03201928814844389    
  0.99931      0.03202098150240106    
  0.9993150000000001      0.03202267484308752    
  0.99932      0.03202436817042141    
  0.999325      0.0320260614845546    
  0.99933      0.032027754785402845    
  0.999335      0.03202944807299699    
  0.99934      0.03203114134733982    
  0.999345      0.03203283460831346    
  0.99935      0.032034527856066634    
  0.999355      0.03203622109058548    
  0.99936      0.03203791431178557    
  0.9993650000000001      0.03203960751976538    
  0.99937      0.03204130071437582    
  0.999375      0.03204299389581659    
  0.99938      0.032044687063924375    
  0.999385      0.032046380218758684    
  0.99939      0.03204807336034424    
  0.999395      0.032049766488639525    
  0.9994000000000001      0.03205145960361862    
  0.999405      0.03205315270540848    
  0.99941      0.032054845793882354    
  0.999415      0.03205653886911895    
  0.99942      0.03205823193103403    
  0.999425      0.032059924979683734    
  0.99943      0.03206161801504297    
  0.999435      0.03206331103715088    
  0.99944      0.03206500404597108    
  0.999445      0.03206669704152572    
  0.9994500000000001      0.03206839002378988    
  0.999455      0.03207008299278592    
  0.99946      0.0320717759484632    
  0.999465      0.03207346889098488    
  0.99947      0.032075161820153984    
  0.999475      0.03207685473603814    
  0.99948      0.03207854763860079    
  0.9994850000000001      0.03208024052797678    
  0.99949      0.032081933404067633    
  0.999495      0.03208362626678655    
  0.9995      0.0320853191163188    
  0.999505      0.032087011952582914    
  0.99951      0.03208870477552552    
  0.999515      0.032090397585146604    
  0.99952      0.03209209038153317    
  0.999525      0.03209378316473309    
  0.99953      0.03209547593452725    
  0.9995350000000001      0.03209716869107009    
  0.99954      0.032098861434373085    
  0.999545      0.03210055416439094    
  0.99955      0.032102246881104086    
  0.999555      0.032103939584529534    
  0.99956      0.032105632274706225    
  0.999565      0.03210732495153926    
  0.99957      0.03210901761517415    
  0.999575      0.032110710265499026    
  0.99958      0.03211240290249089    
  0.9995850000000001      0.0321140955262793    
  0.99959      0.03211578813674619    
  0.999595      0.03211748073393943    
  0.9996      0.032119173317847534    
  0.999605      0.032120865888484736    
  0.99961      0.032122558445867866    
  0.999615      0.03212425098988161    
  0.9996200000000001      0.0321259435207087    
  0.999625      0.03212763603824258    
  0.99963      0.03212932854246026    
  0.999635      0.03213102103337343    
  0.99964      0.03213271351102976    
  0.999645      0.03213440597540095    
  0.99965      0.03213609842649849    
  0.999655      0.03213779086431366    
  0.99966      0.03213948328885241    
  0.999665      0.03214117570008922    
  0.9996700000000001      0.03214286809803556    
  0.999675      0.03214456048271357    
  0.99968      0.032146252854134756    
  0.999685      0.032147945212237176    
  0.99969      0.03214963755704914    
  0.999695      0.032151329888590006    
  0.9997      0.032153022206826185    
  0.9997050000000001      0.032154714511811025    
  0.99971      0.0321564068034716    
  0.999715      0.032158099081861284    
  0.99972      0.03215979134701093    
  0.999725      0.03216148359884439    
  0.99973      0.03216317583735101    
  0.999735      0.03216486806265398    
  0.99974      0.03216656027463543    
  0.999745      0.03216825247331219    
  0.99975      0.032169944658667425    
  0.9997550000000001      0.032171636830768575    
  0.99976      0.03217332898957908    
  0.999765      0.03217502113515231    
  0.99977      0.0321767132673704    
  0.999775      0.03217840538633422    
  0.99978      0.03218009749207501    
  0.999785      0.03218178958439305    
  0.9997900000000001      0.03218348166352444    
  0.999795      0.03218517372930049    
  0.9998      0.03218686578185077    
  0.999805      0.03218855782108485    
  0.99981      0.03219024984699191    
  0.999815      0.03219194185967869    
  0.99982      0.03219363385899315    
  0.999825      0.032195325845152    
  0.99983      0.0321970178178713    
  0.999835      0.032198709777370126    
  0.9998400000000001      0.03220040172363169    
  0.999845      0.032202093656535175    
  0.99985      0.03220378557616776    
  0.999855      0.03220547748244226    
  0.99986      0.03220716937556373    
  0.999865      0.03220886125525988    
  0.99987      0.032210553121732814    
  0.999875      0.032212244974920604    
  0.99988      0.0322139368148488    
  0.999885      0.03221562864137381    
  0.9998900000000001      0.03221732045470941    
  0.999895      0.03221901225470393    
  0.9999      0.032220704041376745    
  0.999905      0.032222395814862914    
  0.99991      0.03222408757497143    
  0.999915      0.03222577932182586    
  0.99992      0.032227471055375406    
  0.9999250000000001      0.032229162775598105    
  0.99993      0.03223085448260291    
  0.999935      0.03223254617624983    
  0.99994      0.03223423785664247    
  0.999945      0.03223592952369128    
  0.99995      0.03223762117745495    
  0.999955      0.03223931281804051    
  0.99996      0.032241004445208825    
  0.999965      0.032242696059131604    
  0.99997      0.032244387659701806    
  0.9999750000000001      0.0322460792469956    
  0.99998      0.03224777082108575    
  0.999985      0.03224946238181782    
  0.99999      0.03225115392921138    
  0.999995      0.03225284546331447    
  1.      0.03225453698419435   
